0 0.584315 0.0834181 0.150429 0.131085
0 0.394431 0.540981 0.0973146 0.0878332
0 0.819633 0.589643 0.360735 0.389884
0 0.053147 0.572517 0.0887536 0.0800938
0 0.195531 0.134055 0.0581703 0.0517404
0 0.476962 0.188342 0.0663159 0.0598887
0 0.328122 0.657361 0.0543973 0.0492027
0 0.0752801 0.470853 0.0612387 0.0535848
0 0.503299 0.841919 0.202802 0.193698
0 0.220674 0.64199 0.0408899 0.0360264
0 0.460317 0.23714 0.0454954 0.0414307
0 0.0341797 0.172499 0.0682633 0.0731664
0 0.887708 0.913132 0.0713927 0.0692244
0 0.455141 0.286132 0.0703625 0.0618863
0 0.133536 0.566214 0.053061 0.046328
0 0.628052 0.849509 0.0678821 0.0614985
0 0.416367 0.15025 0.0484282 0.0426037
0 0.343675 0.887912 0.0913092 0.0816566
0 0.396904 0.591518 0.0340937 0.0305116
0 0.521455 0.288473 0.0382107 0.0345907
0 0.628724 0.696571 0.0395692 0.0356615
0 0.46749 0.481059 0.0510471 0.0467456
0 0.314895 0.771691 0.0359283 0.0332561
0 0.222098 0.963561 0.0976923 0.0726335
0 0.264978 0.127973 0.0541186 0.049026
0 0.441551 0.40934 0.0428148 0.0399355
0 0.748753 0.01902 0.0274198 0.0249698
0 0.234865 0.725469 0.0378053 0.0350943
0 0.150523 0.674222 0.0459598 0.0401995
0 0.730022 0.916747 0.135835 0.121482
0 0.882558 0.084648 0.0266135 0.0246151
0 0.821709 0.123543 0.0334279 0.0299417
0 0.494573 0.367552 0.135791 0.126071
0 0.115009 0.77948 0.229937 0.319438
0 0.0630515 0.497658 0.0321588 0.0290187
0 0.193611 0.378342 0.0494492 0.0441037
0 0.73924 0.221269 0.0668659 0.0603709
0 0.309569 0.278426 0.0318249 0.0295115
0 0.633286 0.880959 0.0260733 0.023841
0 0.480231 0.434059 0.0513108 0.0479811
0 0.150663 0.12607 0.0386739 0.0350612
0 0.111379 0.268488 0.0363554 0.0318781
0 0.807055 0.932378 0.0242161 0.023565
0 0.204196 0.17723 0.0258279 0.0232903
0 0.382206 0.344003 0.0347274 0.0331568
0 0.499725 0.624826 0.0763973 0.0697894
0 0.195014 0.335095 0.0534383 0.0460654
0 0.304838 0.0836238 0.0245287 0.0229531
0 0.426444 0.199497 0.0437845 0.0396043
0 0.0679624 0.541581 0.0386303 0.033899
0 0.255484 0.408604 0.0277627 0.0253801
0 0.41157 0.355608 0.0279971 0.0257137
0 0.0220298 0.00718522 0.02713 0.0143544
0 0.39275 0.216586 0.0345169 0.0305957
0 0.212012 0.569176 0.0360027 0.0321422
0 0.925538 0.0792505 0.0254481 0.0234239
0 0.961861 0.121673 0.0291656 0.0270187
0 0.474687 0.723096 0.0375548 0.0335512
0 0.907345 0.113655 0.035586 0.0329028
0 0.829657 0.0936707 0.0348053 0.0312593
0 0.962138 0.142901 0.0371396 0.0346292
0 0.36262 0.315351 0.0343539 0.0329127
0 0.730283 0.988673 0.0295444 0.0224252
0 0.189991 0.771301 0.0618425 0.0547142
0 0.577934 0.854402 0.0247746 0.0225644
0 0.917126 0.00416589 0.0255893 0.00829132
0 0.808776 0.0534765 0.0376256 0.0333226
0 0.340069 0.356548 0.0452601 0.041198
0 0.233744 0.0374025 0.0248517 0.0228405
0 0.35056 0.0839068 0.0276613 0.0249856
0 0.16112 0.358649 0.0300303 0.0266699
0 0.199139 0.235278 0.0262642 0.0241983
0 0.0194301 0.53629 0.0388603 0.0487153
0 0.435469 0.737538 0.0457952 0.0406502
0 0.0711363 0.0123213 0.0294865 0.0245757
0 0.129542 0.228442 0.0440501 0.0384208
0 0.757265 0.141258 0.0307744 0.0257897
0 0.280621 0.0195063 0.031496 0.0274082
0 0.423541 0.173772 0.0349182 0.0325084
0 0.290754 0.573974 0.199547 0.176693
0 0.222902 0.0953292 0.0389914 0.0353184
0 0.0162704 0.0202449 0.0271275 0.0242733
0 0.184425 0.0853942 0.0418462 0.0369393
0 0.446656 0.645081 0.0359352 0.0322831
0 0.391502 0.725831 0.0282297 0.0267017
0 0.396514 0.0461115 0.0412812 0.0357426
0 0.85542 0.969122 0.0307297 0.0295849
0 0.742369 0.0927233 0.049161 0.0434694
0 0.877786 0.832172 0.0628562 0.0581991
0 0.105013 0.011483 0.034226 0.0228665
0 0.773304 0.173705 0.0839479 0.0743025
0 0.450418 0.0672996 0.0746688 0.0652402
0 0.576754 0.78452 0.0370755 0.0329368
0 0.0138865 0.703272 0.0255595 0.0236185
0 0.0682178 0.0724896 0.0526759 0.0481214
0 0.296259 0.0497273 0.0240144 0.0217994
