0 0.353411 0.210741 0.152494 0.117315
0 0.401848 0.758714 0.13802 0.10481
0 0.586511 0.588669 0.185357 0.143132
0 0.489097 0.373381 0.228835 0.176793
0 0.922205 0.686495 0.120606 0.0929463
0 0.295373 0.358246 0.180547 0.132371
0 0.615286 0.922664 0.289114 0.154673
0 0.741039 0.259437 0.102611 0.0773046
0 0.670236 0.658396 0.193816 0.152727
0 0.64284 0.76813 0.0711754 0.0561063
0 0.773414 0.913182 0.0744133 0.0567352
0 0.643835 0.390955 0.0941915 0.0717245
0 0.101735 0.410709 0.0703873 0.0544073
0 0.0559782 0.560166 0.111956 0.0995286
0 0.29386 0.610514 0.0922649 0.0711583
0 0.79786 0.69687 0.0709978 0.0541306
0 0.977147 0.0487035 0.0455516 0.042486
0 0.168142 0.536008 0.086175 0.0676653
0 0.926981 0.484029 0.0728744 0.0570485
0 0.0481454 0.250988 0.0962907 0.100883
0 0.413266 0.705033 0.042946 0.0340219
0 0.513825 0.498376 0.185015 0.148352
0 0.201002 0.884183 0.0508039 0.0386723
0 0.624014 0.348521 0.0442178 0.0345124
0 0.96285 0.195685 0.0485761 0.0363193
0 0.084453 0.64296 0.0733848 0.0536799
0 0.854525 0.500664 0.0676643 0.053314
0 0.908211 0.434653 0.0574856 0.0432907
0 0.664473 0.835276 0.0451388 0.0353599
0 0.234773 0.249876 0.0944796 0.0693702
0 0.267637 0.160303 0.0759115 0.0565699
0 0.151894 0.744647 0.303063 0.290081
0 0.935091 0.0199999 0.0553078 0.03986
0 0.840615 0.0907526 0.138921 0.102124
0 0.795518 0.0154948 0.099909 0.0309459
0 0.671547 0.484403 0.162712 0.124294
0 0.400438 0.109623 0.0315101 0.0236159
0 0.77859 0.514849 0.0776475 0.060189
0 0.0350796 0.326095 0.0701592 0.0990971
0 0.881491 0.578009 0.184761 0.13888
0 0.659491 0.112772 0.0305737 0.0235746
0 0.238735 0.948315 0.0358931 0.0276453
0 0.457156 0.825193 0.0531422 0.0400406
0 0.980994 0.516059 0.0337346 0.0263145
0 0.421507 0.615826 0.358682 0.270442
0 0.971465 0.479175 0.0561965 0.0440983
0 0.542278 0.7019 0.0940682 0.0734928
0 0.24222 0.565862 0.0370849 0.0285592
0 0.262082 0.47519 0.0900645 0.0680042
0 0.499888 0.860107 0.0580404 0.0438752
0 0.161135 0.385254 0.0741435 0.0562975
0 0.362121 0.932133 0.0415184 0.0304565
0 0.68635 0.222064 0.0368752 0.0277516
0 0.382142 0.954536 0.0320899 0.023855
0 0.114576 0.819233 0.0304253 0.0231303
0 0.214967 0.839265 0.027999 0.022109
0 0.125822 0.360751 0.0648601 0.0506668
0 0.742088 0.743896 0.0388672 0.0300086
0 0.276072 0.658013 0.0288439 0.022805
0 0.177598 0.460988 0.0549532 0.0429912
0 0.145306 0.617643 0.0608942 0.0484729
0 0.921968 0.568069 0.0285378 0.0233352
0 0.29445 0.831218 0.0489123 0.037147
0 0.709595 0.14685 0.0271118 0.0213232
0 0.997249 0.372119 0.00550184 0.0326198
0 0.53898 0.824791 0.0316876 0.0244668
0 0.945896 0.430531 0.0271244 0.0217065
0 0.95361 0.111502 0.0917786 0.0937098
0 0.938451 0.876852 0.121382 0.119424
0 0.754081 0.470234 0.0580346 0.0460011
0 0.877102 0.838072 0.0272956 0.0211484
0 0.808603 0.51373 0.0304189 0.0246484
0 0.134466 0.122934 0.0720815 0.0549839
0 0.308959 0.956896 0.0996394 0.0811658
0 0.51959 0.829038 0.032097 0.0246857
0 0.23434 0.447688 0.0259676 0.0210327
0 0.380474 0.0446217 0.0514938 0.0378455
0 0.859303 0.554601 0.0276629 0.0223297
