0 0.369335 0.337268 0.0845327 0.0784745
0 0.941339 0.843208 0.0814942 0.0791782
0 0.834505 0.800641 0.0742109 0.071779
0 0.574783 0.696142 0.0504659 0.0476779
0 0.203786 0.548043 0.0497053 0.0479051
0 0.904811 0.66051 0.0451698 0.0434934
0 0.440292 0.781058 0.0467756 0.0440233
0 0.477433 0.0220926 0.0414232 0.0401036
0 0.360245 0.426494 0.0461564 0.0434591
0 0.722014 0.01951 0.0377649 0.0367288
0 0.562806 0.801748 0.0378819 0.0361117
0 0.439194 0.836284 0.0329243 0.0310491
0 0.161971 0.00894368 0.0318145 0.0178874
0 0.816097 0.1103 0.0302305 0.0298493
0 0.0687432 0.984987 0.0367343 0.0300251
0 0.882683 0.835295 0.034764 0.0338378
0 0.959456 0.386848 0.0366364 0.0355765
0 0.37084 0.273128 0.0286877 0.0271528
0 0.531969 0.647754 0.0309272 0.0293884
0 0.852191 0.0547521 0.0323897 0.0311873
0 0.688908 0.281087 0.0270912 0.0263731
0 0.70283 0.893903 0.0413606 0.0397108
0 0.482728 0.758634 0.030172 0.0283646
0 0.6379 0.0270352 0.0277093 0.0269104
0 0.866173 0.887215 0.0255487 0.0248551
0 0.498903 0.878625 0.0288717 0.027549
0 0.855976 0.314182 0.0327629 0.031458
0 0.123054 0.849914 0.0280105 0.0270071
0 0.887211 0.947763 0.0290533 0.0279336
0 0.533192 0.389947 0.0259142 0.0249497
0 0.907495 0.55381 0.0336548 0.031493
0 0.867061 0.404872 0.0333641 0.0322438
0 0.821762 0.218581 0.029644 0.0290868
0 0.536771 0.7557 0.0250863 0.0241302
0 0.892048 0.860244 0.0277827 0.0265319
0 0.75385 0.629879 0.0376931 0.0359114
0 0.893431 0.698039 0.035342 0.0344681
0 0.924219 0.0998993 0.0281678 0.0273055
0 0.887158 0.428731 0.0260217 0.0252768
0 0.0835658 0.149937 0.0256262 0.0245416
0 0.638639 0.300518 0.025884 0.0248985
0 0.903552 0.162705 0.0315647 0.0307761
0 0.57537 0.891064 0.0504847 0.0491058
0 0.973649 0.147378 0.0268271 0.0259114
0 0.85154 0.336755 0.0303137 0.0295706
0 0.670841 0.698293 0.0465739 0.0454047
0 0.662932 0.223441 0.0253885 0.0244025
0 0.79076 0.706422 0.0283378 0.0274125
0 0.582448 0.586712 0.0405617 0.0388587
0 0.966658 0.251975 0.0236542 0.0231382
0 0.90152 0.296491 0.0252905 0.0248239
0 0.540394 0.236652 0.0241335 0.0233645
0 0.702461 0.580724 0.0374146 0.0354855
0 0.619997 0.00369609 0.0276526 0.00737679
0 0.784654 0.951268 0.0423076 0.0415927
0 0.664838 0.815732 0.0484886 0.0475682
0 0.496855 0.553348 0.0432838 0.0410115
0 0.596842 0.45383 0.200814 0.184979
0 0.850586 0.710734 0.0251892 0.0244491
0 0.698524 0.409669 0.0269313 0.0256966
0 0.931834 0.476962 0.122818 0.117345
0 0.502111 0.700161 0.0235896 0.0226028
0 0.588706 0.964804 0.0230198 0.0226831
0 0.862877 0.152366 0.0233898 0.0226591
0 0.555568 0.930657 0.0241117 0.0234823
0 0.754535 0.930212 0.0332556 0.0324907
0 0.61916 0.478098 0.0227498 0.0227313
0 0.652662 0.727505 0.0433724 0.0421128
0 0.479254 0.459556 0.0233107 0.022983
0 0.624544 0.683128 0.0482121 0.0453548
0 0.843841 0.622847 0.0253763 0.0242836
0 0.127328 0.994428 0.0249616 0.0111448
0 0.933226 0.173526 0.0241589 0.0235205
0 0.852734 0.0987832 0.0223846 0.0216385
0 0.671462 0.518402 0.051656 0.0486911
0 0.41925 0.48344 0.0228048 0.0222151
0 0.518313 0.589255 0.0430822 0.0404229
0 0.89101 0.544558 0.0276139 0.0263308
