0 0.564458 0.106749 0.0641679 0.0636019
0 0.0446063 0.371999 0.0414319 0.0402281
0 0.840031 0.88795 0.0399181 0.0386603
0 0.2251 0.222595 0.0277079 0.0269204
0 0.555596 0.677753 0.0269008 0.026175
0 0.757093 0.654641 0.0312715 0.0305882
0 0.972947 0.726766 0.0251822 0.0245423
0 0.948103 0.113194 0.10367 0.226388
0 0.0142451 0.792653 0.0282378 0.0291042
0 0.185439 0.267195 0.0251274 0.0242157
0 0.561602 0.244623 0.155008 0.146494
0 0.396464 0.617026 0.0242193 0.0237603
0 0.196479 0.478581 0.0239616 0.0234543
0 0.615181 0.310959 0.0236012 0.0232243
0 0.845226 0.566497 0.0233932 0.0228679
0 0.686372 0.679789 0.0244055 0.0242043
0 0.833104 0.634131 0.0233559 0.0224579
0 0.0896569 0.243842 0.0231225 0.0229024
0 0.0824821 0.421345 0.0618388 0.0602425
0 0.295254 0.394841 0.0257647 0.0253412
0 0.907012 0.341779 0.0679054 0.0670134
0 0.28689 0.303413 0.0225496 0.0220454
0 0.619717 0.343075 0.0252094 0.0246224
0 0.328918 0.509059 0.0220822 0.0218792
0 0.39864 0.889435 0.441808 0.220833
