0 0.810606 0.672373 0.0713658 0.0692689
0 0.58012 0.273941 0.0283491 0.0273511
0 0.389204 0.189914 0.0257924 0.0250037
0 0.795919 0.289443 0.0260213 0.0250023
0 0.619721 0.686686 0.0249131 0.0237169
0 0.365847 0.375855 0.0241949 0.0235166
0 0.341938 0.607184 0.0245753 0.0236516
0 0.543593 0.172155 0.0243933 0.0236186
0 0.364283 0.590385 0.0241182 0.0234244
0 0.509281 0.220395 0.0224691 0.0222273
0 0.219498 0.0906411 0.0374726 0.0371101
0 0.320436 0.688414 0.0229082 0.022268
0 0.38441 0.575273 0.0250274 0.0240023
