0 0.43818 0.625664 0.115934 0.0959159
0 0.66918 0.643481 0.0804305 0.0668018
0 0.436113 0.0915705 0.0897397 0.0743258
0 0.0232202 0.432368 0.0464405 0.0403645
0 0.39495 0.0419887 0.0716888 0.057289
0 0.503798 0.222387 0.0493234 0.0408136
0 0.146882 0.0454839 0.0485176 0.039519
0 0.440079 0.0176857 0.056489 0.035271
0 0.257698 0.305543 0.0510227 0.0418468
0 0.977392 0.0282185 0.0387667 0.036412
0 0.297216 0.288885 0.0475706 0.0395525
0 0.529528 0.723875 0.0345752 0.0282841
0 0.572158 0.765644 0.0364854 0.0292948
0 0.85838 0.75382 0.0375874 0.0299613
0 0.986375 0.597274 0.0271485 0.030985
0 0.705403 0.889223 0.0426867 0.033827
0 0.0684321 0.779617 0.0271439 0.0242404
0 0.503727 0.156692 0.031327 0.0261108
0 0.663078 0.251181 0.0371675 0.0300646
0 0.129643 0.305488 0.0423697 0.0353649
0 0.014703 0.540825 0.0294061 0.0292434
0 0.0990749 0.430953 0.0311499 0.0261184
0 0.186785 0.193821 0.0386165 0.0301002
0 0.84729 0.0681181 0.126461 0.114976
0 0.666696 0.122434 0.0318134 0.027301
0 0.56748 0.225462 0.0300974 0.0250692
0 0.32253 0.178106 0.110814 0.0914321
0 0.659757 0.560219 0.0269983 0.0231878
0 0.080172 0.54759 0.0292833 0.0251062
0 0.475513 0.563481 0.0352223 0.0290373
0 0.0564313 0.296455 0.0344623 0.0289701
0 0.280615 0.190383 0.0288369 0.0240057
0 0.0107831 0.46702 0.0215316 0.0313142
0 0.879573 0.667971 0.0376711 0.0308421
0 0.844598 0.88845 0.0295079 0.0234469
0 0.809862 0.611244 0.0276719 0.023599
0 0.53528 0.165794 0.0268991 0.0228416
0 0.883501 0.844244 0.0318161 0.0261753
0 0.503 0.0196972 0.0871279 0.0393943
0 0.240213 0.567746 0.0417224 0.0372332
0 0.977542 0.548991 0.027319 0.0234147
0 0.920511 0.960115 0.0288595 0.0243364
0 0.939013 0.976672 0.0261333 0.0226831
0 0.949047 0.892463 0.0264761 0.0217822
0 0.31409 0.829934 0.0244911 0.0225719
0 0.225071 0.265153 0.0297614 0.0260978
