0 0.159734 0.501895 0.237069 0.188374
0 0.815126 0.95633 0.0639563 0.0488875
0 0.269762 0.317193 0.0507656 0.0385196
0 0.609363 0.824247 0.078716 0.0609455
0 0.672144 0.577303 0.233784 0.184396
0 0.458725 0.0412137 0.21769 0.0823473
0 0.0903871 0.922328 0.180774 0.154538
0 0.874116 0.457633 0.251768 0.385317
0 0.358007 0.96554 0.0369242 0.0278768
0 0.476456 0.115926 0.065715 0.0490277
0 0.152811 0.689509 0.0430455 0.0328488
0 0.16331 0.374782 0.0463086 0.0366882
0 0.915731 0.918655 0.167749 0.149721
0 0.101385 0.859621 0.0982663 0.0753872
0 0.841439 0.822167 0.0345898 0.0260772
0 0.761307 0.836999 0.163362 0.124049
0 0.866598 0.75851 0.0327307 0.0254531
0 0.112893 0.609747 0.0984376 0.0754303
0 0.637906 0.991883 0.0386941 0.0162339
0 0.23468 0.725421 0.033722 0.0254444
0 0.425405 0.0914655 0.0576195 0.0437776
0 0.408683 0.220271 0.0620986 0.0471569
0 0.679208 0.421803 0.0291955 0.0229902
0 0.69307 0.757169 0.0301318 0.0231725
0 0.457357 0.882966 0.162292 0.120604
0 0.224412 0.00559782 0.0368609 0.0111956
0 0.904977 0.963519 0.189114 0.0729627
0 0.621676 0.221057 0.0339866 0.026081
0 0.801965 0.22264 0.0347161 0.0263513
0 0.361403 0.874541 0.0320051 0.0250683
0 0.530003 0.607615 0.0328131 0.025469
0 0.521268 0.465431 0.0567961 0.044531
0 0.377359 0.709981 0.0335572 0.0257578
0 0.383859 0.644498 0.456102 0.317128
0 0.391868 0.171039 0.0340765 0.0257613
0 0.594391 0.184799 0.0485551 0.0359726
0 0.338135 0.21771 0.0317478 0.0242691
0 0.503609 0.447153 0.0391004 0.030443
0 0.24747 0.836678 0.0433314 0.0319355
0 0.755227 0.761078 0.029639 0.0223496
0 0.66034 0.799155 0.0336642 0.026209
0 0.58875 0.18884 0.0338585 0.0250134
0 0.406047 0.669885 0.0271158 0.0212665
0 0.40276 0.291968 0.0293226 0.0223404
