0 0.257431 0.409768 0.0678386 0.0667307
0 0.0514692 0.206237 0.0586913 0.0567023
0 0.0827257 0.789285 0.0498387 0.0475903
0 0.337324 0.664401 0.0440179 0.0427403
0 0.780978 0.349687 0.0420587 0.041116
0 0.339366 0.409276 0.0413879 0.0402974
0 0.167616 0.554008 0.0315371 0.0308206
0 0.0317934 0.83022 0.0286165 0.0278361
0 0.926492 0.00919928 0.0291117 0.0183986
0 0.0468306 0.596137 0.0365557 0.0356181
0 0.310638 0.390218 0.0322647 0.031418
0 0.0815099 0.407529 0.0272241 0.0265808
0 0.359947 0.0738862 0.0307096 0.0294791
0 0.368684 0.62377 0.0288261 0.0279257
0 0.350706 0.170794 0.0260543 0.025672
0 0.410127 0.840462 0.0262314 0.0255106
0 0.778172 0.0420349 0.0280722 0.0271823
0 0.101019 0.862987 0.0243788 0.0236425
0 0.398045 0.0213923 0.0243219 0.0237702
0 0.285293 0.164466 0.0421406 0.0410213
0 0.426767 0.135361 0.0315971 0.0303073
0 0.178485 0.146427 0.0273334 0.0269524
0 0.363258 0.548892 0.034695 0.0347976
0 0.36916 0.977459 0.101194 0.0447769
0 0.3994 0.525965 0.0326591 0.0312675
0 0.596619 0.0880974 0.0246208 0.0238805
0 0.0194282 0.269951 0.028309 0.027657
0 0.704052 0.804533 0.0236753 0.0231716
0 0.752763 0.0433871 0.0247093 0.0240059
0 0.691661 0.954467 0.0233827 0.0224209
0 0.787852 0.976848 0.0267128 0.025668
0 0.301745 0.984256 0.0250343 0.0244246
0 0.182157 0.726881 0.0231485 0.0225193
0 0.116786 0.574527 0.0230597 0.0222941
0 0.197255 0.639649 0.0231924 0.0226777
0 0.304933 0.85626 0.0234642 0.0226972
0 0.995222 0.434367 0.00955572 0.022778
0 0.0270316 0.314209 0.0244713 0.0240636
0 0.497137 0.711469 0.0250276 0.0243208
0 0.351581 0.577995 0.0289278 0.0282599
0 0.785959 0.954339 0.0249362 0.0243972
0 0.0536388 0.631034 0.0216186 0.021055
0 0.376585 0.517678 0.024382 0.0246022
