0 0.746852 0.28647 0.267709 0.223483
0 0.451275 0.629382 0.102333 0.0813558
0 0.502005 0.718718 0.149277 0.12122
0 0.189418 0.127908 0.0586406 0.047291
0 0.0210191 0.237975 0.0416 0.0344692
0 0.867925 0.642252 0.0479653 0.0402535
0 0.712954 0.351507 0.0383212 0.0334211
0 0.258973 0.447633 0.0365255 0.0295187
0 0.174756 0.448596 0.0394241 0.0307006
0 0.624031 0.381981 0.0376851 0.0327972
0 0.451021 0.76215 0.0700233 0.0565386
0 0.584788 0.364711 0.0362621 0.0308298
0 0.122886 0.0839089 0.0336944 0.0270972
0 0.262421 0.96818 0.0773382 0.0617314
0 0.719431 0.010592 0.0365272 0.0211814
0 0.686577 0.80242 0.0425135 0.0338996
0 0.00894123 0.316239 0.0178825 0.0254381
0 0.960552 0.831185 0.0579063 0.0472212
0 0.3803 0.585022 0.0343223 0.027495
0 0.149972 0.207659 0.0382794 0.0308349
0 0.941485 0.982931 0.113012 0.0341372
0 0.997154 0.14386 0.00569258 0.0302445
0 0.737236 0.789082 0.0322189 0.0271552
0 0.10463 0.296288 0.0567678 0.0473622
0 0.158362 0.337548 0.0585791 0.0455886
0 0.238763 0.0977812 0.0766665 0.0619567
