0 0.203524 0.602194 0.100145 0.0971696
0 0.0842531 0.16216 0.0630385 0.0617561
0 0.372314 0.799653 0.0473602 0.0468877
0 0.176185 0.755604 0.15597 0.148805
0 0.944005 0.379727 0.0300369 0.029571
0 0.684312 0.215491 0.0303669 0.0299418
0 0.142198 0.714173 0.0300689 0.0288326
0 0.0254705 0.175841 0.0509411 0.183597
0 0.675262 0.718688 0.0259895 0.0258906
0 0.209917 0.917486 0.0257465 0.0248837
0 0.0494276 0.52762 0.0391637 0.0376468
0 0.414412 0.695674 0.0274557 0.0265484
0 0.902003 0.195083 0.195994 0.390165
0 0.109852 0.887092 0.0773998 0.0741303
0 0.170007 0.782273 0.0241201 0.0240018
0 0.473697 0.462028 0.0293586 0.0282265
0 0.423241 0.0487545 0.0575557 0.0571954
0 0.0740654 0.789813 0.137619 0.135501
0 0.254408 0.0284204 0.0646614 0.0568408
0 0.0711979 0.452628 0.0243565 0.0234183
0 0.168778 0.751893 0.0238916 0.0233293
0 0.105942 0.42378 0.0279157 0.0262259
0 0.129599 0.129058 0.0251753 0.0254078
0 0.488321 0.774763 0.0277828 0.027282
0 0.553395 0.652819 0.024595 0.0241276
0 0.471776 0.0226167 0.0619318 0.0452105
0 0.429549 0.574194 0.0659838 0.0625043
0 0.432065 0.727596 0.0243259 0.0235812
0 0.291788 0.867303 0.0680873 0.0673758
0 0.545715 0.0401931 0.0231249 0.0225005
0 0.577106 0.992687 0.0239543 0.0146251
