0 0.61092 0.386337 0.110484 0.0812718
0 0.208873 0.305927 0.0541276 0.0410336
0 0.374133 0.364449 0.0441325 0.034094
0 0.631178 0.127464 0.0416043 0.0322046
0 0.0305371 0.713478 0.0610359 0.14329
0 0.920141 0.246711 0.0380864 0.0295335
0 0.680699 0.306606 0.0391256 0.0288329
0 0.859005 0.177011 0.0355949 0.0266566
0 0.748536 0.490714 0.0359106 0.0271583
0 0.578961 0.416471 0.054965 0.0423205
0 0.477717 0.936553 0.0341715 0.0258856
0 0.381628 0.285268 0.0347096 0.0270658
0 0.439659 0.374539 0.0359517 0.0266738
0 0.909248 0.501619 0.0385531 0.0292778
0 0.54864 0.918719 0.0344102 0.0251291
0 0.662836 0.11313 0.0313308 0.0241432
0 0.510459 0.911122 0.0302242 0.0233614
0 0.511603 0.940764 0.0300372 0.0222175
0 0.00586417 0.0475679 0.0117283 0.0374094
0 0.992115 0.699292 0.0157705 0.0385957
0 0.511243 0.330842 0.0287255 0.0224556
0 0.685201 0.177022 0.0296102 0.0232737
0 0.0578494 0.109977 0.0320901 0.025694
0 0.935728 0.986099 0.0301291 0.0253071
0 0.34939 0.574265 0.0311573 0.0239544
0 0.449666 0.0277633 0.232082 0.0554218
0 0.444362 0.155427 0.0279825 0.0217299
0 0.69649 0.537024 0.0296855 0.0228675
0 0.228521 0.743218 0.294559 0.210508
0 0.465908 0.473392 0.0341616 0.0257368
0 0.462489 0.397772 0.0322056 0.0243052
0 0.596969 0.726783 0.0280828 0.021322
0 0.764191 0.589577 0.471618 0.491941
