0 0.111224 0.171561 0.0748185 0.0596549
0 0.964134 0.568963 0.0506268 0.0383471
0 0.581659 0.939834 0.136004 0.112
0 0.036554 0.541858 0.0572584 0.0431514
0 0.347167 0.868602 0.0415666 0.0327823
0 0.240605 0.625817 0.0561623 0.0434113
0 0.130788 0.639286 0.086383 0.0673874
0 0.956224 0.798686 0.0440448 0.0340586
0 0.863032 0.488501 0.036554 0.0291658
0 0.942867 0.050265 0.112468 0.0936802
0 0.312355 0.816634 0.065048 0.0530516
0 0.30512 0.437746 0.0360228 0.0281139
0 0.0556711 0.893927 0.0382927 0.0295719
0 0.687779 0.950902 0.0367887 0.0302305
0 0.301162 0.89062 0.0549592 0.044888
0 0.703438 0.732344 0.0384266 0.0302012
0 0.365116 0.990448 0.0392164 0.0191032
0 0.0708255 0.864969 0.0330032 0.0265563
0 0.531239 0.988672 0.034022 0.0226555
0 0.644416 0.681578 0.0316994 0.0247223
0 0.181023 0.615477 0.0605291 0.0491378
0 0.499324 0.778882 0.0426035 0.0340073
0 0.489562 0.912966 0.0688481 0.0555011
0 0.989544 0.853431 0.0209123 0.0232703
0 0.213557 0.0667942 0.026099 0.0215662
0 0.897072 0.946149 0.0298443 0.0233604
0 0.888441 0.0146094 0.0750917 0.0292187
0 0.577417 0.772748 0.0554502 0.0438709
0 0.366233 0.733049 0.0382006 0.0309768
0 0.444974 0.450562 0.0279029 0.0224958
0 0.457036 0.956267 0.0502808 0.0406472
0 0.818467 0.25052 0.211184 0.16145
0 0.90109 0.862032 0.0904575 0.070873
0 0.118842 0.476071 0.0600318 0.0451859
0 0.702988 0.979739 0.030367 0.0245523
0 0.525249 0.340854 0.0275261 0.0218594
0 0.716305 0.0273287 0.048943 0.0403255
0 0.0993347 0.531786 0.0592961 0.0468171
0 0.484343 0.505899 0.0264071 0.0215249
0 0.457539 0.101991 0.194255 0.158276
0 0.730676 0.993549 0.044101 0.0129019
0 0.913511 0.19318 0.0273108 0.0223551
