0 0.493436 0.629149 0.0447126 0.0409053
0 0.274958 0.243529 0.0310719 0.0286662
0 0.945652 0.394877 0.0365608 0.0330275
0 0.358013 0.868327 0.0669617 0.0637109
0 0.683413 0.246714 0.062079 0.0549632
0 0.379686 0.73481 0.239924 0.219704
0 0.546435 0.751152 0.0465813 0.0429177
0 0.637414 0.202734 0.0512865 0.0457605
0 0.728219 0.28068 0.0586514 0.0545628
0 0.376369 0.451125 0.0613472 0.0561053
0 0.928588 0.817991 0.0799144 0.0701227
0 0.303227 0.964366 0.0873554 0.0712215
0 0.435034 0.817629 0.0559224 0.053301
0 0.417643 0.473227 0.0424555 0.037832
0 0.725037 0.913367 0.100829 0.0882736
0 0.774763 0.894427 0.0298354 0.0269457
0 0.634398 0.544936 0.0766416 0.0699442
0 0.758448 0.49897 0.0920036 0.0818599
0 0.45063 0.71964 0.107842 0.0974859
0 0.357679 0.744751 0.202585 0.187352
0 0.951131 0.285859 0.0935033 0.0844823
0 0.18846 0.967464 0.0937729 0.0648223
0 0.920296 0.0229438 0.0674827 0.0458876
0 0.466532 0.553413 0.0277153 0.0248882
0 0.0892816 0.505643 0.0241374 0.0229752
0 0.82539 0.232914 0.0272213 0.0249825
0 0.371829 0.976766 0.0757895 0.046468
0 0.747705 0.804375 0.130875 0.113673
0 0.0494092 0.497968 0.0240027 0.0227617
0 0.828934 0.765589 0.06598 0.0591383
0 0.558692 0.0432301 0.105766 0.0864603
0 0.675859 0.838449 0.0446501 0.0403934
0 0.156034 0.0359791 0.0880114 0.071804
