0 0.258512 0.56672 0.0603441 0.0488455
0 0.959776 0.0339086 0.0804473 0.0676402
0 0.0777565 0.965565 0.0915938 0.0678003
0 0.500601 0.357244 0.0578467 0.0449247
0 0.547261 0.462305 0.0650109 0.0520393
0 0.76135 0.430999 0.0644832 0.0525341
0 0.0293109 0.718785 0.0577889 0.0451396
0 0.334689 0.778667 0.0580771 0.0449741
0 0.221993 0.608993 0.057022 0.0451684
0 0.509049 0.503528 0.0743015 0.0575449
0 0.302713 0.621044 0.0539139 0.0425018
0 0.94347 0.083742 0.040385 0.0310989
0 0.753227 0.373931 0.0716615 0.0577623
0 0.831467 0.788149 0.0595655 0.0470791
0 0.409483 0.318674 0.0444008 0.0343153
0 0.551133 0.974219 0.0327752 0.0256837
0 0.610843 0.453099 0.0385497 0.0306571
0 0.629733 0.498985 0.0424538 0.0341454
0 0.312522 0.84614 0.0364368 0.027202
0 0.760788 0.310551 0.0453405 0.0359446
0 0.820036 0.446635 0.042238 0.0341512
0 0.468921 0.682173 0.031701 0.0254045
0 0.34763 0.292044 0.0305161 0.0237104
0 0.687986 0.330147 0.032813 0.0258657
0 0.637319 0.992482 0.0433074 0.0150357
0 0.250793 0.499481 0.0299004 0.0239335
0 0.339238 0.954285 0.0331388 0.0255521
0 0.0670107 0.619411 0.0315848 0.0237741
0 0.299587 0.419208 0.0332469 0.0255579
0 0.0659333 0.465793 0.0348478 0.0274615
0 0.376885 0.721986 0.036762 0.0291243
0 0.612816 0.0113798 0.0843133 0.0227595
0 0.432153 0.143838 0.0302221 0.0238195
0 0.326293 0.150367 0.0299629 0.023057
0 0.831709 0.626463 0.0391221 0.0322256
0 0.90628 0.596952 0.0360374 0.0288765
0 0.27476 0.22958 0.0333464 0.0262806
0 0.951396 0.232186 0.0388454 0.0282498
0 0.559702 0.197423 0.0322387 0.0250009
0 0.307048 0.249343 0.0286871 0.0226894
0 0.154582 0.420842 0.0299842 0.0235708
0 0.285277 0.800986 0.0302339 0.0239215
0 0.608069 0.951756 0.0277731 0.0220103
0 0.961196 0.509438 0.077608 0.0782293
0 0.61578 0.179826 0.0285766 0.0224125
0 0.250773 0.85599 0.0284033 0.0227806
0 0.601047 0.423849 0.0313933 0.0248266
0 0.576034 0.0482622 0.0341206 0.025934
0 0.708869 0.639465 0.0325525 0.0270354
0 0.757789 0.994145 0.0281312 0.0117109
0 0.28048 0.716215 0.0302637 0.0245138
0 0.453314 0.610955 0.0332981 0.0272649
0 0.756846 0.284883 0.0315656 0.0248905
0 0.246305 0.689662 0.0318776 0.0260589
0 0.78178 0.245871 0.0295169 0.0225877
0 0.0843803 0.685609 0.0270559 0.0214391
0 0.267675 0.951806 0.0296807 0.0233345
0 0.539518 0.355201 0.038778 0.0300586
0 0.894781 0.544203 0.0268445 0.0221737
0 0.0383985 0.896993 0.0295516 0.023716
