0 0.776764 0.750858 0.0917012 0.0858068
0 0.670831 0.981263 0.0512133 0.0374441
0 0.597492 0.730525 0.0482286 0.0454399
0 0.607971 0.650927 0.0368417 0.0356734
0 0.0522061 0.432435 0.0507161 0.0471071
0 0.485124 0.921005 0.0543659 0.0507562
0 0.734827 0.3103 0.0323491 0.0308387
0 0.640387 0.3898 0.0269287 0.0252287
0 0.103422 0.66081 0.0453773 0.0426426
0 0.665208 0.544173 0.0256752 0.0247357
0 0.866017 0.336133 0.0306084 0.0298427
0 0.252162 0.859288 0.0375954 0.036236
0 0.119294 0.754845 0.0241703 0.0229996
0 0.021441 0.362902 0.042882 0.050785
0 0.375507 0.991707 0.0393573 0.0165861
0 0.0238577 0.582121 0.0476253 0.0634043
0 0.00699123 0.716259 0.0139825 0.0261793
0 0.285794 0.985928 0.0256803 0.0242633
0 0.670994 0.684346 0.0233009 0.0225525
0 0.392354 0.824425 0.0304127 0.0283241
0 0.560017 0.831818 0.023973 0.022691
0 0.50978 0.657096 0.0288935 0.0272699
0 0.0346445 0.492683 0.0439585 0.040426
0 0.828267 0.69058 0.0238605 0.0226155
0 0.348251 0.876025 0.0394201 0.0376547
0 0.0830856 0.576591 0.02397 0.0230725
0 0.690731 0.824179 0.0326598 0.0309898
0 0.73405 0.817052 0.0383574 0.0358715
0 0.481332 0.666546 0.0386889 0.0365504
0 0.823625 0.48131 0.0225763 0.0221604
