0 0.875328 0.0365025 0.0689177 0.0643952
0 0.766363 0.623366 0.0701299 0.0656054
0 0.8877 0.496647 0.0560298 0.0533005
0 0.230031 0.941014 0.235639 0.11765
0 0.0308777 0.656887 0.0597714 0.0550353
0 0.0199215 0.878092 0.0391329 0.0347811
0 0.970311 0.542049 0.0302479 0.0285938
0 0.155521 0.370052 0.0322857 0.0299554
0 0.160184 0.784113 0.0308347 0.0275464
0 0.0232879 0.583709 0.0273431 0.0246418
0 0.184441 0.171087 0.0505894 0.0477546
0 0.0586528 0.725779 0.033925 0.0290694
0 0.117155 0.582594 0.0335238 0.030598
0 0.18256 0.579008 0.0480956 0.0436414
0 0.389262 0.89958 0.0251419 0.023798
0 0.0661577 0.56886 0.0306843 0.0273253
0 0.240614 0.147987 0.0387583 0.0370879
0 0.0571038 0.00907098 0.0332793 0.0180604
0 0.199721 0.0568343 0.0496642 0.0453528
0 0.208928 0.350053 0.0257697 0.0247453
0 0.332669 0.0796011 0.0311959 0.0293513
0 0.815144 0.317415 0.024874 0.0234317
0 0.0920861 0.732443 0.0272844 0.023441
0 0.518253 0.163946 0.0237492 0.0228501
0 0.0215406 0.718429 0.0268961 0.0243681
0 0.222398 0.358709 0.272538 0.245763
0 0.260908 0.0229101 0.125484 0.0456973
0 0.163783 0.212789 0.0765935 0.0699961
0 0.229886 0.183119 0.0420369 0.0389851
0 0.839323 0.325194 0.0231786 0.0223297
0 0.107669 0.502365 0.0259623 0.0238241
0 0.161222 0.121745 0.0496854 0.0452743
0 0.329379 0.788664 0.0235427 0.0224507
0 0.0134892 0.840434 0.0269783 0.0398607
0 0.0952684 0.0981161 0.0276951 0.0265624
0 0.0804447 0.678093 0.0296542 0.0266206
0 0.0300348 0.758308 0.0247622 0.0224042
0 0.401326 0.0412998 0.028862 0.0268981
0 0.707322 0.124519 0.0229917 0.0213578
0 0.991952 0.721689 0.0160969 0.0222981
0 0.0507539 0.129944 0.0336719 0.0323391
