0 0.755863 0.556216 0.0810369 0.0795848
0 0.276113 0.956998 0.0537611 0.0526093
0 0.839632 0.714953 0.0538863 0.0527512
0 0.310546 0.796294 0.0471826 0.0458255
0 0.0812343 0.0716254 0.0345041 0.0338608
0 0.282478 0.0134415 0.0366311 0.0268831
0 0.123726 0.0850701 0.0309549 0.0301383
0 0.949505 0.766305 0.0449529 0.0432603
0 0.411161 0.527433 0.0355812 0.0345323
0 0.17611 0.355228 0.0279742 0.0269512
0 0.0132938 0.759912 0.0265875 0.0613079
0 0.0345182 0.0309943 0.0294069 0.0289369
0 0.339326 0.536395 0.0307136 0.0302858
0 0.261794 0.680657 0.028865 0.0283451
0 0.38233 0.744468 0.107353 0.105623
0 0.416167 0.712477 0.0312955 0.0309407
0 0.908502 0.826773 0.0287816 0.0281363
0 0.27981 0.107357 0.0315124 0.0306725
0 0.988867 0.666631 0.0222652 0.0250174
0 0.820775 0.86947 0.0258374 0.025198
0 0.955894 0.52604 0.027433 0.0269115
0 0.71435 0.645286 0.0275901 0.027257
0 0.120524 0.0430223 0.049135 0.0482938
0 0.0259935 0.610339 0.0250638 0.0243738
0 0.35839 0.111069 0.0325615 0.0313389
0 0.254353 0.637878 0.0299422 0.0290956
0 0.722793 0.686319 0.0263433 0.0257187
0 0.757455 0.282839 0.0255442 0.0250829
0 0.551728 0.519969 0.0260803 0.02548
0 0.521308 0.607449 0.025709 0.0250194
0 0.641531 0.698746 0.0251935 0.0246653
0 0.192808 0.0363012 0.0255814 0.0255969
0 0.430241 0.836367 0.0230299 0.0226092
0 0.872608 0.778944 0.0235655 0.0231361
0 0.488349 0.697911 0.0239558 0.0235201
0 0.931106 0.884888 0.0238814 0.0232303
0 0.0152097 0.649757 0.0232987 0.0224321
0 0.711904 0.133474 0.0234474 0.0231063
0 0.0295925 0.824048 0.0254481 0.024812
0 0.373455 0.524647 0.023658 0.0236359
0 0.330972 0.696804 0.025562 0.0247221
0 0.328502 0.0721379 0.0234991 0.0227762
0 0.154822 0.801848 0.0236875 0.0232301
0 0.249951 0.918522 0.024066 0.0234725
0 0.876048 0.542301 0.0222645 0.0218886
0 0.744437 0.962296 0.0365751 0.0355953
0 0.858692 0.680955 0.0252404 0.0251254
0 0.612687 0.30045 0.0536819 0.0530152
0 0.641667 0.348964 0.0255008 0.0249854
0 0.73952 0.61509 0.0234115 0.0228293
0 0.299691 0.0365422 0.0275152 0.026849
0 0.953713 0.805109 0.0247454 0.0242788
0 0.577867 0.537113 0.0300847 0.0298756
0 0.399352 0.810169 0.0239427 0.0235832
0 0.388328 0.657742 0.106614 0.105915
0 0.642446 0.741188 0.081228 0.0800433
0 0.564204 0.735459 0.0792456 0.0785091
0 0.229055 0.62393 0.0367066 0.0360641
0 0.350975 0.725035 0.0508924 0.0487336
0 0.232039 0.0509111 0.0507087 0.0494599
