0 0.60345 0.253671 0.0439442 0.0423999
0 0.112686 0.874329 0.0416563 0.0397969
0 0.496872 0.470912 0.0349185 0.0329051
0 0.0214901 0.162303 0.0429801 0.052816
0 0.417498 0.0265921 0.0339283 0.0323799
0 0.873518 0.867264 0.0395287 0.0360081
0 0.231653 0.379571 0.0680036 0.0638375
0 0.224438 0.902389 0.029654 0.0281058
0 0.146153 0.229175 0.173662 0.155519
0 0.17884 0.399468 0.0288804 0.0258711
0 0.784802 0.523561 0.081867 0.0780031
0 0.324429 0.32721 0.02733 0.024787
0 0.911405 0.141327 0.17719 0.282654
0 0.650631 0.753472 0.0378246 0.034445
0 0.176597 0.848665 0.0735135 0.0690902
0 0.189342 0.760987 0.0264603 0.0248733
0 0.127768 0.534455 0.127211 0.1133
0 0.304648 0.443961 0.0469756 0.0433402
0 0.397656 0.813015 0.0531028 0.0499183
0 0.234317 0.439653 0.0474428 0.0440043
0 0.41948 0.383422 0.552065 0.553064
0 0.271238 0.459358 0.02712 0.024998
0 0.135934 0.651928 0.0976179 0.0890437
0 0.876991 0.606184 0.0475911 0.0460148
0 0.925522 0.743105 0.0307379 0.0282743
0 0.47493 0.649599 0.2681 0.243587
0 0.027762 0.270682 0.055524 0.101455
