0 0.466915 0.231201 0.176554 0.148347
0 0.170488 0.776743 0.154734 0.112984
0 0.86182 0.152049 0.0988786 0.0832715
0 0.222611 0.416004 0.249303 0.20357
0 0.127146 0.554192 0.0766591 0.0620971
0 0.174792 0.881225 0.0839983 0.0642774
0 0.782107 0.716742 0.092498 0.0741478
0 0.974454 0.946068 0.0510914 0.0521296
0 0.366171 0.916094 0.068858 0.0569078
0 0.063125 0.772189 0.0993389 0.0773528
0 0.573365 0.560629 0.0945923 0.0746372
0 0.83345 0.950204 0.0378459 0.0286962
0 0.918294 0.227369 0.157212 0.130716
0 0.314378 0.121839 0.041364 0.0355656
0 0.592998 0.044551 0.0408296 0.0320671
0 0.463222 0.0750214 0.0654471 0.0539465
0 0.27368 0.292413 0.0443243 0.0365367
0 0.391647 0.499015 0.064469 0.0521182
0 0.0189141 0.0093924 0.0293487 0.0187848
0 0.973597 0.16099 0.0492363 0.040905
0 0.563674 0.0240985 0.0457096 0.0358988
0 0.323368 0.925282 0.0523809 0.0413923
0 0.930515 0.731367 0.13897 0.325197
0 0.861685 0.0869536 0.0345202 0.0281441
0 0.1366 0.364851 0.0361438 0.0288835
0 0.347124 0.265959 0.128958 0.109438
0 0.270551 0.916044 0.0356653 0.0286334
0 0.651158 0.989942 0.0393753 0.0201159
0 0.298361 0.821863 0.051004 0.0400083
0 0.910848 0.0594595 0.0314911 0.0263947
0 0.0184773 0.743886 0.0369547 0.040885
0 0.394139 0.884187 0.0411894 0.0341743
0 0.181724 0.930827 0.0537782 0.0413101
0 0.231144 0.95826 0.0870481 0.0694145
0 0.880065 0.0464763 0.0408736 0.0336408
0 0.743635 0.695372 0.036898 0.0294435
0 0.936752 0.0725489 0.0297532 0.0251743
0 0.0583291 0.821532 0.0536426 0.042373
0 0.926738 0.446176 0.0403941 0.0312571
0 0.428078 0.0969716 0.0420755 0.0342639
0 0.222777 0.478648 0.094734 0.0778666
0 0.901435 0.588689 0.0352109 0.0265608
0 0.515807 0.0163645 0.0280791 0.0233411
0 0.676941 0.957646 0.0790861 0.0625661
0 0.869716 0.774194 0.0437887 0.0344019
0 0.684465 0.912286 0.0415139 0.0325124
0 0.653697 0.961216 0.040762 0.0321383
0 0.00655457 0.409932 0.0131091 0.0527758
0 0.11383 0.497091 0.055656 0.0439326
0 0.719147 0.65591 0.0741378 0.056953
0 0.986869 0.137341 0.0262618 0.0506188
0 0.816872 0.29964 0.129721 0.106532
0 0.221286 0.52946 0.0312737 0.0257087
0 0.39667 0.647604 0.0464358 0.0362037
0 0.494538 0.741176 0.050949 0.0415027
0 0.193973 0.442971 0.0570133 0.046299
0 0.224288 0.965584 0.0719669 0.0555463
0 0.00611423 0.665505 0.0122285 0.0292385
0 0.482326 0.684898 0.057148 0.0467806
0 0.797112 0.269468 0.0383629 0.030879
0 0.107147 0.494234 0.0431911 0.0347091
0 0.780354 0.753707 0.034091 0.0267115
0 0.936566 0.0335118 0.0409473 0.0349119
0 0.402381 0.50594 0.0871088 0.0670561
0 0.425264 0.851719 0.0504735 0.0401609
0 0.426365 0.901955 0.0538709 0.0420077
0 0.926751 0.162987 0.0331817 0.0277363
0 0.418799 0.585574 0.0298027 0.02344
0 0.438391 0.849808 0.0688868 0.0561708
0 0.929009 0.293461 0.0398741 0.0326986
0 0.90537 0.1171 0.0289555 0.0238933
0 0.991829 0.912395 0.0163425 0.0272135
0 0.925222 0.137421 0.0346441 0.0268183
0 0.247602 0.901029 0.0281055 0.0222073
