0 0.819908 0.643139 0.354044 0.310824
0 0.788041 0.168176 0.420316 0.333516
0 0.421738 0.768242 0.144428 0.113569
0 0.571807 0.740466 0.116871 0.0934892
0 0.498757 0.479361 0.0648948 0.0516107
0 0.515655 0.102992 0.105543 0.0876933
0 0.36903 0.486985 0.0554911 0.045273
0 0.382192 0.665579 0.054642 0.04483
0 0.307655 0.555755 0.0682507 0.0546987
0 0.771977 0.392301 0.0405094 0.0328143
0 0.0338078 0.875861 0.0555812 0.0436502
0 0.812716 0.812152 0.111419 0.0941681
0 0.587918 0.404294 0.0366465 0.0289836
0 0.513968 0.0165665 0.0507634 0.0331331
0 0.563516 0.114561 0.051209 0.0435178
0 0.916486 0.579184 0.0394287 0.0322351
0 0.145398 0.758179 0.031433 0.0259595
0 0.674299 0.519063 0.0420098 0.033048
0 0.418361 0.0410161 0.071996 0.0620076
0 0.376151 0.169838 0.0701186 0.056926
0 0.633319 0.647674 0.0371565 0.0299519
0 0.91246 0.143362 0.0444456 0.0364382
0 0.428717 0.0765261 0.047009 0.0397082
0 0.250165 0.208337 0.0311486 0.0262953
0 0.572267 0.962443 0.0410737 0.0325579
0 0.370251 0.951242 0.0722153 0.0585345
0 0.285656 0.397968 0.0383575 0.0307769
0 0.69363 0.493079 0.0346559 0.0274058
0 0.475117 0.0416778 0.0332765 0.0280195
0 0.81261 0.0799517 0.042969 0.0330068
0 0.957522 0.0789841 0.0849569 0.155899
0 0.925159 0.305324 0.0703877 0.0552115
0 0.887367 0.410876 0.10202 0.0852737
0 0.862085 0.415521 0.0491438 0.0413016
0 0.795312 0.602769 0.0284439 0.0228517
0 0.797323 0.994422 0.043431 0.0111563
0 0.461213 0.255753 0.0341718 0.0275384
0 0.221584 0.222924 0.037776 0.0311255
0 0.436804 0.467973 0.034883 0.0275093
0 0.249022 0.613459 0.039389 0.0323324
0 0.983925 0.365104 0.0273435 0.0224379
0 0.366642 0.981726 0.0693808 0.0363749
0 0.279481 0.966102 0.0290642 0.024363
0 0.556382 0.351595 0.0277898 0.0227909
0 0.423021 0.898126 0.0278078 0.0237944
0 0.102922 0.0630944 0.0320163 0.0260042
0 0.45946 0.385058 0.0297379 0.0231449
0 0.436829 0.24051 0.0342031 0.0285156
0 0.457517 0.0597393 0.0275878 0.0230659
0 0.995647 0.432577 0.00870647 0.0272424
0 0.73056 0.50426 0.0269003 0.0224954
0 0.936914 0.156762 0.0460351 0.0365834
0 0.215523 0.094997 0.368403 0.189683
0 0.365702 0.876376 0.0344145 0.0285047
0 0.12862 0.829232 0.0462908 0.0380722
0 0.322951 0.471286 0.0371374 0.0294085
0 0.147078 0.984677 0.036055 0.0289401
0 0.0735622 0.522827 0.0371893 0.0288256
0 0.617014 0.961993 0.0285455 0.023111
0 0.840797 0.933699 0.0255957 0.0218275
0 0.0206636 0.73471 0.0413273 0.265493
