0 0.517058 0.642504 0.0568157 0.0447063
0 0.972028 0.311372 0.0481587 0.0366143
0 0.0557973 0.60904 0.0473722 0.0360814
0 0.335544 0.0788065 0.035172 0.027866
0 0.960165 0.406011 0.0382922 0.029796
0 0.0981471 0.932425 0.0425559 0.0322332
0 0.429948 0.641274 0.123326 0.0958848
0 0.937646 0.0280577 0.0597734 0.0484323
0 0.41109 0.0614029 0.0386148 0.0304263
0 0.858443 0.563937 0.0380494 0.0300908
0 0.358409 0.553011 0.0401272 0.031044
0 0.223913 0.845346 0.0437846 0.0326745
0 0.455308 0.464257 0.0354109 0.0280208
0 0.491991 0.971045 0.0945529 0.0579092
0 0.413537 0.42761 0.0364026 0.0284871
0 0.887369 0.197434 0.0384763 0.0293604
0 0.949563 0.87257 0.0333614 0.0253933
0 0.284342 0.939882 0.054413 0.0408371
0 0.718496 0.925225 0.0343688 0.0266233
0 0.598206 0.379179 0.0371966 0.0302919
0 0.588633 0.860667 0.0327058 0.0261485
0 0.3298 0.620045 0.0352051 0.0274491
0 0.848035 0.617413 0.0285542 0.0225075
0 0.851939 0.478362 0.0324101 0.0243767
0 0.358147 0.275596 0.0295837 0.023387
0 0.804806 0.619549 0.0292673 0.0229179
0 0.57099 0.707132 0.10455 0.0812601
0 0.276563 0.893168 0.0320531 0.0241359
0 0.226514 0.250524 0.0277729 0.0222595
0 0.208529 0.611968 0.075587 0.0554982
0 0.125102 0.525229 0.0704313 0.0553352
0 0.500043 0.389222 0.0270036 0.0225458
0 0.125297 0.580515 0.0631976 0.050672
0 0.0576934 0.686615 0.0595954 0.0436245
0 0.174941 0.202369 0.0277907 0.0223222
0 0.482017 0.439407 0.0266 0.0222142
0 0.404497 0.0971379 0.0328882 0.0273328
0 0.485262 0.368537 0.0273205 0.0225907
0 0.106906 0.626585 0.0598904 0.0463374
0 0.363404 0.110377 0.0268656 0.0215625
0 0.157879 0.957397 0.051536 0.0389156
