0 0.157635 0.438273 0.288029 0.25925
0 0.512754 0.446946 0.413101 0.416714
0 0.91622 0.878646 0.14728 0.13809
0 0.570218 0.125527 0.231022 0.238371
0 0.864738 0.231074 0.166455 0.15643
0 0.0266002 0.808385 0.0499138 0.0468455
0 0.674051 0.961453 0.040054 0.0383671
0 0.689485 0.686328 0.0368493 0.0353747
0 0.490543 0.834258 0.0340246 0.032399
0 0.983594 0.80414 0.028067 0.0271832
0 0.302922 0.306088 0.0433853 0.0425272
0 0.623423 0.93329 0.0390322 0.0370646
0 0.597294 0.801739 0.0440788 0.0422667
0 0.644752 0.688845 0.0561683 0.0542645
0 0.323451 0.849658 0.0431835 0.0414515
0 0.028202 0.37155 0.0560901 0.0610364
0 0.14589 0.934793 0.03891 0.0369644
0 0.532241 0.0271297 0.035991 0.034792
0 0.865214 0.52875 0.0331759 0.0312519
0 0.296314 0.735355 0.034957 0.0338332
0 0.296051 0.79361 0.0330736 0.0324667
0 0.667191 0.624639 0.0434821 0.0419743
0 0.128276 0.667322 0.0268208 0.0253571
0 0.0081033 0.497589 0.0162066 0.0283619
0 0.135855 0.875894 0.0270558 0.0262628
0 0.594544 0.883745 0.0273318 0.0260303
0 0.783311 0.674308 0.0458379 0.042747
0 0.694142 0.859092 0.0320313 0.0301581
0 0.210751 0.963944 0.0253055 0.0248611
0 0.0999453 0.652525 0.0337165 0.0322931
0 0.335759 0.827802 0.0273323 0.0268998
0 0.00545218 0.540105 0.0109044 0.0307281
0 0.0192652 0.652732 0.0383846 0.0514525
0 0.415437 0.248491 0.0272589 0.0270734
0 0.402232 0.778928 0.0249462 0.0242068
0 0.234917 0.876444 0.0244308 0.023845
0 0.354599 0.810789 0.026465 0.0259063
0 0.238135 0.559169 0.0320483 0.0312144
0 0.599658 0.705697 0.0242697 0.023469
0 0.408446 0.66923 0.0786346 0.074677
0 0.638121 0.660478 0.0319903 0.0308018
0 0.309591 0.718023 0.0302425 0.0290918
0 0.712844 0.665576 0.029258 0.0280943
0 0.927141 0.976506 0.123901 0.0469351
0 0.147983 0.773524 0.0245097 0.0241477
0 0.989558 0.971707 0.0208615 0.0230131
0 0.637879 0.980275 0.0255373 0.0246391
0 0.244375 0.732035 0.028929 0.0281551
0 0.22827 0.642636 0.0454015 0.0433087
0 0.253112 0.199537 0.486377 0.399074
0 0.548781 0.817927 0.0279162 0.0266131
0 0.390127 0.797865 0.0240675 0.0237629
0 0.554655 0.947867 0.0282807 0.0269062
0 0.418756 0.062108 0.0874929 0.0848321
0 0.598131 0.903581 0.0228157 0.0221786
0 0.570909 0.835057 0.0252016 0.024203
0 0.233914 0.947348 0.0239897 0.0234208
0 0.597961 0.664709 0.0506103 0.0494888
0 0.290583 0.512998 0.0304271 0.0292352
0 0.181139 0.868294 0.0232112 0.0226536
0 0.676952 0.652048 0.0367486 0.0357124
0 0.0873979 0.61874 0.0239591 0.0231169
0 0.13781 0.644539 0.0232383 0.0227757
0 0.606394 0.677246 0.0315479 0.0304356
0 0.372227 0.625468 0.0250916 0.0245054
0 0.429399 0.910812 0.0238966 0.0235354
0 0.590405 0.661302 0.0404935 0.0399711
0 0.704843 0.977556 0.0312677 0.0295162
0 0.920941 0.480893 0.158118 0.539105
0 0.867972 0.963426 0.0536692 0.0506091
0 0.232155 0.995241 0.0241374 0.00951881
