0 0.292771 0.123259 0.396441 0.246518
0 0.465707 0.927914 0.215257 0.144172
0 0.85548 0.921566 0.285656 0.156173
0 0.689495 0.271225 0.0644524 0.0512918
0 0.470043 0.620715 0.0985657 0.0825808
0 0.650746 0.27006 0.453312 0.388708
0 0.398648 0.621224 0.10806 0.0921149
0 0.309949 0.681245 0.0763767 0.0620975
0 0.810018 0.594108 0.0344332 0.0281732
0 0.125375 0.709849 0.0320715 0.026751
0 0.356652 0.406925 0.0413832 0.0331725
0 0.176929 0.62359 0.0322298 0.0259113
0 0.490609 0.796569 0.0360229 0.0291739
0 0.146378 0.414967 0.0326989 0.027498
0 0.0429278 0.671585 0.0724356 0.060092
0 0.222243 0.838949 0.0308946 0.0255568
0 0.298277 0.752177 0.0329174 0.0274792
0 0.134782 0.489289 0.0350355 0.0294735
0 0.522742 0.393571 0.0355772 0.0291354
0 0.542936 0.563221 0.0320664 0.0257001
0 0.65981 0.662735 0.0422568 0.0339229
0 0.355147 0.0552138 0.0514511 0.0405918
0 0.945435 0.609355 0.0397398 0.0314422
0 0.198021 0.411581 0.0356045 0.0303182
0 0.864349 0.457633 0.0287399 0.0235453
0 0.118232 0.391246 0.03631 0.0317966
0 0.0807595 0.121165 0.0527468 0.0436973
0 0.867964 0.6876 0.0375023 0.0296209
0 0.451785 0.990699 0.0292677 0.0186015
0 0.153918 0.753275 0.035032 0.0287392
0 0.782996 0.481092 0.0280862 0.0226927
0 0.508838 0.879454 0.0276185 0.0234922
0 0.407019 0.116277 0.0351172 0.0282782
0 0.407673 0.630678 0.0306084 0.0246367
0 0.236532 0.796405 0.03038 0.0252996
0 0.444078 0.0514572 0.0275662 0.0228708
0 0.607181 0.36307 0.0394926 0.0331564
0 0.782681 0.712479 0.0261574 0.022186
0 0.500738 0.417289 0.031111 0.0261258
0 0.388691 0.816752 0.0323663 0.027304
0 0.980887 0.56688 0.0382257 0.0409638
0 0.0766022 0.543252 0.0357668 0.029444
0 0.627822 0.371642 0.0334721 0.0273053
0 0.890368 0.320818 0.219264 0.305683
0 0.085975 0.643273 0.0258304 0.0220788
0 0.555401 0.0666345 0.084167 0.0661389
0 0.324839 0.193461 0.0375715 0.0311342
0 0.00772622 0.195733 0.0154524 0.0440072
0 0.964102 0.755013 0.0717955 0.0832126
0 0.0207176 0.0252034 0.0414352 0.041671
0 0.792619 0.785893 0.0380109 0.0311554
0 0.421587 0.994894 0.0265248 0.0102129
0 0.672536 0.706501 0.0295171 0.0238032
0 0.234933 0.0412436 0.0353276 0.0281373
0 0.308528 0.71768 0.0326933 0.0278081
0 0.702359 0.352348 0.0338266 0.0274208
0 0.368696 0.669491 0.028051 0.0235065
0 0.0570037 0.348021 0.0280211 0.0254254
0 0.380808 0.9921 0.0288071 0.0158
0 0.251636 0.370437 0.0326486 0.0275861
