0 0.898351 0.201523 0.202586 0.202296
0 0.728646 0.855503 0.106425 0.103943
0 0.586326 0.135956 0.0949046 0.0917361
0 0.414541 0.775718 0.133887 0.130972
0 0.334559 0.862716 0.101522 0.0978492
0 0.248833 0.537553 0.0672024 0.0658791
0 0.189925 0.36107 0.0619034 0.0608429
0 0.386106 0.159458 0.147031 0.140011
0 0.288336 0.957127 0.0643499 0.0628627
0 0.159974 0.584379 0.0484397 0.0469204
0 0.0728916 0.0325616 0.103166 0.0650182
0 0.430839 0.231876 0.0519803 0.0507135
0 0.549247 0.554429 0.0418696 0.041453
0 0.90789 0.556672 0.0459874 0.044224
0 0.813118 0.585292 0.0349374 0.0344463
0 0.938036 0.390411 0.0450118 0.0434366
0 0.0991878 0.161651 0.057229 0.0558296
0 0.893781 0.671266 0.0373783 0.0367161
0 0.278759 0.230985 0.0420169 0.0424827
0 0.125627 0.829185 0.0422268 0.040775
0 0.338804 0.216308 0.0323279 0.0316633
0 0.903667 0.910313 0.103016 0.101067
0 0.161982 0.266409 0.0496339 0.0481582
0 0.687805 0.903465 0.0312742 0.0307911
0 0.0427066 0.332024 0.0331639 0.0328231
0 0.386715 0.300041 0.0298584 0.0290833
0 0.574106 0.599155 0.0593754 0.0576339
0 0.985547 0.721897 0.0287961 0.0379119
0 0.0332189 0.197827 0.0320502 0.0312549
0 0.910748 0.412456 0.0399778 0.0383644
0 0.0231884 0.162052 0.0463582 0.0657412
0 0.703267 0.0410393 0.030169 0.0291056
0 0.146995 0.789735 0.0289553 0.02814
0 0.70769 0.690267 0.111814 0.106044
0 0.211548 0.470911 0.0396462 0.039285
0 0.056209 0.809372 0.0269065 0.026243
0 0.573774 0.688597 0.125791 0.118795
0 0.855136 0.644515 0.0277548 0.0272214
0 0.00979594 0.295428 0.0195911 0.0710589
0 0.91743 0.784161 0.0287768 0.0275943
0 0.991227 0.451436 0.0175466 0.0311675
0 0.661898 0.327346 0.0461432 0.0442702
0 0.200194 0.94775 0.0241109 0.0235235
0 0.0593584 0.157478 0.0286643 0.0279433
0 0.468023 0.972462 0.0314575 0.0305305
0 0.00543948 0.754125 0.010879 0.0343359
0 0.130679 0.415463 0.0285851 0.0276497
0 0.637918 0.615651 0.0274224 0.026634
0 0.14753 0.736308 0.0304043 0.0295394
0 0.658145 0.92066 0.0400749 0.0389218
0 0.465343 0.854765 0.0445433 0.0436689
0 0.828816 0.525973 0.0295652 0.0282035
0 0.432918 0.714559 0.0263038 0.0261171
0 0.789227 0.905236 0.0268798 0.0262831
0 0.265392 0.738709 0.109684 0.107952
0 0.865699 0.434904 0.0250066 0.0248239
0 0.944856 0.701126 0.0239509 0.0234942
0 0.0644091 0.632296 0.0386655 0.0375817
0 0.110694 0.921855 0.0268362 0.026264
0 0.500543 0.585302 0.0910641 0.088431
0 0.133556 0.19784 0.0403041 0.04001
0 0.597169 0.546404 0.053928 0.0530367
0 0.406651 0.589665 0.0492121 0.0482032
0 0.771014 0.942195 0.0295761 0.0286677
0 0.0317545 0.772772 0.0280182 0.0272093
0 0.595709 0.988354 0.0583384 0.0232924
0 0.779787 0.362851 0.0241404 0.0239437
0 0.538152 0.778947 0.0680405 0.0657482
0 0.306743 0.644629 0.137513 0.131859
0 0.868572 0.0905531 0.0237765 0.0229851
0 0.360419 0.298068 0.0238907 0.0235469
0 0.676825 0.803393 0.0354156 0.0353338
0 0.613733 0.232298 0.0317834 0.030773
0 0.960119 0.340922 0.0631921 0.0613153
0 0.0574751 0.954075 0.114753 0.0917087
0 0.617376 0.959883 0.0241448 0.0236073
0 0.300122 0.0548969 0.172816 0.109794
0 0.623443 0.046023 0.212246 0.092046
0 0.30508 0.207366 0.0518496 0.0517043
0 0.16627 0.545548 0.0232981 0.023145
0 0.34075 0.767533 0.0285633 0.0277408
0 0.304924 0.396425 0.0234923 0.0236607
0 0.601035 0.442967 0.0648623 0.062638
0 0.910113 0.944962 0.0238305 0.0235437
