0 0.197412 0.907712 0.0790628 0.0676821
0 0.306563 0.113626 0.0498593 0.0438977
0 0.238701 0.826407 0.0683114 0.0606818
0 0.117249 0.886821 0.0724482 0.0621948
0 0.249365 0.507647 0.048997 0.0427088
0 0.372174 0.621606 0.0430687 0.0374868
0 0.733299 0.193471 0.0556524 0.0461421
0 0.584103 0.47124 0.0440001 0.0387488
0 0.493236 0.564682 0.040234 0.0352967
0 0.937988 0.496625 0.0505428 0.045032
0 0.0496037 0.572993 0.0991469 0.174821
0 0.772138 0.342473 0.0389239 0.033584
0 0.524548 0.640717 0.0327305 0.0287903
0 0.203004 0.747937 0.0416283 0.0359409
0 0.253942 0.558187 0.0353804 0.03142
0 0.972475 0.75422 0.0342955 0.0303335
0 0.00988556 0.180159 0.0197605 0.0267711
0 0.887775 0.879009 0.0392507 0.0330346
0 0.389168 0.319962 0.0382701 0.032799
0 0.746505 0.422616 0.0494925 0.0442634
0 0.389452 0.988218 0.0431036 0.0235649
0 0.688091 0.572701 0.0429091 0.038011
0 0.365462 0.588207 0.0287884 0.0247113
0 0.117951 0.670435 0.0323063 0.0284784
0 0.467338 0.5122 0.0288768 0.0250183
0 0.165847 0.936654 0.0402745 0.0351587
0 0.365353 0.469402 0.0300915 0.0263892
0 0.571705 0.790655 0.0279911 0.0252255
0 0.700052 0.725351 0.141089 0.114155
0 0.327244 0.430389 0.0389835 0.0340927
0 0.962959 0.0101044 0.0496327 0.0202088
0 0.216206 0.589781 0.0295784 0.0264215
0 0.0615692 0.480948 0.0411199 0.038323
0 0.7396 0.932182 0.0417764 0.0348859
0 0.591459 0.243358 0.0276215 0.0235604
0 0.725759 0.490326 0.0458461 0.0403816
0 0.267296 0.43562 0.0325892 0.0282181
0 0.614798 0.926861 0.0400374 0.0326861
0 0.43485 0.372471 0.0317485 0.0274915
0 0.464473 0.377492 0.0306555 0.0263657
0 0.190909 0.187259 0.027748 0.0245152
0 0.73014 0.579213 0.035815 0.0312114
0 0.358126 0.420549 0.0408715 0.035413
0 0.275888 0.339565 0.0275581 0.024588
0 0.847675 0.779799 0.0288989 0.0256517
0 0.601929 0.857045 0.0872622 0.0745077
0 0.669869 0.190521 0.0277503 0.0244634
0 0.426622 0.243047 0.0357399 0.030951
0 0.268943 0.281339 0.0299139 0.0259044
0 0.369942 0.292695 0.0284093 0.0242872
0 0.186522 0.592249 0.0252073 0.0226275
0 0.275949 0.16624 0.0259931 0.0237501
0 0.642634 0.00514854 0.0401734 0.0102878
0 0.865578 0.677227 0.0260624 0.023147
0 0.990964 0.858712 0.0180529 0.0541479
0 0.554023 0.570991 0.02615 0.023036
0 0.0503227 0.410868 0.025788 0.023077
0 0.395215 0.71489 0.026535 0.0234866
0 0.891992 0.501879 0.0365389 0.0322855
0 0.440294 0.919446 0.0277159 0.0242212
0 0.928263 0.0525786 0.0284698 0.0244514
0 0.701305 0.519801 0.026248 0.0238671
0 0.893239 0.0179722 0.03251 0.0274085
0 0.882953 0.106591 0.0372469 0.0323138
0 0.462586 0.155258 0.0259064 0.0231918
0 0.393135 0.384507 0.0263101 0.0224872
0 0.671624 0.861201 0.037447 0.0324535
0 0.84883 0.224043 0.0772776 0.06313
0 0.282649 0.864047 0.0259231 0.0229349
0 0.443584 0.792824 0.0298152 0.0265602
0 0.997076 0.31049 0.00584745 0.0266395
0 0.653784 0.88768 0.0257108 0.0224924
0 0.287453 0.658495 0.0242343 0.0225687
0 0.0169769 0.938007 0.0339538 0.0323103
0 0.207708 0.339296 0.031132 0.0273163
0 0.938506 0.329635 0.122361 0.249274
0 0.953618 0.531051 0.025835 0.0234842
0 0.0249754 0.696851 0.0498091 0.106797
0 0.199781 0.386439 0.121849 0.109195
0 0.28995 0.462811 0.0364625 0.031432
0 0.57282 0.155599 0.0535586 0.0434441
0 0.449748 0.668688 0.433538 0.40515
0 0.643914 0.228762 0.0406608 0.0351496
0 0.844295 0.914287 0.0276943 0.0234623
0 0.942534 0.652482 0.0241811 0.0218399
0 0.781677 0.586741 0.0350404 0.0316904
0 0.483775 0.443942 0.0302609 0.0268173
0 0.785451 0.0179973 0.149111 0.0357693
0 0.00937245 0.11858 0.0187449 0.0301397
0 0.829317 0.281142 0.0477879 0.040568
0 0.53092 0.691287 0.0656228 0.0572321
0 0.424118 0.397283 0.0334097 0.0299768
0 0.673035 0.607582 0.0328572 0.0305561
0 0.727216 0.810235 0.0244048 0.0216198
0 0.531184 0.301845 0.0241609 0.0214693
0 0.451988 0.417925 0.0266519 0.024287
