0 0.704498 0.0965902 0.277299 0.19318
0 0.0572326 0.682227 0.0508461 0.0433382
0 0.866317 0.485831 0.0628547 0.0535917
0 0.874225 0.649122 0.0518547 0.0421951
0 0.946363 0.447846 0.0619437 0.0521548
0 0.905842 0.81982 0.0401177 0.0327807
0 0.0743288 0.428055 0.0454162 0.0369398
0 0.906693 0.167881 0.186568 0.237325
0 0.924482 0.285329 0.077632 0.065102
0 0.497108 0.797124 0.0328304 0.0268263
0 0.256154 0.648108 0.0381006 0.031297
0 0.549719 0.289187 0.0631517 0.0502047
0 0.886626 0.538848 0.0710575 0.0610054
0 0.813729 0.25795 0.0777915 0.0645966
0 0.859659 0.863601 0.0332773 0.0274603
0 0.742558 0.476726 0.0318344 0.0265432
0 0.0882955 0.258186 0.0304536 0.0246624
0 0.768397 0.734733 0.0292897 0.0243263
0 0.805368 0.534772 0.0615063 0.05424
0 0.344514 0.208364 0.0436505 0.0348225
0 0.93603 0.614028 0.0289726 0.0241509
0 0.478739 0.915074 0.0386073 0.0317791
0 0.146653 0.62858 0.0282783 0.0240135
0 0.822614 0.769583 0.0309868 0.0258211
0 0.834486 0.661594 0.0293354 0.024761
0 0.680556 0.363428 0.0414054 0.0351032
0 0.975121 0.309235 0.0495208 0.0710059
0 0.101958 0.587679 0.0272939 0.023608
0 0.682356 0.555356 0.0512009 0.0426671
0 0.965587 0.421282 0.0258868 0.0219854
0 0.864053 0.764004 0.0264397 0.0218881
0 0.61067 0.324368 0.0692294 0.0567591
0 0.276629 0.151381 0.154218 0.128673
0 0.320693 0.393923 0.0737067 0.0615305
0 0.0634613 0.982855 0.0254166 0.0213043
0 0.865957 0.0500656 0.0600507 0.0507303
0 0.0721131 0.45325 0.0294477 0.0246854
0 0.812278 0.617533 0.045522 0.0383987
0 0.547315 0.250492 0.059422 0.0489066
0 0.00341718 0.730335 0.00683437 0.0258718
0 0.785652 0.971744 0.154232 0.0562363
0 0.666555 0.285738 0.213397 0.183023
0 0.582669 0.16984 0.0657132 0.0548466
