0 0.362008 0.268838 0.07915 0.0766033
0 0.522419 0.894194 0.0421422 0.0404351
0 0.505364 0.0245324 0.065113 0.0490593
0 0.164788 0.657438 0.0379088 0.0367951
0 0.444416 0.852196 0.0329827 0.0317948
0 0.94924 0.868957 0.0261261 0.0256546
0 0.586283 0.370234 0.0273763 0.026683
0 0.872996 0.348489 0.106704 0.102254
0 0.963724 0.959734 0.0253509 0.0249694
0 0.224797 0.765486 0.0281943 0.0274549
0 0.0746194 0.900354 0.0282008 0.0271439
0 0.130318 0.776818 0.0292309 0.0282907
0 0.0149913 0.295523 0.0299827 0.0311151
0 0.305594 0.972935 0.0282847 0.0273941
0 0.329524 0.714016 0.0281026 0.0267788
0 0.372125 0.632878 0.0278669 0.0266158
0 0.383683 0.0936885 0.133557 0.131833
0 0.376477 0.396578 0.0342123 0.0331381
0 0.552023 0.0186433 0.0304995 0.0301495
0 0.269789 0.251752 0.0302956 0.0290965
0 0.643901 0.324008 0.0270684 0.0265008
0 0.995126 0.691453 0.00974789 0.0276403
0 0.994098 0.0872975 0.0118046 0.0310482
0 0.70998 0.955474 0.025475 0.0247924
0 0.739324 0.507804 0.0725949 0.0712112
0 0.442592 0.269596 0.0836262 0.0827698
0 0.991243 0.442542 0.0175146 0.0269067
0 0.891567 0.413532 0.114373 0.110437
0 0.255682 0.126449 0.076438 0.0759591
0 0.969632 0.800983 0.0255506 0.0253325
0 0.980762 0.759321 0.0370262 0.036229
0 0.487514 0.407018 0.0736028 0.0704056
0 0.848569 0.28792 0.0623231 0.0608795
0 0.299537 0.0850365 0.0286209 0.0275373
0 0.0210159 0.658953 0.0240112 0.0232236
0 0.323826 0.803423 0.0791326 0.077305
0 0.83743 0.170009 0.061079 0.0603656
0 0.840363 0.237226 0.0595106 0.0588267
0 0.718087 0.476236 0.0590818 0.0588578
0 0.00380704 0.627967 0.00761408 0.0288427
0 0.271019 0.0661541 0.0378084 0.0367035
0 0.0537161 0.766521 0.103513 0.0999949
0 0.890155 0.209016 0.0549235 0.0546282
0 0.348054 0.0216198 0.100035 0.0431553
0 0.668264 0.344263 0.0250408 0.024697
0 0.556208 0.529629 0.0784564 0.0776113
0 0.416964 0.507623 0.0495122 0.0497341
0 0.546934 0.00393906 0.031296 0.00785748
0 0.450985 0.343275 0.0743764 0.0722832
0 0.203292 0.158527 0.0320974 0.0310231
0 0.38977 0.766676 0.0239854 0.0236013
0 0.0972954 0.678366 0.0262669 0.0249066
0 0.00927976 0.934324 0.0185595 0.0216184
0 0.902994 0.0861522 0.0231485 0.0222273
0 0.226304 0.915501 0.0417034 0.0407891
0 0.805549 0.788372 0.0267903 0.0261444
0 0.224502 0.911214 0.0361878 0.0355642
0 0.647594 0.520752 0.112205 0.11194
0 0.0592094 0.132126 0.0429295 0.041081
0 0.557355 0.317101 0.0229766 0.0222618
0 0.323727 0.458345 0.0458941 0.045011
0 0.425438 0.0526029 0.0354929 0.034046
0 0.505356 0.134656 0.0233051 0.0224285
0 0.0420479 0.924796 0.0406214 0.0381213
0 0.436334 0.0359889 0.0225673 0.0223628
