0 0.878757 0.259302 0.0991172 0.0790519
0 0.775994 0.074342 0.089438 0.0728145
0 0.844825 0.572829 0.0405066 0.0327566
0 0.320933 0.498631 0.0369063 0.0300104
0 0.975712 0.0840567 0.0427238 0.0338789
0 0.849742 0.654158 0.0336885 0.0268672
0 0.935459 0.102058 0.0651704 0.0532502
0 0.243915 0.373874 0.0298081 0.0243368
0 0.856085 0.318577 0.0506061 0.0420925
0 0.983134 0.206252 0.0335715 0.0647133
0 0.94967 0.229688 0.0493452 0.0405776
0 0.905347 0.716542 0.0307515 0.0248578
0 0.918791 0.355949 0.0547813 0.0445284
0 0.742487 0.0977122 0.0324678 0.0260282
0 0.96244 0.592915 0.0275745 0.0226381
0 0.820899 0.270068 0.0448321 0.0356587
0 0.878738 0.900427 0.0344059 0.027716
0 0.984219 0.496438 0.028903 0.0251443
0 0.932102 0.536565 0.028344 0.0234706
0 0.877189 0.0191063 0.0574927 0.0382126
0 0.887022 0.70831 0.0323496 0.0256775
0 0.728954 0.0045248 0.0455982 0.0090087
0 0.783174 0.317774 0.0980677 0.0811615
0 0.853733 0.930072 0.034359 0.0280436
0 0.820159 0.0136928 0.060023 0.0273247
0 0.450033 0.628288 0.0248451 0.0214605
0 0.899382 0.870948 0.0257324 0.0213696
0 0.797786 0.910318 0.0273659 0.0221327
0 0.360124 0.33008 0.0256515 0.0220542
