0 0.524147 0.538164 0.0891363 0.0876008
0 0.903737 0.815971 0.0471531 0.0463297
0 0.884238 0.227881 0.0468459 0.0462265
0 0.3824 0.529761 0.0423327 0.0411224
0 0.592144 0.438971 0.0445913 0.0434756
0 0.710118 0.93233 0.0329401 0.0325959
0 0.625774 0.98943 0.0261369 0.02114
0 0.0887243 0.954649 0.0278175 0.0273231
0 0.833761 0.743943 0.0283918 0.0276918
0 0.758597 0.712978 0.0344164 0.0328525
0 0.443516 0.853587 0.0292266 0.0286441
0 0.0432955 0.209981 0.03112 0.0304774
0 0.215018 0.221578 0.0298754 0.0285245
0 0.255293 0.343962 0.0251342 0.0246899
0 0.821428 0.501817 0.0437589 0.0427985
0 0.832321 0.939463 0.0783496 0.0759204
0 0.1516 0.149921 0.0239426 0.0231782
0 0.0492336 0.983305 0.024796 0.024595
0 0.366459 0.0877175 0.432885 0.174129
0 0.765548 0.958132 0.0348418 0.0342863
0 0.25786 0.862531 0.0300099 0.0293448
0 0.47331 0.9919 0.0444602 0.016199
0 0.983883 0.447838 0.023527 0.0229769
0 0.87955 0.940702 0.0282615 0.0276861
0 0.235128 0.27491 0.0297773 0.0288113
0 0.0890475 0.709897 0.04296 0.0416667
0 0.828259 0.526015 0.0231099 0.0226452
0 0.566713 0.803945 0.0720248 0.0706894
0 0.445328 0.089377 0.258346 0.178754
0 0.699769 0.0522559 0.350409 0.102819
0 0.904491 0.435644 0.0250688 0.0248899
0 0.34527 0.811712 0.0254589 0.0244584
0 0.992967 0.387374 0.0140666 0.0250015
0 0.439016 0.732129 0.117035 0.1122
