0 0.119266 0.378853 0.222169 0.175624
0 0.35171 0.500179 0.078456 0.0653167
0 0.164057 0.0502263 0.076255 0.0633041
0 0.969806 0.668315 0.0390018 0.0309089
0 0.576408 0.497334 0.043257 0.0355849
0 0.708661 0.658118 0.0334311 0.0274808
0 0.160625 0.589078 0.0456238 0.0364479
0 0.627461 0.0736675 0.0402821 0.0321378
0 0.457084 0.803593 0.046454 0.0369042
0 0.536114 0.499564 0.0301745 0.0244768
0 0.629243 0.223042 0.0890868 0.0700341
0 0.113997 0.602808 0.0365216 0.0304151
0 0.413458 0.123558 0.0422893 0.0352252
0 0.971352 0.85573 0.0290236 0.024426
0 0.324337 0.116064 0.0504856 0.0410121
0 0.0118925 0.215221 0.023785 0.0277611
0 0.173406 0.555399 0.0651073 0.0522974
0 0.415697 0.109554 0.264942 0.217374
0 0.115254 0.554207 0.0387084 0.0323777
0 0.200719 0.264477 0.127945 0.102824
0 0.00880649 0.0847 0.017613 0.0251526
0 0.872623 0.974147 0.0301785 0.0242796
0 0.171659 0.104899 0.0775136 0.0640344
0 0.355773 0.317277 0.0396441 0.0322969
0 0.711364 0.132671 0.0300784 0.0237746
0 0.728973 0.950217 0.0611136 0.0486473
0 0.101624 0.58141 0.0323583 0.0266735
0 0.247707 0.16766 0.145515 0.11951
0 0.429838 0.544133 0.0366921 0.030561
0 0.855348 0.775771 0.038619 0.0308707
0 0.93305 0.481184 0.133819 0.119718
0 0.369019 0.14047 0.0375336 0.0305765
0 0.864408 0.559893 0.0274435 0.0223022
0 0.480922 0.47 0.0259768 0.0224872
0 0.877096 0.246367 0.245807 0.401119
