0 0.665103 0.681832 0.573815 0.566002
0 0.870146 0.298307 0.243658 0.23298
0 0.322856 0.163987 0.0280763 0.0279122
0 0.570097 0.374023 0.0299613 0.0287865
0 0.591769 0.716297 0.0269513 0.0263822
0 0.377882 0.983572 0.0516965 0.0327054
0 0.411047 0.87446 0.0448073 0.0428925
0 0.153596 0.0134058 0.0451923 0.0267438
0 0.17076 0.863249 0.052565 0.051733
0 0.103274 0.840907 0.0461047 0.0455335
0 0.585726 0.0302421 0.045229 0.044041
0 0.314329 0.740531 0.0631163 0.0629225
0 0.556798 0.460289 0.0515077 0.0493403
0 0.183205 0.610322 0.0433734 0.0419677
0 0.61134 0.956927 0.0512356 0.0503812
0 0.496769 0.099 0.0608532 0.0588175
0 0.112355 0.922504 0.0349175 0.0342959
0 0.733988 0.364255 0.0752333 0.0715442
0 0.117634 0.950339 0.0411705 0.0411227
0 0.646111 0.117086 0.0505829 0.049989
0 0.0345222 0.317473 0.0668328 0.0679207
0 0.376257 0.722602 0.0668819 0.064466
0 0.634009 0.981842 0.0417694 0.0360889
0 0.660327 0.963627 0.0290043 0.0283639
0 0.981159 0.82385 0.0268488 0.0266175
0 0.535379 0.963009 0.0665425 0.066535
0 0.183799 0.38338 0.0421214 0.04179
0 0.9117 0.457582 0.0838882 0.0829429
0 0.305446 0.669479 0.0423039 0.0416439
0 0.864705 0.49461 0.0347398 0.0335577
0 0.600643 0.0873083 0.0634052 0.0612007
0 0.0724033 0.923393 0.0371282 0.0343342
0 0.0352863 0.309084 0.0595913 0.0564463
0 0.0548212 0.448059 0.0405783 0.0400458
0 0.50097 0.909748 0.0407474 0.0395123
0 0.980368 0.573232 0.0392454 0.0450301
0 0.62676 0.0570775 0.0590327 0.0590923
