0 0.794508 0.950412 0.141967 0.0991756
0 0.0201779 0.540154 0.0403309 0.0407238
0 0.613662 0.915015 0.0355079 0.0346208
0 0.381877 0.9856 0.0777921 0.0287992
0 0.914631 0.226064 0.028699 0.0278521
0 0.49232 0.855627 0.0311039 0.0294997
0 0.0303645 0.836542 0.0270402 0.0261241
0 0.476797 0.952986 0.0481448 0.0467855
0 0.163144 0.587352 0.0330589 0.0311173
0 0.130067 0.765967 0.0258898 0.0249012
0 0.0390375 0.905067 0.0249035 0.02404
0 0.498457 0.963069 0.0445879 0.0427095
0 0.174041 0.564409 0.0253597 0.0240685
0 0.440881 0.400849 0.0236031 0.0225387
0 0.790993 0.00850289 0.133972 0.016821
