0 0.689209 0.24689 0.277577 0.254289
0 0.464146 0.118705 0.219301 0.211132
0 0.406179 0.41102 0.117966 0.112416
0 0.546164 0.659074 0.0433232 0.0421028
0 0.443996 0.234518 0.158844 0.147748
0 0.880096 0.257444 0.0596839 0.0587175
0 0.591176 0.675564 0.0308358 0.0298463
0 0.898808 0.395015 0.202385 0.249652
0 0.586414 0.716031 0.0315965 0.0305152
0 0.617463 0.776497 0.0361671 0.0345788
0 0.748178 0.786137 0.0289381 0.0275723
0 0.28711 0.848039 0.57422 0.300598
0 0.112314 0.289889 0.218035 0.212669
0 0.0128031 0.773933 0.0255982 0.0275478
0 0.698172 0.114895 0.0992734 0.0949532
0 0.460105 0.134184 0.0341023 0.0325848
0 0.383118 0.0188797 0.0449116 0.0377593
0 0.488781 0.311289 0.0314982 0.0302109
0 0.276887 0.441802 0.0268384 0.0261994
0 0.929525 0.150743 0.140771 0.301485
0 0.496197 0.33869 0.0315526 0.0296564
0 0.365006 0.0457704 0.0310025 0.0307354
0 0.552311 0.69126 0.0245358 0.0235606
0 0.397094 0.320096 0.0295002 0.0280666
0 0.441932 0.0119406 0.0322868 0.0237635
0 0.814472 0.843828 0.0243454 0.0238999
0 0.490813 0.44273 0.0836148 0.0817873
0 0.566288 0.354417 0.0734526 0.0682572
0 0.0383018 0.868402 0.0308596 0.0273488
0 0.369087 0.462732 0.0283444 0.0263828
0 0.214585 0.218588 0.126571 0.124947
0 0.577732 0.620579 0.0229812 0.0227144
0 0.142635 0.0137639 0.0247351 0.0236874
0 0.0570045 0.506121 0.0302635 0.0299239
0 0.94189 0.340546 0.0345125 0.0328608
