0 0.481215 0.665871 0.0406579 0.0387745
0 0.449628 0.431575 0.0388806 0.0380232
0 0.125606 0.678397 0.0306421 0.0287111
0 0.406621 0.576152 0.0334447 0.0328825
0 0.531021 0.627744 0.0322519 0.0314377
0 0.180667 0.113509 0.0354858 0.0334983
0 0.5735 0.77802 0.0299743 0.0282464
0 0.406403 0.0124478 0.0562148 0.0248483
0 0.793259 0.717326 0.0251136 0.0247076
0 0.234683 0.312281 0.0243955 0.0239743
0 0.37854 0.23968 0.0261328 0.025732
0 0.960733 0.580378 0.0279181 0.0274096
0 0.0616233 0.168907 0.0293609 0.0279736
0 0.346809 0.283114 0.0298676 0.0287693
0 0.190314 0.202347 0.0247647 0.0240767
0 0.0871108 0.317347 0.0232165 0.0224979
0 0.050978 0.209398 0.0276364 0.0264865
0 0.300821 0.10257 0.0294547 0.0282769
0 0.123297 0.180386 0.0270491 0.0257924
0 0.369963 0.0217631 0.0382619 0.0376132
0 0.191249 0.24421 0.0254139 0.0243345
0 0.92015 0.779429 0.0267509 0.0262032
0 0.0312311 0.0208095 0.0623394 0.0416191
0 0.195318 0.135012 0.0286509 0.0268767
0 0.553054 0.598646 0.0267487 0.0258209
0 0.255291 0.227599 0.0266328 0.0258361
0 0.315127 0.232757 0.0250795 0.0247561
0 0.735234 0.619365 0.028857 0.0281395
0 0.969952 0.655228 0.0330987 0.03211
