0 0.411071 0.368607 0.0719502 0.0686287
0 0.790784 0.793338 0.0486154 0.0464277
0 0.4482 0.27066 0.0415514 0.0395079
0 0.507689 0.733683 0.034075 0.0325163
0 0.67774 0.91297 0.0281894 0.026741
0 0.754005 0.34468 0.0373752 0.0347186
0 0.615084 0.773823 0.0253344 0.0242696
0 0.275248 0.856032 0.027808 0.026063
0 0.518069 0.18111 0.0306649 0.0293209
0 0.405584 0.818624 0.0259402 0.0245221
0 0.00689625 0.833917 0.0137869 0.0286279
0 0.580446 0.274468 0.0277637 0.0264307
0 0.868599 0.725245 0.0295424 0.0285501
0 0.51897 0.451432 0.0275221 0.0261854
0 0.7412 0.364114 0.0283768 0.0274189
0 0.755868 0.392028 0.0383479 0.0362022
0 0.770181 0.709376 0.0258152 0.0242026
0 0.468207 0.252229 0.0266226 0.025412
0 0.482775 0.286533 0.0299401 0.0289083
0 0.50884 0.019468 0.0281012 0.0270998
0 0.527164 0.530212 0.0238411 0.0230096
0 0.751401 0.960202 0.0240334 0.023119
0 0.632542 0.932368 0.0239963 0.0229855
0 0.566771 0.550792 0.0240558 0.0226564
0 0.52494 0.485623 0.023206 0.0226168
0 0.945982 0.247653 0.0235438 0.0227543
0 0.497315 0.979329 0.0232639 0.0219507
0 0.720274 0.00637144 0.0334948 0.0127429
0 0.858623 0.702203 0.0247183 0.0229139
0 0.936894 0.292177 0.0235929 0.0229492
0 0.731783 0.323157 0.0249245 0.0234085
0 0.526614 0.0358599 0.0290781 0.0274008
0 0.211488 0.155845 0.0233336 0.0222228
0 0.97827 0.683226 0.023245 0.0220771
