0 0.285059 0.570008 0.0502006 0.0415452
0 0.344391 0.0749299 0.0361884 0.0295365
0 0.120367 0.959957 0.0344317 0.0275826
0 0.935639 0.559792 0.032249 0.0272427
0 0.262389 0.20972 0.0463655 0.0385588
0 0.382533 0.709174 0.0394399 0.032934
0 0.986086 0.987729 0.0275288 0.0245418
0 0.202426 0.744325 0.0632886 0.0537838
0 0.17384 0.125529 0.0332028 0.0286894
0 0.383018 0.856913 0.562846 0.283229
0 0.248491 0.963391 0.0285707 0.0233773
0 0.0828374 0.36295 0.0294271 0.0262599
0 0.115909 0.207869 0.0336418 0.0294912
0 0.589072 0.17539 0.0265064 0.0243891
0 0.547736 0.657913 0.0308007 0.0274474
0 0.0135148 0.203767 0.0260689 0.0237271
0 0.016426 0.702906 0.0286845 0.0227869
0 0.514722 0.00494327 0.0319972 0.00988655
0 0.395455 0.89797 0.035959 0.0299453
0 0.260329 0.904184 0.0271637 0.022397
0 0.276771 0.185956 0.147259 0.12257
0 0.964684 0.959559 0.0255399 0.0227604
0 0.43137 0.0719995 0.0420301 0.0353871
0 0.808926 0.990081 0.0261514 0.0198374
0 0.366477 0.107534 0.0369467 0.0320243
0 0.756105 0.934389 0.0458152 0.0381969
0 0.299184 0.995017 0.02814 0.00996704
