0 0.550739 0.809925 0.0522428 0.0512622
0 0.101442 0.0480812 0.0383358 0.0367926
0 0.988895 0.606271 0.0221052 0.0309882
0 0.157288 0.414283 0.311983 0.553576
0 0.888308 0.239778 0.0324449 0.0313808
0 0.947728 0.615446 0.0454314 0.0442867
0 0.485467 0.881006 0.0255631 0.0250612
0 0.982312 0.853658 0.0353303 0.159787
0 0.953174 0.775472 0.0334538 0.0330089
0 0.577464 0.637206 0.0232499 0.0228768
0 0.672466 0.0878579 0.0258826 0.0254883
0 0.729709 0.233198 0.323537 0.294188
0 0.860664 0.853462 0.141992 0.141862
0 0.117014 0.862217 0.0396879 0.0383672
0 0.945545 0.833485 0.0264581 0.025351
0 0.8331 0.610945 0.105859 0.10193
0 0.865028 0.676116 0.0872074 0.0859236
