0 0.313948 0.361586 0.391802 0.356367
0 0.0186629 0.828822 0.0372759 0.0462761
0 0.559461 0.0231152 0.0858538 0.0461347
0 0.091714 0.724203 0.0475517 0.0465412
0 0.31484 0.574289 0.0472751 0.04744
0 0.0848626 0.931866 0.0479209 0.0471256
0 0.120216 0.565917 0.140634 0.135693
0 0.354013 0.837966 0.0367051 0.036307
0 0.301599 0.884488 0.0484374 0.0468796
0 0.705181 0.0404718 0.0473468 0.0466771
0 0.0287987 0.916604 0.0304951 0.0297094
0 0.636476 0.661847 0.0338313 0.0330446
0 0.0646847 0.991884 0.0355833 0.0162323
0 0.705385 0.174464 0.0335578 0.0331825
0 0.402427 0.0494241 0.0533763 0.052363
0 0.121921 0.923914 0.0307829 0.0298155
0 0.19246 0.595743 0.0345843 0.0344386
0 0.275374 0.93029 0.0348521 0.0344694
0 0.0341378 0.393757 0.0682757 0.149258
0 0.167651 0.978764 0.0881451 0.0424725
0 0.219298 0.815189 0.0327825 0.0322597
0 0.156918 0.156197 0.313836 0.312395
0 0.259013 0.899044 0.0366986 0.0361708
0 0.113458 0.833972 0.0355298 0.0354804
0 0.154284 0.805217 0.0272991 0.026583
0 0.443434 0.821505 0.02514 0.0248261
0 0.399776 0.575959 0.0361458 0.0352949
0 0.286452 0.334024 0.0233809 0.0233673
0 0.193678 0.409756 0.0306873 0.0301213
0 0.254939 0.712585 0.0340533 0.0334424
0 0.0529004 0.687515 0.0355318 0.0338135
0 0.256284 0.956514 0.0372424 0.0359051
0 0.254334 0.990603 0.0291796 0.0187939
0 0.549166 0.336186 0.032828 0.031464
0 0.540888 0.493402 0.0262191 0.0257209
0 0.344593 0.694958 0.0323326 0.0324048
0 0.132391 0.733921 0.0320352 0.0312526
0 0.141043 0.763135 0.0245033 0.0241798
0 0.426056 0.665012 0.210529 0.215943
0 0.476265 0.9233 0.0377034 0.0359765
0 0.504447 0.489123 0.0388544 0.0373619
0 0.119349 0.970687 0.0837928 0.0584304
0 0.768467 0.891057 0.025914 0.0248356
0 0.534782 0.106942 0.326565 0.212836
0 0.198062 0.859839 0.0348428 0.0339141
0 0.423128 0.841014 0.0293046 0.0286551
0 0.118123 0.587064 0.0235505 0.023809
0 0.233124 0.86784 0.0255951 0.025393
0 0.0518504 0.730278 0.0292039 0.0284953
0 0.178147 0.938879 0.0640686 0.0629347
0 0.329118 0.049316 0.12189 0.0986319
0 0.372271 0.781098 0.0338728 0.0344007
0 0.280517 0.0623155 0.212055 0.124631
0 0.788976 0.458228 0.0673218 0.0651382
0 0.201623 0.514689 0.0308962 0.0302541
0 0.830979 0.136575 0.271898 0.258878
0 0.556396 0.772275 0.0874445 0.0843196
0 0.250983 0.586092 0.0274772 0.0268515
0 0.173011 0.641046 0.0272172 0.0269711
0 0.4561 0.215935 0.0395642 0.037295
