0 0.785143 0.363453 0.0403885 0.0383389
0 0.743798 0.0301606 0.0251894 0.0245242
0 0.796606 0.384237 0.0338268 0.0326744
0 0.912641 0.305382 0.0262335 0.025888
0 0.415893 0.505542 0.026899 0.0261234
0 0.769503 0.47067 0.0276809 0.0266731
0 0.779217 0.405555 0.0261302 0.0252507
0 0.408096 0.256539 0.0285246 0.0280053
0 0.248858 0.86856 0.0233622 0.0227242
0 0.979424 0.387219 0.0237812 0.0227425
0 0.084234 0.528085 0.023847 0.0230866
0 0.870046 0.601337 0.0259197 0.0254832
0 0.86438 0.405794 0.029021 0.0270058
0 0.626832 0.352741 0.0240296 0.0230813
0 0.464813 0.41827 0.0224253 0.0215853
0 0.0369371 0.776073 0.0222287 0.0218954
0 0.272512 0.128199 0.0228376 0.0216903
0 0.92832 0.642012 0.0250313 0.0244329
0 0.815614 0.709863 0.0244513 0.0238789
