0 0.804874 0.210543 0.0573997 0.0483038
0 0.241746 0.830748 0.038765 0.0339048
0 0.0193841 0.0220574 0.0387023 0.044069
0 0.571018 0.334875 0.0410145 0.0347358
0 0.779671 0.483989 0.0401348 0.0336263
0 0.70447 0.482375 0.032868 0.0285492
0 0.0605512 0.22675 0.121102 0.238715
0 0.895355 0.20825 0.035707 0.0304071
0 0.861554 0.119261 0.037612 0.0316274
0 0.29766 0.353074 0.0333634 0.0287731
0 0.254121 0.051045 0.0316955 0.0268977
0 0.419543 0.0185638 0.035061 0.0320758
0 0.673313 0.617695 0.0280357 0.0245945
0 0.314378 0.213525 0.0269691 0.0230977
0 0.155082 0.70602 0.0270257 0.0241694
0 0.947295 0.940595 0.0306955 0.0272967
0 0.432209 0.359541 0.031054 0.0269997
0 0.263824 0.539469 0.0282012 0.0237489
0 0.60842 0.837919 0.223483 0.19537
0 0.26435 0.619339 0.0274731 0.0239029
0 0.537179 0.27758 0.0268379 0.0232472
0 0.943798 0.0134338 0.0264508 0.0226252
0 0.108183 0.823476 0.0251568 0.0223753
0 0.461744 0.079446 0.105761 0.091412
0 0.719353 0.255855 0.0289402 0.0244552
0 0.312575 0.576374 0.0344914 0.029639
0 0.648763 0.36114 0.026162 0.0224792
0 0.905152 0.510144 0.0512268 0.0440226
0 0.245973 0.619024 0.0257625 0.0227358
0 0.868953 0.670133 0.0265835 0.0239196
0 0.569889 0.187885 0.233955 0.195919
0 0.209527 0.550331 0.0257529 0.0227431
0 0.920414 0.842973 0.0249516 0.0230112
0 0.249683 0.518696 0.0258351 0.0225287
0 0.224273 0.688564 0.0252636 0.0229205
0 0.896652 0.514823 0.0356064 0.0307784
0 0.260278 0.104487 0.0288797 0.0252443
0 0.589419 0.539223 0.0264009 0.0242146
0 0.885053 0.37941 0.0276732 0.0236361
