0 0.204032 0.0987584 0.10639 0.100928
0 0.843539 0.257236 0.0520106 0.047491
0 0.294092 0.438508 0.053434 0.0500012
0 0.0648931 0.863691 0.0396261 0.0356607
0 0.172628 0.735135 0.0322454 0.0300342
0 0.130564 0.834855 0.0314398 0.0284972
0 0.928598 0.446644 0.0285172 0.0264246
0 0.212129 0.803518 0.0274578 0.025127
0 0.613981 0.200807 0.0283878 0.0260229
0 0.957533 0.165708 0.0533031 0.0485285
0 0.492646 0.778301 0.0362042 0.0342406
0 0.271653 0.35787 0.063886 0.0599484
0 0.213208 0.168674 0.0463159 0.044548
0 0.84868 0.121719 0.0329011 0.0295272
0 0.0982842 0.404668 0.196568 0.253623
0 0.401092 0.901644 0.0253059 0.0237453
0 0.912597 0.955373 0.0355589 0.0333123
0 0.28385 0.0994375 0.0257717 0.0243916
0 0.262503 0.151763 0.0425467 0.0403599
0 0.959835 0.322318 0.0253764 0.0234856
0 0.105589 0.589707 0.0239792 0.0228348
0 0.165459 0.497646 0.0244331 0.0222732
0 0.817946 0.188864 0.0570045 0.0519805
0 0.872446 0.613279 0.0269349 0.0255566
0 0.545484 0.203568 0.0247066 0.0226709
0 0.218264 0.778825 0.0242707 0.0225541
0 0.142859 0.136446 0.0394534 0.0368644
0 0.489914 0.906098 0.0250935 0.0232313
0 0.180974 0.501141 0.13956 0.128044
0 0.246375 0.647996 0.0224923 0.021359
0 0.17881 0.30871 0.0381201 0.0362808
0 0.804312 0.829267 0.023643 0.0224991
0 0.477811 0.377569 0.0229466 0.0219799
0 0.00652368 0.21258 0.0130474 0.0328212
0 0.185719 0.566817 0.0502177 0.0449708
0 0.271715 0.31929 0.0330091 0.0309557
