0 0.271889 0.628396 0.0745329 0.0726694
0 0.494538 0.663029 0.100617 0.100162
0 0.443672 0.333143 0.0509115 0.0491535
0 0.970458 0.609992 0.0558884 0.0549135
0 0.296535 0.130915 0.0633538 0.0620092
0 0.299646 0.318064 0.064713 0.0642737
0 0.889632 0.461551 0.0362712 0.0351176
0 0.276536 0.0923189 0.0434552 0.0429159
0 0.0681405 0.483175 0.0361061 0.0349633
0 0.409405 0.629302 0.116695 0.111092
0 0.0256435 0.599506 0.0512871 0.0683905
0 0.323443 0.872759 0.038365 0.0381042
0 0.703516 0.332 0.057234 0.0557746
0 0.10454 0.897808 0.0592339 0.0572237
0 0.370179 0.810793 0.042233 0.0416486
0 0.286222 0.536783 0.069484 0.0682328
0 0.34334 0.769763 0.0476316 0.0466965
0 0.0834021 0.288253 0.051235 0.0501084
0 0.0552149 0.927538 0.0312623 0.0303928
0 0.588177 0.78534 0.0347819 0.034387
0 0.129775 0.608038 0.0286629 0.0283112
0 0.343879 0.596887 0.057999 0.056597
0 0.18228 0.911213 0.0328783 0.0326732
0 0.166066 0.305569 0.0493718 0.0479636
0 0.746628 0.859879 0.040203 0.0389391
0 0.720358 0.784853 0.0843595 0.0816171
0 0.269811 0.246301 0.0323166 0.0317155
0 0.634615 0.400786 0.0298881 0.0291912
0 0.617302 0.735769 0.038631 0.0374737
0 0.103515 0.232744 0.0272362 0.0266152
0 0.299549 0.769727 0.0377991 0.0368547
0 0.384207 0.943223 0.0363052 0.0354864
0 0.631147 0.624221 0.0289596 0.0289045
0 0.227705 0.792872 0.03496 0.0347297
0 0.00994762 0.312497 0.0198014 0.0386675
0 0.0853959 0.873682 0.0288851 0.0287436
0 0.671544 0.743472 0.0269747 0.0264382
0 0.204572 0.552541 0.059867 0.058514
0 0.501044 0.911532 0.0327638 0.0322536
0 0.431306 0.215516 0.0653111 0.064408
0 0.620497 0.957025 0.0327454 0.0316477
0 0.152024 0.53919 0.0452083 0.0446484
0 0.0195655 0.454687 0.03255 0.0319691
0 0.150548 0.889652 0.0247244 0.024882
0 0.532181 0.282188 0.0593908 0.0581454
0 0.693417 0.596345 0.025286 0.0247459
0 0.97412 0.654101 0.0277384 0.0265656
0 0.553324 0.797123 0.0327488 0.0317822
0 0.100447 0.529023 0.0281696 0.0278406
0 0.071347 0.224243 0.0238679 0.0234143
0 0.00928996 0.93168 0.0185799 0.0248654
0 0.262456 0.271407 0.0287371 0.0289409
0 0.715823 0.910557 0.0955371 0.0955391
0 0.595406 0.987387 0.0376101 0.0252251
0 0.340356 0.144458 0.0425803 0.0420925
0 0.0597025 0.747471 0.0255564 0.0250568
0 0.668683 0.582473 0.0281611 0.0279397
0 0.996153 0.112544 0.00769501 0.0359225
0 0.794153 0.462745 0.0235839 0.0237031
0 0.30864 0.21587 0.0253589 0.0250337
0 0.874576 0.941928 0.237526 0.115857
0 0.535075 0.565749 0.204199 0.195742
0 0.0686016 0.313189 0.0247033 0.0241511
0 0.251988 0.317302 0.0270112 0.0260989
0 0.876081 0.193903 0.0750835 0.0737755
0 0.504801 0.772721 0.0301794 0.0295038
0 0.280235 0.502588 0.0241167 0.0239644
0 0.850872 0.671255 0.295437 0.52787
0 0.753333 0.992645 0.0272581 0.0147102
0 0.0472806 0.981459 0.0256565 0.0252898
0 0.0460066 0.0375535 0.090485 0.0750792
0 0.468075 0.751611 0.0237508 0.02407
0 0.455175 0.620013 0.0433284 0.042357
0 0.979072 0.168847 0.026053 0.0252387
0 0.879602 0.115901 0.0243187 0.0235392
0 0.726621 0.832609 0.0356472 0.0355358
0 0.574456 0.931045 0.0659077 0.0649961
0 0.050948 0.14483 0.0792016 0.0756487
0 0.0455473 0.0687892 0.0910946 0.137034
0 0.0106027 0.719115 0.0212053 0.027298
0 0.129115 0.847604 0.0361216 0.0365033
0 0.789613 0.645344 0.0323312 0.0317173
0 0.513772 0.503027 0.0549145 0.0546031
