0 0.757387 0.441756 0.273674 0.266523
0 0.253239 0.0736044 0.149532 0.143998
0 0.898533 0.267724 0.0540801 0.0534918
0 0.610166 0.961162 0.136545 0.0776763
0 0.397245 0.0837321 0.176515 0.167434
0 0.650854 0.0335938 0.0523674 0.0509929
0 0.317405 0.151087 0.0416079 0.0413415
0 0.0565931 0.844312 0.0911602 0.0839039
0 0.40591 0.929619 0.0526636 0.0521921
0 0.420035 0.896468 0.0632922 0.0624682
0 0.523917 0.763173 0.0305986 0.0298796
0 0.403099 0.0491303 0.0267662 0.0265364
0 0.747609 0.106199 0.0515423 0.0499426
0 0.111539 0.752743 0.123346 0.114917
0 0.444458 0.645988 0.027235 0.0270641
0 0.143503 0.244213 0.051694 0.0493277
0 0.716766 0.835206 0.0366013 0.0351949
0 0.291558 0.754056 0.0300045 0.0293419
0 0.782223 0.0381859 0.255514 0.0763718
0 0.867097 0.873715 0.0263529 0.0253962
0 0.211986 0.5354 0.0809782 0.0766459
0 0.204904 0.290984 0.0582789 0.0568044
0 0.834523 0.922587 0.0778721 0.0738676
0 0.492142 0.893598 0.0881379 0.0866602
0 0.281399 0.931889 0.118274 0.113201
0 0.952621 0.967998 0.0239406 0.0230622
0 0.102414 0.0669327 0.151801 0.13223
0 0.353759 0.992571 0.0368356 0.0148575
0 0.283285 0.39985 0.0750292 0.0722669
0 0.353097 0.410674 0.0695345 0.0692773
0 0.267247 0.4464 0.108321 0.10409
0 0.84494 0.284142 0.0241 0.0235293
0 0.0376498 0.649147 0.0737849 0.0704291
0 0.767849 0.860753 0.0327396 0.0316296
0 0.708389 0.0638499 0.0304501 0.0296803
0 0.697382 0.984938 0.0451169 0.0301235
0 0.00690225 0.0221955 0.0138045 0.0432868
0 0.862755 0.320241 0.0248387 0.0233737
0 0.90353 0.951974 0.0410697 0.0391199
0 0.041478 0.559978 0.0488132 0.0458921
0 0.924807 0.488757 0.0245626 0.0238289
0 0.847407 0.307701 0.023035 0.022607
0 0.960913 0.834294 0.0231194 0.0227321
0 0.167767 0.0427577 0.143549 0.0855154
0 0.931333 0.724216 0.0780405 0.0757164
0 0.728334 0.48589 0.0218801 0.0214086
0 0.0150202 0.964677 0.0300405 0.0705802
0 0.754765 0.680214 0.0247362 0.0239537
0 0.737842 0.591574 0.237114 0.205518
0 0.0336321 0.715365 0.0667957 0.0868263
0 0.483402 0.294455 0.0688783 0.0679103
0 0.262457 0.0910869 0.0218854 0.0219698
0 0.0172141 0.179132 0.0344282 0.101191
0 0.203776 0.358833 0.102329 0.0990928
0 0.320152 0.775118 0.282926 0.25486
0 0.978337 0.0619374 0.043325 0.120286
0 0.41612 0.450393 0.113673 0.110004
