0 0.0588333 0.520461 0.117667 0.197623
0 0.281676 0.486908 0.0506989 0.0491315
0 0.894338 0.0186115 0.0358133 0.0352844
0 0.581547 0.765516 0.0304227 0.0300407
0 0.234592 0.775292 0.0623294 0.0563409
0 0.61476 0.655489 0.0325075 0.0316002
0 0.299679 0.75342 0.0356303 0.0352874
0 0.676034 0.204342 0.259565 0.252977
0 0.838307 0.0242868 0.0352405 0.0346499
0 0.111083 0.635546 0.0275029 0.0270951
0 0.0701158 0.309365 0.120794 0.11496
0 0.446789 0.564337 0.0745462 0.072089
0 0.676837 0.0281472 0.0264077 0.0263041
0 0.81642 0.37974 0.0250983 0.0249345
0 0.76587 0.739424 0.026912 0.0265251
0 0.250585 0.337318 0.0244632 0.0241404
0 0.14427 0.510956 0.0363019 0.0357785
0 0.860217 0.566454 0.0265436 0.0261771
0 0.373094 0.409907 0.0295708 0.0291595
0 0.747256 0.655758 0.0386314 0.0377158
0 0.0224166 0.166747 0.0250706 0.0242961
0 0.755305 0.715364 0.0274223 0.0270607
0 0.175338 0.347555 0.0273347 0.0266468
0 0.359361 0.467802 0.0252937 0.0251196
0 0.692626 0.658587 0.0732281 0.0711961
0 0.595491 0.365938 0.0298232 0.0291309
0 0.862264 0.428434 0.0242599 0.0237856
0 0.597908 0.339783 0.0283848 0.0285707
0 0.897772 0.650849 0.0237198 0.0234957
0 0.865648 0.658134 0.0705275 0.0691843
0 0.00575003 0.622336 0.0115001 0.0260407
0 0.493221 0.441024 0.0572147 0.0554406
0 0.988289 0.124537 0.0233541 0.0375156
0 0.549746 0.373145 0.0867335 0.0856452
0 0.369352 0.506147 0.0317876 0.0312486
0 0.0346555 0.278668 0.0691238 0.196127
0 0.732382 0.616047 0.0263318 0.0258026
0 0.87818 0.705787 0.0602667 0.0614138
0 0.282198 0.774078 0.0304424 0.0302151
0 0.387071 0.530314 0.0408622 0.039853
0 0.827849 0.548886 0.0277836 0.0271418
0 0.1358 0.774839 0.0259788 0.0262184
0 0.147803 0.786885 0.0267616 0.0254284
0 0.108777 0.401305 0.108208 0.101497
0 0.390858 0.728574 0.0243154 0.0241292
0 0.313306 0.603275 0.0238356 0.0233054
0 0.985239 0.682219 0.0294459 0.046629
0 0.0485364 0.303644 0.0293825 0.0283873
0 0.278627 0.573146 0.178459 0.170432
0 0.159809 0.296101 0.023436 0.0231586
0 0.269715 0.751982 0.0261405 0.0267296
0 0.875242 0.621144 0.0243439 0.0239778
0 0.480584 0.38719 0.0434532 0.0443956
0 0.345351 0.493356 0.0234524 0.0230613
0 0.751968 0.56728 0.039099 0.039012
0 0.230361 0.650028 0.0267915 0.0265191
0 0.522984 0.43537 0.0286191 0.0289276
0 0.609931 0.45833 0.0248259 0.0243088
