0 0.716627 0.267163 0.211174 0.203152
0 0.834194 0.342414 0.0608713 0.056927
0 0.473603 0.425507 0.0608052 0.0571779
0 0.0289479 0.0132367 0.0411559 0.0264734
0 0.89082 0.275236 0.036111 0.0336692
0 0.945816 0.15977 0.0514169 0.0492618
0 0.406538 0.0175427 0.0563386 0.0350328
0 0.690717 0.58142 0.0419883 0.0386038
0 0.865335 0.469665 0.0360537 0.0342442
0 0.153058 0.68231 0.0314662 0.0292764
0 0.972862 0.280989 0.0274066 0.0259454
0 0.963398 0.582452 0.0309553 0.0286676
0 0.571674 0.527657 0.0407803 0.0386852
0 0.649082 0.609742 0.0656355 0.0581934
0 0.741936 0.500951 0.031296 0.0288432
0 0.850639 0.546994 0.0278888 0.0261037
0 0.14737 0.0450557 0.0336336 0.0305488
0 0.120965 0.807944 0.0356583 0.0338411
0 0.925845 0.0526203 0.0363249 0.0352092
0 0.825539 0.705865 0.030827 0.0282562
0 0.952349 0.0350609 0.095177 0.0701217
0 0.498924 0.0904635 0.034408 0.0339172
0 0.652525 0.670078 0.0315962 0.0292094
0 0.448026 0.0490541 0.0536751 0.0517911
0 0.682649 0.344511 0.0249074 0.0240571
0 0.129581 0.502616 0.0244731 0.0231349
0 0.112634 0.311443 0.0297755 0.0266063
0 0.616404 0.842874 0.0294333 0.0264754
0 0.57847 0.0200191 0.0298755 0.0293564
0 0.726932 0.681882 0.0249138 0.0231584
0 0.968646 0.970463 0.0256001 0.0235124
0 0.595418 0.00724703 0.025656 0.0144498
0 0.354674 0.401903 0.027514 0.0260139
0 0.85061 0.500347 0.0252964 0.0235785
0 0.204492 0.214005 0.0592775 0.0551266
0 0.703848 0.90304 0.0241788 0.0224867
0 0.0168779 0.501077 0.0335498 0.039078
0 0.611482 0.645496 0.0446023 0.041611
0 0.938905 0.512544 0.0241804 0.0226137
0 0.987302 0.173019 0.0253958 0.140763
0 0.834182 0.446371 0.0242804 0.023311
0 0.818661 0.666948 0.0270845 0.0253937
0 0.103803 0.0929681 0.0251841 0.023057
0 0.779828 0.505501 0.0239301 0.0227801
0 0.564501 0.497505 0.0286808 0.0263245
0 0.564573 0.474927 0.0243382 0.0228265
0 0.39614 0.787904 0.0240395 0.0228643
0 0.499636 0.30706 0.049488 0.0464917
0 0.696489 0.631998 0.0241097 0.0220993
0 0.763192 0.927521 0.0230947 0.0220642
0 0.826559 0.510169 0.023535 0.0217675
0 0.214959 0.705988 0.078308 0.0735288
0 0.148973 0.470896 0.278878 0.241949
0 0.780516 0.625584 0.0242386 0.0228132
0 0.338272 0.232273 0.0274682 0.0261773
0 0.119734 0.621875 0.0253058 0.0238128
0 0.5874 0.246677 0.0267801 0.0253854
0 0.249637 0.402281 0.0824061 0.0761158
0 0.876641 0.0113118 0.0573606 0.0225885
