0 0.910842 0.100765 0.178147 0.197753
0 0.126257 0.126841 0.190682 0.184544
0 0.192313 0.487469 0.379436 0.466288
0 0.447213 0.0741503 0.135888 0.133032
0 0.726769 0.154556 0.0742984 0.0725242
0 0.202719 0.94593 0.0439196 0.0426743
0 0.337029 0.151799 0.0472693 0.0458149
0 0.978691 0.604353 0.0423415 0.0561449
0 0.612286 0.0275807 0.13093 0.0549242
0 0.643153 0.984487 0.0371149 0.0308739
0 0.848778 0.439663 0.0374908 0.0368922
0 0.338254 0.801857 0.0343352 0.0336142
0 0.178305 0.884261 0.0293375 0.0290697
0 0.351375 0.0107929 0.0380427 0.0215857
0 0.789443 0.112342 0.0588062 0.0573613
0 0.400788 0.793182 0.0311096 0.0305397
0 0.788866 0.300841 0.0292771 0.0287252
0 0.907058 0.443496 0.0282218 0.02761
0 0.380784 0.417958 0.0271236 0.0263381
0 0.543508 0.303992 0.0343559 0.0334758
0 0.202601 0.901149 0.025597 0.0254424
0 0.984155 0.218425 0.0274771 0.026836
0 0.697021 0.00742718 0.0379755 0.0148166
0 0.779404 0.867595 0.120494 0.117073
0 0.428986 0.909886 0.0605983 0.0613565
0 0.807543 0.399032 0.0254854 0.0253049
0 0.0718687 0.223771 0.0964607 0.0937734
0 0.550337 0.106289 0.0797299 0.0776844
0 0.0125038 0.00791048 0.0249479 0.015821
0 0.532732 0.0337661 0.0779325 0.0668508
0 0.694658 0.0265802 0.0248377 0.024381
0 0.30933 0.0528494 0.0240715 0.0236249
0 0.960931 0.33649 0.0781376 0.116903
0 0.460791 0.954895 0.0443319 0.0428076
0 0.183279 0.818304 0.0235416 0.0232189
0 0.424511 0.340811 0.141829 0.139962
0 0.397577 0.814104 0.0846988 0.0822272
0 0.09169 0.758137 0.0234492 0.0229646
0 0.792873 0.190705 0.104463 0.103169
0 0.699169 0.653928 0.0236137 0.0234215
0 0.677259 0.0178668 0.0232852 0.0230938
0 0.171945 0.855112 0.0226045 0.0218998
0 0.905326 0.920035 0.189347 0.159212
0 0.762877 0.979274 0.0229535 0.0224934
0 0.149241 0.282926 0.161549 0.159038
0 0.727239 0.555995 0.0906401 0.0881217
