0 0.488114 0.530478 0.349992 0.282748
0 0.0655081 0.705457 0.122925 0.106303
0 0.494615 0.908582 0.284003 0.181534
0 0.484168 0.115819 0.0810119 0.0684255
0 0.276468 0.67797 0.124414 0.105263
0 0.312726 0.214313 0.129294 0.110565
0 0.971682 0.656208 0.0565103 0.0649446
0 0.964866 0.150306 0.047861 0.0387457
0 0.79367 0.247122 0.231197 0.196957
0 0.112531 0.515867 0.0811155 0.0668658
0 0.428204 0.336082 0.0400044 0.0335211
0 0.68018 0.557806 0.15057 0.126655
0 0.635538 0.105461 0.0971372 0.0801677
0 0.78127 0.122318 0.0772822 0.0637334
0 0.872011 0.123973 0.105022 0.0853752
0 0.811163 0.0806405 0.0339149 0.0277582
0 0.677216 0.451465 0.0305679 0.026053
0 0.590322 0.296337 0.0291117 0.0242901
0 0.0209576 0.44214 0.0418596 0.0408362
0 0.252102 0.563382 0.162272 0.13483
0 0.364082 0.041515 0.0322354 0.0263132
0 0.742179 0.0125528 0.0352259 0.0250472
0 0.0404438 0.108415 0.0808876 0.153997
0 0.0173175 0.396049 0.034635 0.0578434
0 0.766046 0.581243 0.032747 0.0278618
0 0.424016 0.859666 0.0294124 0.0253103
0 0.545663 0.770947 0.285905 0.229757
0 0.987876 0.428182 0.0240644 0.0263834
0 0.335296 0.893822 0.028392 0.0235324
0 0.170516 0.604538 0.0320056 0.0278008
0 0.293845 0.144371 0.0361887 0.0292691
0 0.277311 0.765227 0.0252674 0.0226862
0 0.201961 0.624327 0.0409233 0.0350269
0 0.162091 0.0077245 0.0292074 0.0154192
0 0.650245 0.0122179 0.0380869 0.0244357
0 0.218829 0.242743 0.0264535 0.022747
0 0.133115 0.363705 0.0287827 0.0244976
0 0.360772 0.984514 0.145346 0.0308779
0 0.672513 0.270944 0.032342 0.0277503
0 0.00865051 0.552496 0.017301 0.0681188
0 0.943607 0.946393 0.030706 0.0263794
0 0.875736 0.184625 0.026292 0.0216814
0 0.847192 0.969465 0.183002 0.0610696
0 0.913087 0.189992 0.0299592 0.0243894
0 0.0304999 0.928589 0.042371 0.0366322
0 0.536235 0.845292 0.0259159 0.0227711
0 0.0953516 0.00698983 0.0501669 0.0139797
0 0.975492 0.373081 0.0485544 0.0544969
0 0.215845 0.395361 0.0334269 0.0280306
0 0.931879 0.971969 0.0317991 0.0267601
0 0.154728 0.43802 0.0387269 0.0326837
0 0.0704799 0.069579 0.0304959 0.025503
0 0.162597 0.150904 0.0252834 0.0216504
0 0.312891 0.0861208 0.0299666 0.0251128
0 0.858286 0.259036 0.0921958 0.0742618
0 0.0993176 0.96122 0.19665 0.0775604
0 0.177214 0.673629 0.031423 0.0268897
0 0.279346 0.305399 0.118483 0.0998631
0 0.524773 0.226063 0.0971138 0.0820656
0 0.0157174 0.275742 0.0312785 0.216562
0 0.988388 0.239674 0.0232239 0.0251934
0 0.0156579 0.238604 0.0313159 0.121219
0 0.177735 0.948751 0.0268537 0.02294
0 0.73065 0.0738306 0.0849926 0.0686299
0 0.658491 0.227236 0.0509224 0.042731
0 0.176449 0.328657 0.0461804 0.0376092
