0 0.975427 0.622298 0.0491465 0.0528654
0 0.795661 0.563452 0.0294957 0.0272677
0 0.789495 0.704559 0.0259924 0.0247443
0 0.579318 0.210448 0.025982 0.0245907
0 0.869984 0.575941 0.0254841 0.0243158
0 0.372224 0.29849 0.0251144 0.0236562
0 0.672352 0.545549 0.0238201 0.0221236
0 0.139752 0.239362 0.0241217 0.0231332
0 0.757933 0.45185 0.0234447 0.0224999
0 0.32684 0.930964 0.0238335 0.022402
0 0.00519851 0.785822 0.010397 0.0506657
0 0.803111 0.782311 0.032651 0.0300796
0 0.621662 0.227688 0.0229287 0.0216034
0 0.0664739 0.568965 0.0291159 0.0279913
0 0.267252 0.140634 0.0287783 0.0275506
0 0.0967696 0.901217 0.0427665 0.0411053
0 0.0700993 0.876413 0.050867 0.0489882
0 0.432201 0.226655 0.0226357 0.0212885
0 0.0541843 0.554198 0.031131 0.0289586
0 0.0909074 0.5858 0.0291837 0.0275655
