0 0.413619 0.508876 0.124134 0.119972
0 0.139033 0.0566592 0.0981891 0.0941521
0 0.811294 0.104422 0.0840222 0.0817026
0 0.798398 0.38949 0.0632174 0.0619074
0 0.0175754 0.282281 0.0351507 0.0429975
0 0.0599631 0.190438 0.0422034 0.0414562
0 0.492021 0.797104 0.0998022 0.0953297
0 0.129821 0.270243 0.0400703 0.0393752
0 0.127485 0.187644 0.0377503 0.0364642
0 0.523673 0.663628 0.0393451 0.0381806
0 0.761106 0.73535 0.0375819 0.0360572
0 0.31316 0.682637 0.0353509 0.0348668
0 0.230604 0.597678 0.0325702 0.0313839
0 0.984448 0.760252 0.0311041 0.0554404
0 0.375662 0.667663 0.0264697 0.0258659
0 0.740069 0.695287 0.0272148 0.0269365
0 0.532799 0.737775 0.066971 0.0654697
0 0.647577 0.581558 0.0403035 0.0390954
0 0.252752 0.698879 0.0281322 0.026977
0 0.952531 0.871982 0.0283729 0.0276149
0 0.209593 0.054155 0.0309407 0.0297938
0 0.288368 0.717119 0.0286984 0.0281405
0 0.157526 0.930092 0.0358709 0.0349026
0 0.283244 0.675847 0.030702 0.0300455
0 0.848857 0.507638 0.0251368 0.0245693
0 0.264865 0.349172 0.028439 0.0275396
0 0.674107 0.356553 0.0268016 0.0261304
0 0.117523 0.652434 0.0251719 0.0245997
0 0.844154 0.545079 0.0249157 0.0244281
0 0.687208 0.648714 0.0246892 0.024085
0 0.883304 0.0756804 0.0258839 0.0252008
0 0.27019 0.222249 0.0256417 0.0248101
0 0.0402206 0.397576 0.024506 0.0240523
0 0.801741 0.578475 0.0243647 0.0243096
0 0.230209 0.102416 0.0241832 0.0235456
0 0.560608 0.616094 0.0237423 0.0233571
0 0.456109 0.845322 0.0319602 0.030935
0 0.0916229 0.509596 0.0248959 0.0242103
0 0.276104 0.18361 0.0238037 0.0233399
0 0.448929 0.826913 0.0241939 0.0240545
0 0.969167 0.0447645 0.0248216 0.0241407
0 0.247801 0.389588 0.0237972 0.0234987
0 0.0966217 0.971581 0.112276 0.056804
0 0.835493 0.756912 0.0484877 0.0481703
0 0.00383531 0.0622895 0.00767062 0.0248266
0 0.852317 0.415629 0.025785 0.0250474
0 0.0329522 0.0730272 0.0221476 0.0213033
0 0.541595 0.707164 0.0226614 0.022491
0 0.641935 0.422966 0.023299 0.0228915
0 0.169111 0.339467 0.0231953 0.0228292
0 0.34002 0.193616 0.023394 0.023207
0 0.534738 0.479985 0.023893 0.0231576
0 0.324905 0.531931 0.0218415 0.0215032
0 0.134246 0.146649 0.022225 0.0216422
0 0.608107 0.793985 0.023139 0.022493
0 0.865684 0.243796 0.0231571 0.0225942
0 0.692679 0.00355948 0.0256205 0.00707964
0 0.319555 0.241411 0.0217371 0.0213478
0 0.198281 0.102723 0.0217664 0.021182
0 0.541136 0.530914 0.02537 0.0248469
