0 0.921592 0.607614 0.0450513 0.0433475
0 0.0614475 0.255112 0.0379675 0.0365275
0 0.648056 0.943932 0.0298704 0.0290909
0 0.857804 0.411663 0.0390708 0.0381108
0 0.973626 0.290248 0.0527475 0.0571481
0 0.12397 0.544562 0.0318305 0.0304265
0 0.196306 0.271246 0.0324171 0.0307767
0 0.860268 0.520451 0.0388892 0.0376687
0 0.290393 0.512904 0.0288719 0.0278641
0 0.810794 0.836021 0.0258189 0.0247564
0 0.779686 0.799748 0.0268979 0.0260586
0 0.438718 0.772722 0.0259119 0.0249551
0 0.255164 0.323281 0.0265427 0.0253176
0 0.271393 0.258776 0.0271453 0.0257283
0 0.264505 0.642948 0.0270612 0.0263083
0 0.719676 0.500619 0.0344755 0.0326525
0 0.122514 0.845129 0.0272925 0.0257075
0 0.904345 0.455009 0.0295224 0.028314
0 0.280785 0.534767 0.0255558 0.0245066
0 0.691179 0.42861 0.0272715 0.025965
0 0.923439 0.127803 0.0308968 0.0294629
0 0.56062 0.113983 0.024519 0.0236519
0 0.935884 0.474605 0.0249297 0.0238556
0 0.289559 0.650587 0.0326734 0.0317111
0 0.47186 0.737574 0.0245144 0.0239943
0 0.704833 0.55463 0.0257066 0.0248901
0 0.149353 0.934977 0.0256706 0.0241604
0 0.0657833 0.838974 0.0280657 0.0260254
0 0.507486 0.911558 0.0231592 0.0224586
0 0.989624 0.672045 0.0207516 0.0231626
0 0.951904 0.11209 0.0308196 0.0298447
0 0.781096 0.39247 0.0247327 0.0237506
0 0.156324 0.672195 0.0254749 0.024946
0 0.0565362 0.781466 0.0239499 0.0228726
0 0.720962 0.69104 0.0255937 0.0246687
0 0.803326 0.369369 0.0298148 0.0287702
0 0.920693 0.106934 0.0349334 0.0350582
0 0.872291 0.335613 0.0250587 0.0244881
0 0.457692 0.759111 0.0229732 0.0222338
0 0.34034 0.677861 0.0284681 0.0276465
0 0.865623 0.553534 0.0253575 0.0247662
