0 0.052938 0.707603 0.0385858 0.0370925
0 0.34664 0.779519 0.0502701 0.0470277
0 0.923521 0.765113 0.0370814 0.0365553
0 0.451004 0.618431 0.0292402 0.0290632
0 0.803931 0.256086 0.0314437 0.0306505
0 0.985421 0.529047 0.0290501 0.0702467
0 0.513879 0.310163 0.027492 0.02646
0 0.64049 0.287908 0.0305381 0.0299716
0 0.41767 0.0256764 0.0243088 0.0238511
0 0.337836 0.02613 0.065066 0.0522599
0 0.206302 0.38643 0.0237682 0.0228412
0 0.631317 0.040417 0.0589399 0.0566186
0 0.996698 0.766227 0.00660324 0.025229
0 0.758889 0.0294557 0.0455411 0.0438829
0 0.398607 0.08499 0.0268942 0.0268576
