0 0.315881 0.248621 0.119309 0.0980735
0 0.191062 0.0596658 0.111308 0.0860036
0 0.167411 0.795618 0.05812 0.0492509
0 0.783942 0.773057 0.432115 0.429895
0 0.775422 0.948789 0.184381 0.102423
0 0.402677 0.341194 0.0567929 0.0478278
0 0.891891 0.563676 0.0690718 0.0578368
0 0.949562 0.435263 0.0541234 0.044434
0 0.249412 0.421359 0.0334478 0.0279579
0 0.0185397 0.418846 0.032661 0.0267639
0 0.0200237 0.185124 0.0400473 0.0417408
0 0.832547 0.124451 0.032847 0.0269629
0 0.225743 0.762853 0.0300611 0.0260201
0 0.491292 0.683309 0.0339257 0.0287588
0 0.672765 0.670524 0.0349154 0.0291586
0 0.442998 0.50687 0.578987 0.556962
0 0.481226 0.515376 0.0329989 0.0280433
0 0.51408 0.639053 0.0289158 0.0244396
0 0.107514 0.533945 0.215027 0.481209
0 0.727988 0.847119 0.0280517 0.0242754
0 0.496651 0.574853 0.0316215 0.0269957
0 0.321601 0.764621 0.029105 0.0241076
0 0.573701 0.716056 0.0278034 0.0240278
0 0.545905 0.992482 0.0548028 0.0150123
0 0.52023 0.67126 0.0281974 0.023142
0 0.31071 0.539894 0.0266303 0.0231065
0 0.247764 0.44877 0.0279766 0.0235704
0 0.66217 0.986446 0.0399655 0.0267432
0 0.838801 0.574434 0.031292 0.0260711
0 0.932853 0.262572 0.0405256 0.0344106
0 0.511916 0.499337 0.0356037 0.0306229
0 0.223436 0.604162 0.0307776 0.0262244
0 0.395671 0.382329 0.0280821 0.0239135
0 0.902676 0.0442706 0.0273312 0.0235953
0 0.227158 0.0614593 0.0607359 0.0506593
0 0.987817 0.37553 0.02425 0.0666025
0 0.641541 0.869977 0.157426 0.133843
