0 0.792824 0.694921 0.265518 0.228215
0 0.234602 0.454153 0.466988 0.369243
0 0.624369 0.0929103 0.127811 0.105981
0 0.616559 0.30146 0.137231 0.109814
0 0.613397 0.473632 0.204661 0.164314
0 0.223882 0.073915 0.0929522 0.0754305
0 0.237448 0.828708 0.115632 0.0958231
0 0.0338939 0.886022 0.0677878 0.0779472
0 0.85552 0.243589 0.180176 0.150449
0 0.863587 0.951915 0.0910552 0.0721912
0 0.757739 0.29277 0.0735891 0.0604782
0 0.550276 0.681079 0.121231 0.100105
0 0.743203 0.371638 0.0337793 0.0283131
0 0.210676 0.170286 0.244524 0.210481
0 0.351784 0.290489 0.219018 0.175952
0 0.958003 0.858719 0.0316747 0.0259448
0 0.335965 0.723307 0.205872 0.179308
0 0.733701 0.196457 0.0537517 0.0436689
0 0.640247 0.629208 0.0417895 0.0349943
0 0.841056 0.366691 0.0536351 0.0446374
0 0.960928 0.910653 0.0780153 0.0968361
0 0.092925 0.67748 0.18585 0.37083
0 0.637352 0.219468 0.143051 0.117743
0 0.943585 0.286866 0.108971 0.0871909
0 0.669322 0.948392 0.0770631 0.0604836
0 0.854744 0.991058 0.0516257 0.0178841
0 0.70662 0.529106 0.0570579 0.0479158
0 0.786539 0.341895 0.0482643 0.0383349
0 0.866274 0.416008 0.0298038 0.024883
0 0.889238 0.830569 0.0272175 0.0235658
0 0.574202 0.948465 0.120276 0.100583
0 0.936141 0.53865 0.0287416 0.0236466
0 0.741602 0.981655 0.183686 0.0365307
0 0.743377 0.49545 0.0513322 0.0431881
0 0.887501 0.391144 0.0392073 0.0325573
0 0.717673 0.282264 0.0800023 0.0674363
0 0.941794 0.203164 0.116413 0.117071
0 0.52241 0.865277 0.181232 0.146883
0 0.981804 0.337329 0.036393 0.0866313
0 0.950757 0.39466 0.0984863 0.100338
0 0.621945 0.979166 0.0874438 0.0416681
0 0.407053 0.949371 0.0280816 0.0224216
0 0.637297 0.158278 0.0478239 0.0399364
0 0.976501 0.388433 0.0469393 0.0500868
0 0.749879 0.894285 0.0388798 0.0305557
0 0.0409444 0.98737 0.0508376 0.0252601
0 0.233653 0.670364 0.0922225 0.0759301
0 0.978274 0.685715 0.0312392 0.024085
0 0.615962 0.368574 0.0674844 0.0537753
0 0.863836 0.0492972 0.0265973 0.0224727
0 0.984953 0.514306 0.0300938 0.0583336
0 0.741051 0.0758624 0.0336337 0.0270413
0 0.824321 0.479848 0.0506638 0.0406095
0 0.995636 0.146328 0.00872898 0.023174
0 0.144579 0.132383 0.130462 0.105985
0 0.672462 0.8303 0.0340333 0.0269854
0 0.31383 0.20795 0.544114 0.414984
0 0.494649 0.0177259 0.0659513 0.0354517
