0 0.0711418 0.241484 0.0609113 0.0548301
0 0.775633 0.31939 0.444782 0.536095
0 0.366465 0.926864 0.120607 0.107323
0 0.322789 0.557956 0.061271 0.0551522
0 0.124175 0.668058 0.0532842 0.0481857
0 0.0846297 0.858139 0.0395895 0.0365067
0 0.353005 0.662201 0.054301 0.0495088
0 0.138082 0.377113 0.0542786 0.048075
0 0.848987 0.298341 0.0370533 0.0351549
0 0.153482 0.842079 0.0537248 0.0491323
0 0.286733 0.335636 0.0461199 0.0421687
0 0.196314 0.675385 0.0399217 0.0364847
0 0.146892 0.327791 0.0330243 0.0294707
0 0.671142 0.376343 0.0519307 0.0479631
0 0.0571128 0.947068 0.0866817 0.0800449
0 0.342775 0.694895 0.0286421 0.0264933
0 0.960135 0.0264775 0.0783062 0.0527576
0 0.0840376 0.470881 0.0463416 0.0416769
0 0.520898 0.553681 0.0383996 0.0354483
0 0.806116 0.037091 0.0311327 0.0301692
0 0.44829 0.745033 0.027096 0.0249962
0 0.629487 0.968901 0.192127 0.0621977
0 0.67819 0.610789 0.0557156 0.0497716
0 0.384531 0.744161 0.0290952 0.0262768
0 0.465039 0.948487 0.0940474 0.084867
0 0.89483 0.656264 0.0350933 0.0316938
0 0.928241 0.357515 0.0267566 0.0249351
0 0.549464 0.506959 0.0272449 0.0255348
0 0.40858 0.349911 0.0485842 0.0453548
0 0.905105 0.0420247 0.03174 0.0298161
0 0.6082 0.00770772 0.0277563 0.0153847
0 0.431132 0.500367 0.0245336 0.0232831
0 0.169507 0.850308 0.336375 0.299384
0 0.657231 0.824371 0.0267501 0.0241575
0 0.287853 0.0303675 0.0416359 0.0372776
0 0.182902 0.312086 0.36098 0.578251
0 0.446497 0.345116 0.0324684 0.030525
0 0.510411 0.154018 0.0278425 0.0267043
0 0.515053 0.863144 0.0315956 0.0283122
0 0.113598 0.974074 0.0534313 0.0486445
0 0.4765 0.984951 0.0265918 0.0244463
0 0.488101 0.673305 0.0248883 0.023742
0 0.414504 0.984981 0.123813 0.0300159
0 0.608464 0.0885045 0.0261952 0.0251209
0 0.320161 0.00581778 0.0229077 0.0116356
0 0.885273 0.688363 0.0261065 0.0229998
0 0.353908 0.497873 0.025026 0.0239965
0 0.159917 0.235542 0.102674 0.0882389
0 0.517781 0.926147 0.033565 0.0306414
