0 0.429215 0.335521 0.0393961 0.0362487
0 0.837361 0.922751 0.0379683 0.0369682
0 0.277542 0.924077 0.0325422 0.0304214
0 0.697289 0.496356 0.0282211 0.025464
0 0.550324 0.718392 0.0255036 0.023675
0 0.624179 0.988412 0.0276793 0.023176
0 0.431689 0.43346 0.025816 0.0236989
0 0.70321 0.982972 0.0317545 0.0309914
0 0.5742 0.823282 0.0266633 0.0253914
0 0.439578 0.267568 0.0441921 0.0421004
0 0.0174026 0.340901 0.0347661 0.0401657
0 0.518535 0.50282 0.0333688 0.0308986
0 0.333035 0.467858 0.0308009 0.0293043
0 0.250791 0.770597 0.0312047 0.0287158
0 0.00854123 0.833942 0.0170825 0.0398291
0 0.230287 0.340612 0.0276733 0.0264446
0 0.849462 0.241203 0.0292922 0.0265937
0 0.115433 0.432454 0.0272827 0.0253398
0 0.491822 0.455998 0.0241856 0.0222835
0 0.0487742 0.362236 0.0323515 0.0306686
0 0.802281 0.490852 0.0286999 0.0271266
0 0.644809 0.980478 0.025599 0.0250533
0 0.67029 0.731217 0.0258901 0.0242922
0 0.580358 0.398523 0.0293696 0.0272914
0 0.931526 0.345904 0.0346661 0.0325058
0 0.298468 0.0851652 0.0236594 0.0230966
0 0.564605 0.0388678 0.02797 0.0268668
0 0.50976 0.763301 0.0235342 0.0222444
0 0.542913 0.386202 0.0269135 0.0248754
0 0.612574 0.24394 0.0244353 0.0231934
0 0.0849039 0.415174 0.0277854 0.0263381
0 0.344642 0.761054 0.0309079 0.0288777
0 0.545929 0.258845 0.0348034 0.033048
0 0.44499 0.760053 0.0322583 0.0301077
0 0.258073 0.559161 0.0329083 0.0296947
0 0.504438 0.48488 0.0304641 0.0283418
0 0.604372 0.0881909 0.0306501 0.028359
0 0.955823 0.327876 0.0273107 0.0252999
0 0.591457 0.0565982 0.028224 0.0266234
0 0.395275 0.274477 0.0375304 0.0353179
0 0.538749 0.530688 0.0310943 0.0293642
0 0.536092 0.671791 0.0263422 0.0243439
0 0.0913606 0.366301 0.0284802 0.0269176
0 0.325469 0.286887 0.022939 0.0220667
0 0.878639 0.395805 0.026453 0.0238463
0 0.367207 0.578017 0.0275617 0.0248476
0 0.42026 0.383061 0.0243433 0.0227328
0 0.193215 0.738026 0.0274937 0.0253928
0 0.195327 0.850933 0.0253506 0.0238789
0 0.20523 0.276887 0.022439 0.0212624
0 0.329974 0.387583 0.0256834 0.0242082
0 0.975184 0.735009 0.0231061 0.0221178
