0 0.758967 0.331487 0.0968247 0.0909636
0 0.285111 0.933004 0.0604554 0.0582983
0 0.609708 0.621982 0.051838 0.050384
0 0.234956 0.878798 0.0465143 0.0440252
0 0.714526 0.525411 0.0409844 0.0380521
0 0.829178 0.497871 0.168942 0.162355
0 0.118437 0.447436 0.042354 0.0409784
0 0.538634 0.453825 0.0349076 0.0327867
0 0.159143 0.0303308 0.100741 0.0604472
0 0.481758 0.0339028 0.0616709 0.057
0 0.912326 0.0171541 0.0551262 0.0343081
0 0.302417 0.427772 0.0351557 0.0339966
0 0.793718 0.614714 0.027903 0.026782
0 0.360972 0.0167519 0.0410474 0.0332665
0 0.508332 0.581897 0.0329671 0.0317822
0 0.596353 0.664063 0.0314705 0.0299444
0 0.622701 0.761321 0.232207 0.202223
0 0.141129 0.272148 0.046414 0.0453503
0 0.112644 0.649512 0.0293449 0.0280535
0 0.434566 0.498702 0.0289841 0.0271654
0 0.353648 0.204815 0.43013 0.407119
0 0.933234 0.0673824 0.0721334 0.066096
0 0.151304 0.327115 0.028917 0.0282741
0 0.709851 0.0878408 0.047624 0.042618
0 0.139975 0.239691 0.0433597 0.0414925
0 0.020239 0.20167 0.0268609 0.0260179
0 0.0803004 0.378382 0.0248806 0.0242916
0 0.842984 0.0814192 0.0485964 0.0446902
0 0.177922 0.749254 0.0259575 0.0249226
0 0.83761 0.611845 0.0245748 0.0239181
0 0.141539 0.156258 0.0266892 0.0262218
0 0.148524 0.550387 0.0255245 0.024905
0 0.61616 0.206428 0.257658 0.256119
0 0.349502 0.401249 0.0236256 0.0230389
0 0.66357 0.828436 0.0279429 0.026679
0 0.209891 0.803456 0.0252976 0.0244357
0 0.0333532 0.248126 0.0256623 0.0250619
0 0.233124 0.0147845 0.0365599 0.0295243
0 0.556954 0.52475 0.0245061 0.0232031
0 0.171388 0.480851 0.0251111 0.0239
0 0.575032 0.914835 0.0260123 0.0253781
0 0.681419 0.523794 0.0268478 0.0258667
0 0.0527101 0.59384 0.0848144 0.0808506
0 0.555026 0.877967 0.0246193 0.0237543
0 0.861583 0.364821 0.095685 0.0894588
0 0.926557 0.769423 0.0802935 0.077751
0 0.459416 0.310894 0.13182 0.12258
0 0.651184 0.415484 0.0244421 0.0230303
0 0.885017 0.601696 0.0268305 0.0260459
0 0.943643 0.445249 0.111894 0.381916
0 0.603631 0.0320889 0.0369342 0.0340947
0 0.983298 0.143774 0.0332257 0.0477343
0 0.587064 0.793084 0.0235941 0.0230236
0 0.861698 0.657995 0.0224862 0.0222067
0 0.902691 0.72126 0.100898 0.0969172
0 0.633881 0.911913 0.0938835 0.0887438
0 0.0451768 0.0698977 0.0430984 0.0415136
0 0.0566933 0.357 0.0280697 0.027145
0 0.840852 0.797157 0.148866 0.138607
0 0.542262 0.0545451 0.0409167 0.0369097
0 0.638264 0.426545 0.1133 0.103169
