0 0.672477 0.139009 0.190954 0.169533
0 0.1856 0.340764 0.053148 0.0471121
0 0.442513 0.598652 0.039568 0.0359935
0 0.24556 0.85788 0.03415 0.0302386
0 0.199435 0.86988 0.0326233 0.0282005
0 0.198182 0.141636 0.0446463 0.0415193
0 0.817756 0.952337 0.0284128 0.0263924
0 0.937923 0.657157 0.0264812 0.0247627
0 0.158658 0.717883 0.0284204 0.0253072
0 0.218101 0.458457 0.0356466 0.0331768
0 0.229605 0.31939 0.0282199 0.0261071
0 0.358937 0.358284 0.0270833 0.0248915
0 0.273977 0.846357 0.0270234 0.0243945
0 0.380546 0.147576 0.026759 0.0259104
0 0.453139 0.669656 0.0369099 0.0335722
0 0.0142044 0.370743 0.0269501 0.0243579
0 0.612388 0.666172 0.0302138 0.0278814
0 0.304426 0.707648 0.0276069 0.0250176
0 0.657319 0.551817 0.0293193 0.0276165
0 0.303118 0.251871 0.0372624 0.034135
0 0.218603 0.11311 0.0285093 0.0268391
0 0.834302 0.0168661 0.0305412 0.0266262
0 0.0414733 0.302318 0.0247897 0.0231055
0 0.539736 0.30364 0.0239585 0.0229579
0 0.0243367 0.866257 0.0243836 0.0228168
0 0.227471 0.988581 0.0245607 0.021672
0 0.534271 0.862054 0.0256563 0.0242559
0 0.301244 0.731679 0.0285449 0.0258825
0 0.868888 0.0916662 0.0302731 0.0262097
0 0.238241 0.132734 0.027063 0.0249125
0 0.473735 0.277453 0.023703 0.0226763
0 0.976275 0.760938 0.0277831 0.0259356
0 0.893489 0.391372 0.101932 0.0859371
0 0.242149 0.254999 0.0462913 0.043134
0 0.911533 0.204733 0.033109 0.0269628
0 0.627623 0.492643 0.0225756 0.0210632
