0 0.636071 0.434814 0.0423756 0.0404502
0 0.291627 0.727076 0.0319022 0.0313982
0 0.193892 0.615623 0.0343304 0.0331236
0 0.35846 0.949855 0.0316288 0.0303061
0 0.378559 0.590805 0.0275716 0.0263224
0 0.288495 0.269706 0.0272275 0.0252843
0 0.269325 0.222045 0.0276175 0.0263725
0 0.0209086 0.528481 0.0256141 0.0243828
0 0.519183 0.151474 0.0254803 0.0240079
0 0.853914 0.767463 0.0247748 0.0243242
0 0.808082 0.252201 0.0243368 0.0238811
0 0.0888963 0.727825 0.022979 0.0224814
0 0.771632 0.258361 0.0238242 0.0231395
0 0.288407 0.044726 0.0234057 0.0223609
0 0.284878 0.579111 0.0229063 0.0219526
