0 0.485372 0.394215 0.0723053 0.0548738
0 0.29894 0.367527 0.111111 0.0842492
0 0.640231 0.164247 0.105193 0.0789997
0 0.963385 0.113144 0.0729994 0.0736869
0 0.911026 0.0460758 0.0680506 0.0510288
0 0.173329 0.141114 0.15944 0.118198
0 0.395905 0.534777 0.120751 0.0908587
0 0.856468 0.709105 0.0797842 0.0598078
0 0.920331 0.341164 0.112674 0.0875847
0 0.901967 0.236525 0.0587305 0.0454582
0 0.848606 0.0407743 0.0677715 0.050912
0 0.140004 0.281628 0.0793217 0.0587479
0 0.094482 0.367542 0.0914 0.0695941
0 0.640978 0.524352 0.0577977 0.044615
0 0.526284 0.271831 0.0589315 0.0449988
0 0.57377 0.714842 0.107927 0.0764976
0 0.454005 0.432046 0.0620303 0.0467384
0 0.750682 0.168566 0.0747489 0.0565287
0 0.331961 0.741708 0.046965 0.0341659
0 0.450711 0.620772 0.0610065 0.045413
0 0.810139 0.883886 0.111976 0.0832696
0 0.591924 0.0706455 0.0786774 0.0595815
0 0.973666 0.0444961 0.0526678 0.0839396
0 0.336101 0.231518 0.0677629 0.0514057
0 0.795441 0.131902 0.0714515 0.0530598
0 0.873408 0.838702 0.0968698 0.0737683
0 0.54845 0.762157 0.0491076 0.0365942
0 0.242074 0.256074 0.109217 0.084573
0 0.0264775 0.353951 0.0529551 0.0623677
0 0.952707 0.227228 0.0562183 0.0431607
0 0.903717 0.932909 0.0585356 0.0441639
0 0.516152 0.782882 0.0502766 0.0366493
0 0.790067 0.321457 0.11002 0.0823138
0 0.329698 0.933784 0.0316671 0.0233728
0 0.93638 0.918109 0.109327 0.0794416
0 0.0238543 0.718113 0.0477086 0.0446088
0 0.739364 0.511236 0.0728521 0.055774
0 0.781907 0.0456572 0.0642407 0.0494336
0 0.862387 0.911608 0.054693 0.0414503
0 0.959952 0.745188 0.0440221 0.0325572
0 0.274517 0.507998 0.0464821 0.0339944
0 0.237843 0.494075 0.0346718 0.0251924
0 0.280777 0.666125 0.0391219 0.0286691
0 0.0290177 0.295415 0.0580224 0.0540665
0 0.31173 0.876993 0.0516488 0.0386925
0 0.141828 0.0723992 0.12225 0.0933512
0 0.330178 0.312358 0.0745957 0.0573697
0 0.68929 0.540964 0.0508377 0.0377142
0 0.762934 0.266641 0.138167 0.106667
0 0.679621 0.0335809 0.0753071 0.0587637
0 0.901943 0.671421 0.0545007 0.0403986
0 0.124403 0.770258 0.0555133 0.0396916
0 0.638883 0.486259 0.0401964 0.0304356
0 0.70406 0.748687 0.0610342 0.0449407
0 0.269095 0.298776 0.070864 0.052856
0 0.364912 0.691831 0.064792 0.0487053
0 0.316957 0.672867 0.0445624 0.0323804
0 0.820837 0.185149 0.0716369 0.0550254
0 0.384091 0.429664 0.0815516 0.0597035
0 0.775877 0.6228 0.0956369 0.0694544
0 0.00849123 0.803366 0.0169825 0.0487223
0 0.797645 0.769785 0.0722063 0.0544164
0 0.72827 0.969043 0.146325 0.0619135
0 0.663543 0.776726 0.0504094 0.0378599
0 0.512489 0.627825 0.0551591 0.0409098
0 0.0517669 0.12278 0.103534 0.0936308
0 0.302177 0.472883 0.050629 0.0384973
0 0.186511 0.225956 0.0819762 0.0607533
0 0.950532 0.983334 0.0582337 0.0333323
0 0.258564 0.473118 0.0366265 0.0279734
0 0.732761 0.781602 0.062109 0.0444059
0 0.362469 0.587439 0.0494461 0.0361589
0 0.305696 0.272258 0.0430731 0.0326697
0 0.253728 0.062836 0.0726823 0.0554208
0 0.421234 0.204854 0.0489019 0.0369629
0 0.0144696 0.754199 0.0288968 0.028589
0 0.614515 0.0319532 0.0813608 0.0597599
0 0.80132 0.081135 0.0702736 0.0529823
0 0.73764 0.0133591 0.0471483 0.026459
0 0.597919 0.246036 0.0943881 0.0728098
0 0.958345 0.266373 0.0385637 0.0288073
0 0.689186 0.202927 0.0891571 0.0677962
0 0.340273 0.637931 0.0352478 0.0267437
0 0.507261 0.178858 0.0394567 0.0300995
0 0.640617 0.418151 0.0414371 0.0303766
0 0.420474 0.962536 0.334841 0.0736361
0 0.476181 0.233922 0.0566384 0.0443604
0 0.134525 0.929117 0.0618475 0.0443811
0 0.163957 0.508763 0.0448101 0.0339658
0 0.519504 0.0889674 0.0728461 0.0530671
0 0.236099 0.456166 0.0515512 0.03877
0 0.0899155 0.98213 0.0639584 0.0352659
0 0.621101 0.833639 0.0475531 0.0337413
0 0.847138 0.98736 0.0326648 0.0237928
0 0.399161 0.477644 0.0981652 0.07674
0 0.250178 0.75533 0.0436862 0.0320578
0 0.0862501 0.540132 0.0580108 0.0430949
0 0.442488 0.926774 0.0352142 0.025639
0 0.142792 0.861199 0.0592217 0.0439142
0 0.598572 0.122997 0.0711043 0.0523917
0 0.15835 0.881903 0.0871141 0.0645216
0 0.689255 0.386617 0.0335205 0.0256205
0 0.259101 0.961117 0.0546425 0.0411654
0 0.562393 0.168009 0.0637801 0.0482648
0 0.807275 0.768848 0.0890304 0.0614563
0 0.43296 0.575084 0.0608519 0.0454234
0 0.781131 0.81512 0.0406888 0.0311907
0 0.902867 0.991679 0.0370801 0.0166425
0 0.978972 0.433385 0.0418675 0.0520575
0 0.797594 0.701854 0.0371025 0.0269667
0 0.23964 0.522959 0.0371463 0.028014
0 0.915351 0.0856943 0.0326406 0.0247608
0 0.981458 0.991317 0.0368555 0.0173664
0 0.491538 0.300026 0.0432747 0.0333768
0 0.165463 0.342277 0.0597842 0.044371
0 0.509576 0.348287 0.0428531 0.0334358
0 0.719083 0.220591 0.0715544 0.054231
0 0.775393 0.744766 0.0285702 0.0213077
0 0.116299 0.463657 0.0523385 0.038178
0 0.494099 0.677705 0.0316673 0.0235403
0 0.401364 0.23287 0.0694357 0.052309
0 0.585131 0.235243 0.06916 0.0540525
0 0.711664 0.141699 0.0410767 0.0309106
0 0.0683529 0.752147 0.0724418 0.0566649
0 0.0169947 0.504493 0.0339894 0.092226
0 0.547469 0.41159 0.0719136 0.0537192
0 0.0379434 0.23541 0.0415036 0.032064
0 0.393553 0.285234 0.0581046 0.043823
0 0.927214 0.530984 0.0334485 0.0256597
0 0.416024 0.0344237 0.0836125 0.0635111
0 0.937468 0.761141 0.0357711 0.0259786
0 0.204995 0.789313 0.0951207 0.0711823
0 0.131592 0.422525 0.0441484 0.0326436
0 0.969533 0.177214 0.0266827 0.0208511
0 0.500793 0.740404 0.0543682 0.0401629
0 0.555719 0.852738 0.0840365 0.0599863
0 0.666341 0.0309802 0.101547 0.0606821
0 0.468867 0.835713 0.0369407 0.0263538
0 0.232642 0.988189 0.0580473 0.023622
0 0.0603807 0.813201 0.0756412 0.0563081
0 0.706655 0.69137 0.0383613 0.0283728
0 0.822033 0.436467 0.0499032 0.0382903
0 0.174403 0.813073 0.0604986 0.046159
