0 0.571214 0.950851 0.109457 0.0982985
0 0.600236 0.482539 0.184962 0.174798
0 0.285403 0.425987 0.19601 0.193761
0 0.72724 0.733015 0.220952 0.210053
0 0.516435 0.397944 0.145509 0.141972
0 0.273779 0.734559 0.162616 0.153874
0 0.430071 0.956345 0.0878939 0.083499
0 0.156683 0.0867177 0.0811262 0.0788429
0 0.792023 0.108114 0.0643954 0.0607183
0 0.553134 0.0604646 0.0510033 0.0493341
0 0.312891 0.868343 0.0442649 0.0420084
0 0.0179999 0.550235 0.0359475 0.0385764
0 0.49602 0.707915 0.0415092 0.0396033
0 0.561488 0.172786 0.0415523 0.0401955
0 0.163327 0.460394 0.100964 0.0953658
0 0.631042 0.898921 0.0697626 0.0693037
0 0.592808 0.676997 0.0473989 0.0444941
0 0.23415 0.185071 0.0933943 0.0908659
0 0.708628 0.360444 0.169692 0.160487
0 0.886307 0.137922 0.0538855 0.0512304
0 0.889596 0.204404 0.0520527 0.0480312
0 0.0533324 0.0241417 0.0569199 0.0480358
0 0.767708 0.289939 0.0467302 0.0424054
0 0.914256 0.0859243 0.0345328 0.0331155
0 0.672334 0.623728 0.0395792 0.0372913
0 0.434111 0.687866 0.0360374 0.034059
0 0.274255 0.896699 0.0343337 0.0327504
0 0.805176 0.835726 0.053679 0.0517888
0 0.250633 0.0681735 0.0366583 0.0357872
0 0.91093 0.938597 0.038323 0.0367954
0 0.474849 0.0108272 0.030794 0.0216061
0 0.292039 0.950267 0.0321603 0.0298884
0 0.300815 0.823423 0.0338865 0.0324447
0 0.838065 0.5783 0.064417 0.0607185
0 0.617872 0.185837 0.0480563 0.0457929
0 0.0904733 0.139691 0.0372784 0.0371708
0 0.54766 0.556715 0.0431232 0.040971
0 0.928446 0.123952 0.0555054 0.0515259
0 0.412135 0.292602 0.0266573 0.0259473
0 0.105224 0.0103217 0.042852 0.0206135
0 0.738788 0.319361 0.0313864 0.0303551
0 0.829894 0.921337 0.054814 0.0519123
0 0.201873 0.23872 0.070471 0.0689806
0 0.610558 0.120457 0.028698 0.0276854
0 0.60255 0.82305 0.0293968 0.0279875
0 0.181309 0.562595 0.0314571 0.0306005
0 0.236256 0.0161406 0.0550166 0.0322564
0 0.851994 0.72481 0.0344827 0.0329504
0 0.952954 0.343418 0.0295913 0.0282387
0 0.88277 0.909645 0.0288642 0.0278152
0 0.699857 0.500017 0.0489175 0.0463651
0 0.646106 0.0315388 0.0302222 0.0292978
0 0.358966 0.636422 0.0283134 0.027195
0 0.640086 0.290088 0.0267088 0.0259056
0 0.420877 0.654396 0.0452694 0.0417579
0 0.542975 0.771257 0.0309993 0.0292857
0 0.203725 0.976693 0.226454 0.0466148
0 0.318714 0.252719 0.0442057 0.0422897
0 0.965084 0.872592 0.0447773 0.0424771
0 0.103141 0.567859 0.0336811 0.0321932
0 0.447004 0.0442901 0.0295123 0.0291418
0 0.751456 0.172378 0.0275383 0.0268058
0 0.703776 0.3657 0.026041 0.0245855
0 0.426692 0.0927572 0.0336227 0.0322014
0 0.0478316 0.195689 0.0787501 0.0792795
0 0.282872 0.067942 0.027835 0.0269666
0 0.593772 0.0686189 0.0253103 0.0245374
0 0.198452 0.12199 0.0720002 0.0705009
0 0.655378 0.118035 0.024398 0.0237466
0 0.131715 0.215425 0.0309164 0.0300287
0 0.879493 0.874517 0.0304745 0.0295609
0 0.124243 0.842213 0.0348045 0.0326129
0 0.0522924 0.66676 0.0335037 0.0325419
0 0.689622 0.106969 0.0274565 0.0266663
0 0.964168 0.545901 0.0560573 0.0517181
0 0.126948 0.159287 0.0232018 0.0232424
0 0.143488 0.579575 0.0441364 0.0425003
0 0.766201 0.558029 0.0306787 0.0286004
0 0.58747 0.135077 0.0251112 0.024505
0 0.987874 0.82795 0.024252 0.044014
0 0.536255 0.340841 0.037715 0.0364429
0 0.924683 0.638574 0.0379477 0.0350211
0 0.93274 0.219143 0.0390844 0.03616
0 0.827497 0.880151 0.0311284 0.0301506
0 0.951375 0.774225 0.0337174 0.0316144
0 0.368773 0.545299 0.0618252 0.057862
0 0.159464 0.172175 0.0506392 0.0503953
0 0.0850741 0.884624 0.107364 0.103997
0 0.797736 0.530071 0.0359749 0.0332962
0 0.209931 0.0610294 0.045033 0.0449948
0 0.57786 0.755001 0.0378785 0.0358232
0 0.0530333 0.901545 0.0325152 0.0314541
0 0.207225 0.814643 0.0344569 0.0329835
0 0.773896 0.825084 0.0259395 0.0250714
0 0.979001 0.432955 0.0257979 0.0241246
0 0.576634 0.252997 0.072809 0.0693256
0 0.346268 0.67229 0.0260437 0.0256448
0 0.735179 0.509252 0.0264752 0.0246898
0 0.0554278 0.387169 0.0890928 0.0839583
0 0.333669 0.836363 0.030691 0.0291729
0 0.761253 0.354118 0.0699904 0.0634727
0 0.731559 0.204943 0.0233448 0.0228295
0 0.710601 0.0902909 0.0237858 0.023181
0 0.302814 0.661091 0.0429257 0.0403605
0 0.179973 0.771006 0.0368008 0.0345459
0 0.958304 0.808148 0.0317211 0.0302251
0 0.116021 0.612491 0.0423843 0.0405941
0 0.974661 0.154033 0.0433749 0.0407635
0 0.103716 0.0438185 0.0514873 0.0498253
0 0.280394 0.130567 0.0369559 0.0361706
0 0.0208137 0.906116 0.0321988 0.0307549
0 0.446802 0.361485 0.0252735 0.0248038
0 0.100095 0.0656852 0.0312094 0.0311713
0 0.238623 0.0407841 0.0279151 0.0274111
0 0.8976 0.31836 0.0493614 0.0449727
0 0.268001 0.241247 0.0434021 0.0416537
0 0.435368 0.0690129 0.224501 0.137331
0 0.156216 0.252135 0.0396846 0.0399716
0 0.0263702 0.648615 0.0301229 0.029355
0 0.580099 0.330869 0.0284348 0.0279616
0 0.672478 0.0895103 0.0266258 0.0259286
0 0.189608 0.683633 0.0299667 0.029489
0 0.118704 0.693472 0.102997 0.0976992
0 0.734921 0.449879 0.0815223 0.0741013
0 0.765389 0.268351 0.0234765 0.0228086
0 0.895455 0.554786 0.0590019 0.0548548
0 0.448921 0.606212 0.0251491 0.0240483
0 0.0421884 0.176014 0.0832711 0.347265
0 0.038503 0.10204 0.077006 0.187809
0 0.614217 0.30688 0.0421515 0.0404789
0 0.160907 0.375636 0.0772219 0.0731548
0 0.699145 0.2183 0.0240571 0.0237576
0 0.0252246 0.00704124 0.0504493 0.0140825
0 0.799218 0.151564 0.0374034 0.0369782
0 0.930994 0.152775 0.0340697 0.0322802
0 0.301733 0.647055 0.0291059 0.0284369
0 0.15132 0.742187 0.0252166 0.0246706
0 0.381102 0.481152 0.073107 0.0691393
0 0.918392 0.961577 0.162265 0.0768462
0 0.0182883 0.854635 0.0274604 0.026996
0 0.742189 0.60618 0.0370232 0.0349274
0 0.831563 0.258038 0.0232018 0.0224688
0 0.275671 0.0941882 0.0262619 0.0266359
0 0.800276 0.420217 0.06315 0.0589466
0 0.0480586 0.374282 0.0670343 0.0651855
0 0.123126 0.523847 0.0246989 0.02449
