0 0.534064 0.0680771 0.143687 0.126956
0 0.199387 0.496583 0.267871 0.264441
0 0.812635 0.323512 0.144263 0.139505
0 0.0108055 0.121593 0.0216111 0.0302091
0 0.95031 0.194785 0.0374721 0.0357947
0 0.491033 0.804078 0.0250257 0.0245554
0 0.373323 0.345604 0.0627218 0.0610971
0 0.217195 0.190809 0.0369378 0.0352528
0 0.402353 0.210852 0.0259187 0.0240293
0 0.390592 0.832202 0.0289184 0.0287082
0 0.786294 0.467369 0.0358546 0.0346005
0 0.851308 0.418986 0.0292051 0.0285761
0 0.849705 0.0443164 0.054772 0.0491296
0 0.159792 0.586582 0.0761786 0.0737525
0 0.963542 0.499743 0.025634 0.0243955
0 0.376441 0.578699 0.0287022 0.0283341
0 0.585368 0.920899 0.0398307 0.0387452
0 0.4847 0.620803 0.0332821 0.0323392
0 0.227944 0.699667 0.0237499 0.0231509
0 0.230352 0.633194 0.0335379 0.0324122
0 0.445148 0.608923 0.0375416 0.0364511
0 0.347455 0.801722 0.0232208 0.0228343
0 0.914444 0.461176 0.0396313 0.0371533
0 0.799235 0.175417 0.0498932 0.0468326
0 0.966406 0.209525 0.0236726 0.0228401
0 0.515938 0.977593 0.0272138 0.0268769
0 0.972774 0.275678 0.0308695 0.0299699
0 0.48077 0.771956 0.0300248 0.0296846
0 0.566635 0.601288 0.0232871 0.0231152
0 0.451935 0.00584679 0.0264551 0.0116936
