0 0.201862 0.308801 0.25259 0.243575
0 0.0775316 0.627267 0.0545851 0.0506082
0 0.411026 0.519353 0.370579 0.35407
0 0.0676593 0.710794 0.0416978 0.0387998
0 0.611939 0.423219 0.0276813 0.0262241
0 0.369219 0.44499 0.0593913 0.0564104
0 0.0658171 0.879164 0.0515019 0.046106
0 0.220455 0.13839 0.0274045 0.0260011
0 0.674686 0.556287 0.0306087 0.0297584
0 0.546442 0.213129 0.0374534 0.0363294
0 0.0914284 0.844046 0.0572432 0.051729
0 0.639193 0.370475 0.0240266 0.0227782
0 0.197277 0.437403 0.0260081 0.0250423
0 0.394311 0.188252 0.0871639 0.0819621
0 0.625074 0.356346 0.0231352 0.0223285
0 0.222462 0.847874 0.0351547 0.0325319
0 0.16989 0.61687 0.0340399 0.0329175
0 0.46506 0.668554 0.0231554 0.0222352
0 0.723951 0.0517522 0.0262321 0.0252159
0 0.111532 0.99207 0.0301115 0.0158594
0 0.5058 0.28454 0.0383068 0.036463
0 0.824859 0.502573 0.0233815 0.0229017
