0 0.32033 0.649038 0.17266 0.138059
0 0.445362 0.469719 0.0569981 0.0453072
0 0.903874 0.111456 0.0460324 0.0351302
0 0.199818 0.873769 0.0840178 0.071214
0 0.452454 0.403434 0.10087 0.0789111
0 0.344489 0.488631 0.070735 0.0533832
0 0.958435 0.150635 0.0328708 0.0259471
0 0.582961 0.65421 0.0521905 0.0391582
0 0.318899 0.533108 0.0351877 0.0277455
0 0.647944 0.443667 0.036684 0.0280758
0 0.068566 0.0710248 0.0304403 0.0273512
0 0.854543 0.280851 0.031981 0.026072
0 0.711408 0.00735719 0.0315356 0.0146573
0 0.3127 0.928201 0.0465457 0.0354047
0 0.378445 0.537831 0.0851887 0.0683131
0 0.674037 0.905063 0.0760646 0.0635643
0 0.224479 0.8312 0.0480892 0.0400405
0 0.953633 0.58953 0.0278002 0.0233653
0 0.116545 0.481754 0.0506461 0.0413423
0 0.415621 0.0563172 0.0475401 0.0388373
0 0.518869 0.538581 0.0288386 0.0227621
0 0.574877 0.597988 0.0596993 0.0483735
0 0.547121 0.572346 0.0307994 0.0238363
0 0.479666 0.286276 0.554145 0.478598
0 0.781914 0.783156 0.115487 0.0937704
0 0.803859 0.483291 0.139497 0.112767
0 0.457027 0.987159 0.0365143 0.0255733
0 0.715852 0.548262 0.0334514 0.0261975
