0 0.274233 0.882825 0.0466765 0.0384045
0 0.917495 0.0570685 0.0601144 0.0476236
0 0.0607563 0.717259 0.039228 0.0310681
0 0.780468 0.863134 0.0396035 0.0324985
0 0.832033 0.87672 0.0519315 0.0415878
0 0.0474683 0.849072 0.0289822 0.0242408
0 0.265851 0.738083 0.0275347 0.0228698
0 0.937561 0.0777971 0.0392366 0.0306962
0 0.00697172 0.85412 0.0139434 0.0288329
0 0.710297 0.638714 0.0281453 0.0228553
0 0.766823 0.424742 0.024742 0.0220334
0 0.718949 0.87485 0.0282591 0.0231199
0 0.700789 0.282966 0.0242276 0.0207543
