0 0.954389 0.839301 0.0912213 0.091328
0 0.202665 0.852528 0.0604233 0.0577097
0 0.553625 0.405263 0.0470555 0.0453927
0 0.330391 0.733594 0.0450664 0.0437894
0 0.100546 0.591021 0.0389045 0.0380379
0 0.177753 0.626999 0.0372772 0.0362988
0 0.064305 0.615783 0.0390298 0.0377393
0 0.212968 0.661684 0.0418191 0.0404692
0 0.514087 0.427004 0.029769 0.0286339
0 0.624518 0.964552 0.0419381 0.0399052
0 0.0880402 0.562046 0.0382501 0.0373383
0 0.253964 0.408492 0.031702 0.0306896
0 0.0569693 0.694403 0.0352441 0.034503
0 0.412761 0.563748 0.0316918 0.0306231
0 0.193624 0.69643 0.0312691 0.0306068
0 0.270232 0.0849435 0.0270205 0.0260895
0 0.713934 0.243063 0.0290292 0.0284181
0 0.212153 0.195473 0.0333378 0.0317096
0 0.800208 0.38321 0.0311402 0.0299737
0 0.139318 0.0438884 0.033067 0.0314626
0 0.56172 0.512374 0.0336068 0.0328088
0 0.654275 0.172725 0.0333052 0.033029
0 0.618965 0.812213 0.0267191 0.0257768
0 0.812437 0.365772 0.0285719 0.027922
0 0.783981 0.58005 0.0265052 0.0260575
0 0.203578 0.17428 0.0333677 0.0317273
0 0.488438 0.852456 0.0253142 0.024421
0 0.762929 0.597331 0.0288768 0.0281401
0 0.487971 0.941936 0.0262003 0.0254046
0 0.0759059 0.163183 0.0295521 0.0285044
0 0.775943 0.966777 0.19155 0.0664464
0 0.828876 0.277494 0.0256009 0.025022
0 0.323574 0.787104 0.0298136 0.029308
0 0.400784 0.362144 0.024538 0.0238422
0 0.45035 0.779975 0.0278134 0.0267982
0 0.154917 0.837661 0.0240085 0.0233425
0 0.245314 0.837466 0.0331642 0.0322353
0 0.304752 0.944739 0.0252481 0.024619
0 0.506059 0.0955824 0.0244801 0.0234622
0 0.269069 0.72986 0.025228 0.0246832
0 0.8556 0.616902 0.0263328 0.0258408
0 0.0908685 0.540208 0.0264432 0.0266154
0 0.220294 0.631441 0.0251121 0.0244176
0 0.524678 0.485586 0.0575905 0.0573448
0 0.588196 0.139307 0.0252321 0.024862
0 0.0569963 0.766509 0.0684027 0.0672483
0 0.0302917 0.191295 0.0496625 0.0475835
0 0.236627 0.288876 0.0286529 0.0266854
0 0.0234026 0.400615 0.0344452 0.0332462
0 0.583817 0.633757 0.0377187 0.0369117
0 0.0506789 0.830437 0.055698 0.0548773
0 0.990426 0.218535 0.0191481 0.0251238
0 0.626457 0.378481 0.0312788 0.030568
0 0.272099 0.821231 0.0280049 0.027277
0 0.0922173 0.731552 0.0248997 0.0244048
0 0.594728 0.672474 0.0511022 0.0500793
0 0.902184 0.0120928 0.0272361 0.0239495
0 0.688964 0.601663 0.0230558 0.0232627
0 0.416767 0.221086 0.0552704 0.053263
0 0.506455 0.500189 0.0242393 0.0238409
0 0.72231 0.630292 0.0268659 0.0258362
0 0.739814 0.784751 0.0231813 0.0225115
0 0.651868 0.0528568 0.0270998 0.0264761
0 0.778363 0.416562 0.0229095 0.0222099
0 0.305347 0.91646 0.0233091 0.0229592
0 0.986884 0.243434 0.0245627 0.0244046
0 0.902564 0.118979 0.0225793 0.0223448
0 0.24059 0.800101 0.0248966 0.0243692
0 0.272334 0.96368 0.0992268 0.0725352
0 0.87504 0.00957948 0.0279398 0.0190745
0 0.0454843 0.207884 0.0239572 0.022782
0 0.0244909 0.704946 0.0235383 0.0232434
