0 0.238663 0.306505 0.158944 0.124573
0 0.246029 0.168101 0.180289 0.153005
0 0.246496 0.547361 0.228456 0.187792
0 0.274614 0.149165 0.0661107 0.0517702
0 0.412528 0.884407 0.067848 0.0558987
0 0.885114 0.589805 0.229772 0.19515
0 0.11655 0.461341 0.135917 0.109281
0 0.514594 0.219075 0.134936 0.105657
0 0.747128 0.534942 0.0554013 0.0453277
0 0.705497 0.157964 0.0462441 0.0359378
0 0.936391 0.0420758 0.0392828 0.0306398
0 0.508246 0.70208 0.0345826 0.0264309
0 0.709017 0.767062 0.0321228 0.026087
0 0.234216 0.823846 0.0558759 0.0451006
0 0.908897 0.315693 0.0373705 0.0301267
0 0.842798 0.745434 0.0415017 0.0336617
0 0.356111 0.780988 0.037757 0.0306101
0 0.0422947 0.344042 0.0845893 0.0748173
0 0.043481 0.523216 0.0280895 0.0239224
0 0.752993 0.3105 0.0288768 0.0231684
0 0.0389642 0.766074 0.0297461 0.0245976
0 0.0504291 0.706572 0.0375631 0.0317585
0 0.601309 0.023195 0.029444 0.0234288
0 0.19998 0.414585 0.0469155 0.036854
0 0.88018 0.385118 0.239479 0.220555
0 0.259941 0.416838 0.0803788 0.0661404
0 0.516127 0.137067 0.0292581 0.0231397
0 0.388358 0.0543558 0.0279798 0.0226826
0 0.948031 0.972125 0.0319213 0.0268723
0 0.526505 0.95082 0.0406437 0.0330017
0 0.218062 0.910216 0.0270031 0.0224813
0 0.379892 0.659417 0.0340191 0.0273356
0 0.317077 0.690224 0.0509723 0.0392809
0 0.443424 0.830438 0.199611 0.1586
0 0.444924 0.0384592 0.027087 0.0218193
0 0.849116 0.902289 0.0289927 0.0249901
0 0.0908266 0.376908 0.0557679 0.0438235
0 0.877697 0.952889 0.0255231 0.0220109
