0 0.328338 0.28665 0.258409 0.222097
0 0.650703 0.924735 0.161113 0.129544
0 0.838405 0.629351 0.120277 0.0946702
0 0.922246 0.933923 0.0529755 0.043646
0 0.645354 0.764105 0.124478 0.094671
0 0.641739 0.0472612 0.0398021 0.0306553
0 0.715626 0.751924 0.0879319 0.0690465
0 0.929811 0.836772 0.0409904 0.032939
0 0.940831 0.421478 0.0326569 0.0268252
0 0.807263 0.0387875 0.0494274 0.0402865
0 0.072432 0.229935 0.144864 0.239857
0 0.778416 0.960497 0.0312317 0.0258889
0 0.88016 0.262098 0.0544707 0.0437342
0 0.0269859 0.807711 0.0317124 0.0252779
0 0.76184 0.0526397 0.0398112 0.0322093
0 0.47316 0.896243 0.412689 0.207477
0 0.0218737 0.7158 0.0339629 0.0279006
0 0.606615 0.0283888 0.0334709 0.0260267
0 0.431574 0.493412 0.0370742 0.0285046
0 0.504884 0.493916 0.585083 0.57539
0 0.865206 0.470128 0.0438237 0.0361317
0 0.502681 0.828877 0.050219 0.0394182
0 0.853927 0.299562 0.0361617 0.0292058
0 0.525342 0.568286 0.0293921 0.0233307
0 0.778031 0.798629 0.126071 0.103418
0 0.295031 0.0972722 0.0525041 0.0424163
0 0.880856 0.780923 0.0347342 0.0292196
0 0.336606 0.957713 0.0274366 0.0231317
0 0.0219799 0.689352 0.0278499 0.0221546
0 0.937101 0.519744 0.0332651 0.0268475
0 0.96052 0.550046 0.0789609 0.0838628
0 0.630006 0.00482664 0.0298769 0.00964251
0 0.0446902 0.577864 0.0290391 0.0241291
0 0.373878 0.51029 0.0279741 0.0223412
0 0.0395868 0.229665 0.0249127 0.0215946
0 0.165834 0.590875 0.0333129 0.0265279
0 0.707231 0.0444865 0.0286226 0.0230732
0 0.832557 0.739901 0.0547687 0.0454648
0 0.617933 0.45932 0.122389 0.0997197
0 0.489914 0.366249 0.0370941 0.030863
0 0.980649 0.391575 0.0385674 0.0586562
0 0.205598 0.841178 0.0365523 0.0294221
0 0.43706 0.0223118 0.074336 0.0446237
