0 0.339866 0.395418 0.0390626 0.0348864
0 0.449609 0.442406 0.0422521 0.0373795
0 0.619003 0.248612 0.0295186 0.0273974
0 0.0915346 0.193033 0.0572939 0.0540237
0 0.78567 0.0761111 0.0286466 0.0259988
0 0.372925 0.574509 0.0286286 0.0249722
0 0.662109 0.26361 0.0291852 0.0263215
0 0.561382 0.379295 0.0302 0.0269491
0 0.195815 0.67598 0.0300942 0.027178
0 0.396989 0.360324 0.0282836 0.0249096
0 0.893695 0.484339 0.026886 0.0242267
0 0.271344 0.485399 0.0322249 0.0289923
0 0.629168 0.486997 0.0269773 0.0244964
0 0.200435 0.644994 0.0348134 0.0312104
0 0.415724 0.164526 0.0446519 0.0418953
0 0.852298 0.880066 0.0258374 0.0240022
0 0.421195 0.122933 0.0384881 0.0366005
0 0.112249 0.263822 0.0280235 0.0255841
0 0.529825 0.46696 0.026015 0.0233761
0 0.646765 0.370275 0.0282341 0.0257981
0 0.191882 0.620627 0.0312168 0.0279076
0 0.851575 0.0416989 0.0271764 0.0250775
0 0.575412 0.297811 0.0295131 0.0262091
0 0.687213 0.522175 0.04722 0.0429709
0 0.994209 0.941533 0.0115818 0.0547338
0 0.952196 0.880729 0.0245653 0.0221823
0 0.0425687 0.337592 0.0249617 0.0228292
0 0.271562 0.541503 0.0299238 0.0259731
0 0.15381 0.697646 0.0407245 0.0369368
0 0.0969986 0.221195 0.0400624 0.0386333
0 0.443259 0.0591756 0.0245973 0.0237245
0 0.593774 0.0623108 0.0258544 0.0246799
0 0.984921 0.901443 0.0243848 0.0223495
0 0.339423 0.0536192 0.0248964 0.0237423
0 0.727151 0.465968 0.0282019 0.0257653
0 0.717463 0.644377 0.0292594 0.0265893
0 0.772858 0.830249 0.0346577 0.0322975
0 0.860287 0.0831442 0.0296853 0.0282641
0 0.643568 0.243797 0.0248801 0.0230791
0 0.653886 0.404388 0.0235211 0.0215075
0 0.548257 0.5516 0.028295 0.0260067
