0 0.266078 0.392504 0.0831432 0.080853
0 0.738329 0.421354 0.060458 0.0589191
0 0.774967 0.7451 0.0434041 0.0417571
0 0.180773 0.190807 0.0426443 0.0410174
0 0.228493 0.92779 0.0355692 0.0348411
0 0.765639 0.471492 0.0485942 0.0479945
0 0.647624 0.604332 0.0481184 0.0473716
0 0.547894 0.474647 0.0490043 0.0487783
0 0.598942 0.301492 0.0366194 0.0357876
0 0.580034 0.00820752 0.0282401 0.0163019
0 0.774691 0.626079 0.0376299 0.0372685
0 0.758886 0.54383 0.0348551 0.0336213
0 0.359349 0.232985 0.027174 0.0268513
0 0.978302 0.637844 0.0432393 0.0670365
0 0.71353 0.598607 0.0355045 0.0343844
0 0.814327 0.182801 0.371345 0.365602
0 0.325602 0.858728 0.0279325 0.027425
0 0.250326 0.868751 0.0234131 0.0233583
0 0.258685 0.556256 0.029061 0.0280461
0 0.243001 0.155333 0.0290249 0.0284699
0 0.742058 0.769067 0.0295844 0.0287598
0 0.187142 0.24837 0.0269123 0.0261059
0 0.367564 0.213182 0.0249498 0.0249056
0 0.0674305 0.662449 0.0278268 0.0272384
0 0.459711 0.769877 0.0259619 0.0255873
0 0.642231 0.37363 0.0246468 0.0244792
0 0.0628136 0.939054 0.0278218 0.0272433
0 0.064656 0.224292 0.0389903 0.0379907
0 0.253733 0.897505 0.0524303 0.0523591
0 0.128487 0.487159 0.058971 0.0557013
0 0.0470627 0.170228 0.0414465 0.0399013
0 0.704627 0.551487 0.0370232 0.0356986
0 0.0512046 0.20227 0.030605 0.0301682
0 0.4544 0.942753 0.036147 0.0352446
0 0.235808 0.902444 0.0290526 0.0275738
0 0.812813 0.00920296 0.0321324 0.0183688
0 0.0162641 0.456835 0.0231428 0.0228224
0 0.3352 0.0754269 0.363388 0.150854
0 0.608824 0.447861 0.0350981 0.0336932
0 0.733332 0.571867 0.0300074 0.0291017
0 0.141448 0.83593 0.0230513 0.0229287
0 0.0306489 0.173311 0.0262062 0.0256993
0 0.770689 0.96591 0.0294676 0.0290238
0 0.206111 0.860505 0.0638967 0.0633162
0 0.939032 0.587466 0.0877697 0.0876562
0 0.245294 0.729534 0.0322076 0.0309904
0 0.176462 0.928737 0.0730019 0.0684781
0 0.298173 0.340622 0.0343833 0.0327972
0 0.916238 0.308583 0.0250219 0.0247264
0 0.260459 0.077378 0.520917 0.150966
0 0.0541131 0.403692 0.0235006 0.0231611
0 0.258722 0.835451 0.0228202 0.0225587
