0 0.605101 0.535056 0.0671464 0.0664628
0 0.621529 0.679755 0.0624922 0.0616035
0 0.742249 0.076057 0.0637159 0.0626231
0 0.591949 0.383073 0.05337 0.0524702
0 0.56458 0.439725 0.0502067 0.0499225
0 0.541312 0.128883 0.0425242 0.0412006
0 0.755072 0.255854 0.035078 0.0338204
0 0.635938 0.939541 0.0420902 0.0417171
0 0.352226 0.412709 0.0483987 0.047278
0 0.627241 0.902013 0.0356958 0.0356878
0 0.547348 0.209725 0.0395653 0.0385536
0 0.568564 0.770913 0.0284981 0.0278935
0 0.20022 0.732347 0.0331733 0.0327706
0 0.15918 0.751768 0.031031 0.0304492
0 0.643649 0.967399 0.0355778 0.0347436
0 0.487082 0.138457 0.0325798 0.0318917
0 0.589201 0.232154 0.0288272 0.0283733
0 0.465938 0.257949 0.0269744 0.0262182
0 0.974014 0.651039 0.0289824 0.0278406
0 0.767229 0.886115 0.0256095 0.0250642
0 0.363159 0.450333 0.0493185 0.0487335
0 0.917753 0.47714 0.0391912 0.0385087
0 0.375807 0.649721 0.0252427 0.0246886
0 0.886431 0.979572 0.0295487 0.0294425
0 0.520015 0.218789 0.0239558 0.0238069
0 0.136645 0.202039 0.0323019 0.0312111
0 0.601581 0.102074 0.0282356 0.0274888
0 0.540261 0.174693 0.025116 0.0246093
0 0.47492 0.169293 0.0264463 0.0258183
0 0.452256 0.394534 0.0434854 0.0443213
0 0.161391 0.160403 0.0293216 0.0282801
0 0.483553 0.273992 0.0241215 0.0233718
0 0.784784 0.030113 0.027592 0.0267563
0 0.063759 0.103925 0.0683682 0.0675428
0 0.992578 0.271578 0.0148445 0.0540269
0 0.48977 0.215836 0.0243124 0.0239809
0 0.264494 0.426652 0.0239445 0.0235283
0 0.647014 0.439628 0.0252086 0.0245401
0 0.767694 0.297814 0.0228641 0.0225716
0 0.305194 0.304206 0.0248806 0.0245253
0 0.18502 0.801273 0.0720913 0.0711613
0 0.176748 0.967742 0.0440402 0.0426753
0 0.183649 0.0141906 0.0404664 0.0283495
0 0.590235 0.0213854 0.0243279 0.0235749
0 0.175313 0.669618 0.0787911 0.0755711
0 0.486766 0.574653 0.0283469 0.0281677
0 0.323213 0.716853 0.0269071 0.0265245
0 0.461041 0.118345 0.0278951 0.0272205
0 0.141164 0.772033 0.0312466 0.0308887
0 0.803055 0.156684 0.0244916 0.0244183
0 0.972933 0.370735 0.0364699 0.0364166
0 0.83308 0.959823 0.225602 0.0799055
0 0.459866 0.638717 0.0357889 0.0355816
0 0.505163 0.159887 0.0266901 0.0259067
0 0.981506 0.530657 0.0226245 0.0220041
0 0.459087 0.367456 0.0468343 0.0475241
0 0.401469 0.838622 0.0222009 0.0218487
0 0.509405 0.112018 0.0247002 0.0241915
0 0.504113 0.240794 0.0238342 0.0235198
0 0.684591 0.531104 0.0231018 0.0233381
