0 0.419957 0.59161 0.10432 0.0994575
0 0.273141 0.492228 0.101178 0.0987222
0 0.107558 0.293616 0.0508132 0.0505865
0 0.397775 0.751526 0.0378419 0.0363371
0 0.0199992 0.299012 0.0399983 0.0570956
0 0.776296 0.926517 0.051983 0.0505022
0 0.93427 0.123573 0.0362101 0.0350307
0 0.796132 0.637564 0.0359793 0.0347531
0 0.939687 0.754767 0.0307114 0.0295827
0 0.75361 0.0144363 0.0346336 0.0288134
0 0.95832 0.140221 0.0331908 0.03223
0 0.557233 0.179966 0.027055 0.0260955
0 0.0452142 0.00690363 0.0320453 0.0137695
0 0.574898 0.477774 0.03136 0.0300487
0 0.0365965 0.13377 0.0435875 0.0417131
0 0.546381 0.686294 0.0268861 0.0263231
0 0.886181 0.860203 0.0503457 0.047562
0 0.593603 0.502733 0.0257054 0.0250988
0 0.828348 0.554806 0.0257858 0.0248777
0 0.539097 0.604625 0.0481202 0.0472766
0 0.450144 0.155462 0.0283155 0.0267607
0 0.0374482 0.0267922 0.0310405 0.0294296
0 0.487368 0.873663 0.0586426 0.0559338
0 0.151765 0.4886 0.0437982 0.0418043
0 0.444501 0.887737 0.0271704 0.0259004
0 0.163491 0.732458 0.0290102 0.0281757
0 0.00804068 0.72984 0.0160178 0.0706565
0 0.775545 0.291061 0.0291009 0.0283546
0 0.902294 0.178403 0.0363326 0.0353517
0 0.897886 0.551359 0.0280239 0.027086
0 0.317649 0.590545 0.0326092 0.0308318
0 0.0522817 0.792172 0.0328016 0.0316719
0 0.989531 0.304563 0.0208855 0.0405754
0 0.134495 0.719879 0.0242641 0.0239272
0 0.76703 0.792827 0.0328548 0.0309806
0 0.939117 0.885712 0.0424438 0.0402115
0 0.523024 0.731967 0.0261533 0.025862
0 0.957461 0.82796 0.0325508 0.0309289
0 0.0537614 0.387471 0.0370207 0.0364463
0 0.27485 0.227638 0.0379678 0.0357008
0 0.385868 0.50938 0.113242 0.103795
0 0.410206 0.198157 0.0448475 0.0419337
0 0.918592 0.395241 0.0291996 0.0278646
0 0.879459 0.449275 0.241082 0.550981
0 0.0188409 0.892888 0.0294063 0.0285323
0 0.368584 0.0496868 0.0269974 0.0257225
0 0.743545 0.584535 0.0254985 0.0244782
0 0.00657778 0.936026 0.0131556 0.0270942
0 0.655284 0.670358 0.0299211 0.0285314
0 0.406081 0.0116987 0.0233459 0.0223855
0 0.76069 0.265502 0.0356607 0.0348762
0 0.842712 0.911331 0.0291336 0.0277236
0 0.772097 0.769767 0.0262229 0.0248344
0 0.0107171 0.420925 0.0214342 0.0307724
0 0.226145 0.428633 0.0556034 0.0548457
0 0.611457 0.905193 0.0392151 0.0378219
0 0.103389 0.89004 0.0776467 0.0748575
0 0.0316607 0.441659 0.0509784 0.0489247
0 0.987182 0.484576 0.0256353 0.045055
0 0.141178 0.529743 0.0248761 0.024096
0 0.335615 0.531791 0.0329539 0.0317643
0 0.955028 0.187638 0.0344945 0.0338
0 0.884316 0.378643 0.231368 0.40074
0 0.490383 0.0487538 0.0400944 0.0377968
0 0.360726 0.601696 0.0286448 0.0273143
0 0.0968961 0.951563 0.0339147 0.0324169
0 0.530893 0.0743407 0.0672605 0.0629103
0 0.440093 0.939705 0.0898004 0.0828441
0 0.769913 0.876541 0.0251415 0.0240938
0 0.203755 0.984706 0.0305013 0.0289529
0 0.744242 0.966131 0.0341456 0.0326906
0 0.630747 0.807577 0.0303817 0.0289824
0 0.844797 0.719151 0.0247696 0.024971
0 0.917509 0.912661 0.0317588 0.0303607
0 0.347251 0.581752 0.0314908 0.0308156
