0 0.398185 0.617785 0.286139 0.228639
0 0.807187 0.107208 0.152543 0.128176
0 0.701313 0.281956 0.127327 0.101637
0 0.635399 0.335509 0.0646141 0.0527265
0 0.159743 0.389306 0.151452 0.122552
0 0.240283 0.784384 0.0382699 0.0327672
0 0.335206 0.632461 0.0347133 0.0299931
0 0.111051 0.843749 0.221514 0.29749
0 0.723981 0.886984 0.0298619 0.02542
0 0.54121 0.100438 0.100533 0.0793572
0 0.81584 0.896347 0.0441516 0.0356998
0 0.669958 0.402946 0.0670231 0.0550681
0 0.59957 0.41912 0.0410065 0.0324157
0 0.0451372 0.959858 0.0899496 0.0802789
0 0.237662 0.652989 0.0301172 0.0254362
0 0.181033 0.696958 0.101857 0.0847962
0 0.64802 0.17193 0.0566545 0.0457716
0 0.716923 0.716436 0.0381573 0.0311904
0 0.823222 0.768404 0.0273096 0.0238867
0 0.0621412 0.315503 0.124073 0.110125
0 0.265973 0.236289 0.386013 0.288506
0 0.366033 0.59161 0.0291082 0.0246622
0 0.97792 0.404964 0.0439239 0.0475737
0 0.506959 0.874777 0.0829415 0.0670312
0 0.66102 0.105508 0.035231 0.0283945
0 0.733215 0.0493262 0.0407891 0.0322772
0 0.74533 0.0069925 0.0369637 0.0139438
0 0.88142 0.571396 0.234071 0.236537
0 0.711179 0.172447 0.028411 0.0239299
0 0.365071 0.0545304 0.0319123 0.0256553
0 0.796934 0.943567 0.289294 0.112867
0 0.487524 0.90257 0.0268955 0.0229975
0 0.637057 0.0462044 0.0292647 0.0235821
0 0.536468 0.949881 0.0277101 0.0231497
0 0.602936 0.512704 0.0544064 0.044106
0 0.0235483 0.314235 0.0470965 0.0568571
0 0.29299 0.33521 0.0434958 0.0341659
0 0.600492 0.882343 0.0271914 0.0234007
0 0.366868 0.425979 0.0509475 0.0422156
0 0.973065 0.578652 0.0310558 0.0251008
0 0.0749342 0.285369 0.0300422 0.0256351
0 0.19823 0.423931 0.0401718 0.0337157
0 0.311041 0.457133 0.0753606 0.0630301
0 0.411579 0.867798 0.0490965 0.0396189
0 0.652659 0.0835656 0.0303619 0.0233329
0 0.0937668 0.462665 0.0542117 0.0421337
0 0.199357 0.227417 0.0337819 0.026457
