0 0.180563 0.375649 0.110369 0.0979854
0 0.452799 0.238121 0.104698 0.0888
0 0.250507 0.861458 0.0684611 0.0602384
0 0.700043 0.60815 0.0962124 0.0820044
0 0.919197 0.648207 0.0625758 0.0510266
0 0.487444 0.354322 0.086852 0.0715018
0 0.377428 0.585112 0.0773605 0.0658637
0 0.57825 0.399021 0.0588524 0.0490518
0 0.511792 0.495429 0.0767443 0.0639053
0 0.174091 0.592577 0.042438 0.0360746
0 0.391627 0.346282 0.073401 0.062614
0 0.191004 0.225624 0.0611371 0.0536634
0 0.585619 0.289692 0.0556397 0.0487791
0 0.571665 0.0144429 0.0531409 0.0288594
0 0.37838 0.417085 0.045558 0.0395103
0 0.968687 0.399226 0.0626264 0.0605187
0 0.172555 0.906339 0.0586019 0.0519212
0 0.749127 0.587781 0.0323596 0.026707
0 0.529158 0.544452 0.0336976 0.0282197
0 0.645207 0.960169 0.131812 0.0796619
0 0.481698 0.300895 0.0896993 0.077431
0 0.285918 0.987708 0.0301104 0.0243639
0 0.974146 0.788592 0.0515478 0.0544066
0 0.246832 0.962268 0.0568446 0.0506653
0 0.15775 0.446596 0.0827863 0.0727925
0 0.139724 0.312958 0.0355947 0.0312803
0 0.323694 0.700639 0.0360414 0.0300853
0 0.848988 0.713834 0.0346557 0.0276211
0 0.170313 0.97142 0.102201 0.0571592
0 0.864868 0.250187 0.0714799 0.0627674
0 0.533403 0.626422 0.07492 0.0625653
0 0.0175662 0.368911 0.0351325 0.0864671
0 0.121787 0.268167 0.0331612 0.0295167
0 0.930223 0.319457 0.0702362 0.0608453
0 0.331421 0.626007 0.0310658 0.0260234
0 0.108427 0.298803 0.0267101 0.024532
0 0.65615 0.667483 0.0806236 0.0659088
0 0.942724 0.746425 0.0430705 0.0351074
0 0.865849 0.455058 0.14644 0.124505
0 0.923394 0.531808 0.0809844 0.0662693
0 0.334111 0.166451 0.073959 0.0660037
0 0.244978 0.47801 0.0359588 0.0315392
0 0.386787 0.700824 0.0286766 0.0240107
0 0.63605 0.705368 0.0831909 0.0666855
0 0.991381 0.0210474 0.0169974 0.0275624
0 0.870307 0.328714 0.0582714 0.0501105
0 0.0777553 0.228074 0.0407027 0.0364013
0 0.722248 0.857391 0.555503 0.282873
0 0.00667381 0.154235 0.0133476 0.0730056
0 0.304116 0.123183 0.0359617 0.0319349
0 0.500476 0.416783 0.0278209 0.0235361
0 0.256106 0.747898 0.0772851 0.0649313
0 0.493297 0.528423 0.0393294 0.0338019
0 0.353204 0.484337 0.0434434 0.0366893
0 0.867191 0.282958 0.040179 0.0359126
0 0.702097 0.708541 0.0517597 0.0441751
0 0.923616 0.348168 0.0353101 0.0315095
0 0.649895 0.25513 0.0371292 0.0329313
0 0.665486 0.436306 0.0348969 0.0292702
0 0.979032 0.469291 0.0414155 0.0385842
0 0.249146 0.410531 0.049953 0.0447498
0 0.988753 0.596453 0.0224932 0.166468
0 0.422396 0.967127 0.066065 0.0578764
0 0.312537 0.299195 0.0300748 0.0263568
0 0.993176 0.985431 0.0136481 0.0291376
0 0.0687679 0.0289661 0.0542863 0.0489245
0 0.769337 0.141644 0.0241134 0.0220791
0 0.763099 0.951462 0.0247064 0.0227455
0 0.782444 0.964706 0.0249525 0.0224956
0 0.252563 0.102279 0.0288589 0.0252137
0 0.233 0.310572 0.0251649 0.0222797
0 0.0813953 0.500275 0.066364 0.0580842
0 0.635083 0.188848 0.0870101 0.0758557
0 0.108093 0.329015 0.0262977 0.0238869
