0 0.549948 0.959585 0.0526867 0.0508154
0 0.0846668 0.477141 0.113429 0.110563
0 0.0584545 0.596689 0.0615433 0.0604994
0 0.815045 0.932757 0.0484344 0.0475924
0 0.40375 0.425332 0.0504168 0.0487916
0 0.526027 0.687628 0.060004 0.0585063
0 0.221015 0.286838 0.0537155 0.0511505
0 0.0225421 0.859796 0.0448211 0.0468908
0 0.539772 0.0246187 0.0417893 0.0415398
0 0.0732601 0.721527 0.102898 0.101602
0 0.156081 0.626285 0.0396513 0.0386329
0 0.546191 0.98262 0.0888831 0.0346141
0 0.133513 0.984582 0.0451283 0.0308369
0 0.040397 0.674506 0.0326198 0.0324242
0 0.701864 0.943328 0.0398586 0.0389439
0 0.440668 0.0684977 0.0569943 0.056813
0 0.883744 0.899344 0.036357 0.0360582
0 0.225772 0.751408 0.0314525 0.0312567
0 0.184041 0.913509 0.0712503 0.0687366
0 0.615689 0.266025 0.0377073 0.0371948
0 0.666211 0.527732 0.032602 0.0315433
0 0.393495 0.621147 0.0408217 0.040318
0 0.183467 0.965803 0.030038 0.0292266
0 0.430153 0.698683 0.0729071 0.0707614
0 0.116776 0.01019 0.0450175 0.020314
0 0.389526 0.0264191 0.0341454 0.0334982
0 0.0195096 0.514828 0.0321927 0.0316695
0 0.4169 0.953787 0.047445 0.0472746
0 0.383583 0.391156 0.0377762 0.0371674
0 0.500973 0.635731 0.0710685 0.0679636
0 0.306988 0.0983259 0.0299 0.0287572
0 0.525728 0.066979 0.0413993 0.0417546
0 0.359268 0.873034 0.0581937 0.0574802
0 0.0201654 0.334246 0.0296136 0.0284387
0 0.023399 0.77846 0.046798 0.0884445
0 0.54637 0.105948 0.0426677 0.0428658
0 0.321822 0.941737 0.0485269 0.0485285
0 0.115998 0.620854 0.0377945 0.0367966
0 0.242288 0.778714 0.027391 0.0270655
0 0.722513 0.963855 0.0311001 0.0298136
0 0.329028 0.883519 0.0618404 0.0627435
0 0.898079 0.620039 0.0254531 0.0244577
0 0.545044 0.14483 0.0540605 0.0546834
0 0.887211 0.179284 0.0278194 0.0263089
0 0.269324 0.92686 0.0686922 0.0673191
0 0.111939 0.52793 0.0317397 0.0306871
0 0.150364 0.54423 0.0245889 0.0241032
0 0.723341 0.401707 0.553318 0.576513
0 0.151844 0.695479 0.0229525 0.0224566
0 0.0276211 0.550168 0.0551014 0.0810268
0 0.0437227 0.953815 0.0356852 0.0350337
0 0.0657009 0.554593 0.0262194 0.0251856
0 0.339799 0.912418 0.0316994 0.0307982
0 0.294768 0.982982 0.025792 0.0259447
0 0.10689 0.209523 0.0237762 0.0229572
0 0.119441 0.0269109 0.0281256 0.0277683
0 0.281064 0.876463 0.0246601 0.0246434
0 0.586281 0.0848909 0.0391256 0.0383359
0 0.226808 0.984845 0.0238054 0.0235762
0 0.343573 0.881622 0.0840127 0.0805002
0 0.0231047 0.156155 0.0343088 0.0332211
0 0.601931 0.52028 0.0373371 0.036587
0 0.617519 0.848429 0.0382997 0.0379481
0 0.479551 0.271865 0.0271306 0.026391
0 0.0919029 0.864485 0.0765581 0.0748739
0 0.120903 0.637556 0.0257989 0.0252955
0 0.181486 0.713519 0.0222624 0.0221885
0 0.660469 0.100399 0.0238919 0.0236827
0 0.290221 0.0365652 0.0304977 0.0299745
0 0.544028 0.592628 0.0238392 0.023846
0 0.569918 0.248314 0.0433977 0.0432561
0 0.806551 0.972781 0.361175 0.0533148
0 0.895637 0.842543 0.0229237 0.0227266
0 0.322165 0.838096 0.0292764 0.0285842
0 0.422102 0.990728 0.0517662 0.0185446
