0 0.535213 0.512782 0.322982 0.306933
0 0.338539 0.516483 0.249357 0.251926
0 0.215085 0.894531 0.153482 0.146794
0 0.0568883 0.111678 0.113777 0.223355
0 0.662242 0.685973 0.0369126 0.0349998
0 0.809187 0.209182 0.0315759 0.0297615
0 0.457692 0.156767 0.0311903 0.0294309
0 0.521204 0.262711 0.0302938 0.028775
0 0.629988 0.684057 0.0288076 0.0272833
0 0.733531 0.605782 0.0270189 0.0259452
0 0.413554 0.252015 0.0343193 0.0329292
0 0.954389 0.93467 0.0367414 0.0349383
0 0.734507 0.126398 0.0251099 0.0241466
0 0.10499 0.944548 0.20998 0.110903
0 0.131932 0.0257064 0.0239717 0.02371
0 0.407782 0.125141 0.0327972 0.0313783
0 0.758971 0.333917 0.0247663 0.0237936
0 0.0444533 0.563922 0.0889066 0.274373
0 0.11821 0.0486851 0.0238435 0.0236065
0 0.215173 0.156846 0.0269564 0.0261666
0 0.916311 0.498223 0.029073 0.0278799
0 0.852779 0.0173635 0.235566 0.0345952
0 0.266204 0.260049 0.0470213 0.0445387
0 0.525881 0.814495 0.0605192 0.0596807
0 0.867491 0.282651 0.0248919 0.0236393
0 0.0292253 0.873041 0.0289918 0.0264793
0 0.115519 0.245634 0.0262082 0.0249476
0 0.224984 0.655594 0.0318196 0.0296092
0 0.20373 0.653919 0.143711 0.12824
0 0.678231 0.964254 0.38682 0.071493
0 0.813943 0.654902 0.024735 0.0239215
0 0.409853 0.364194 0.115902 0.110748
0 0.0412314 0.702494 0.027115 0.0255798
0 0.833141 0.135936 0.0231006 0.0221732
0 0.334412 0.311806 0.0252078 0.0244027
0 0.228218 0.414814 0.0339155 0.032302
0 0.267239 0.6713 0.0292769 0.0269585
0 0.988095 0.572009 0.0233032 0.0227687
0 0.740951 0.309637 0.0241413 0.0228071
0 0.60464 0.0903215 0.0237007 0.0231452
0 0.070548 0.757738 0.0315135 0.0294666
