0 0.839698 0.906698 0.14296 0.14081
0 0.895992 0.684705 0.166054 0.16432
0 0.0812994 0.942807 0.0412355 0.0409102
0 0.91694 0.765505 0.0308988 0.0308836
0 0.708914 0.947005 0.0288935 0.028687
0 0.719214 0.675928 0.0374964 0.0368006
0 0.453731 0.740223 0.0372886 0.0372107
0 0.16269 0.404809 0.0393909 0.0397798
0 0.295665 0.887976 0.0388087 0.038161
0 0.486313 0.992754 0.0273015 0.0144913
0 0.622075 0.945607 0.0406837 0.0399134
0 0.590033 0.915781 0.0457301 0.0458773
0 0.118047 0.714594 0.0947991 0.0913708
0 0.512553 0.951673 0.0383596 0.0376244
0 0.424605 0.918881 0.0367069 0.0375802
0 0.069468 0.103612 0.138936 0.159925
0 0.628903 0.341019 0.0739414 0.0724056
0 0.571962 0.443228 0.0791194 0.076978
0 0.748203 0.492065 0.0403814 0.0407034
0 0.728604 0.820832 0.0249841 0.0247768
0 0.362465 0.866667 0.0313747 0.0316901
0 0.98764 0.88486 0.0246696 0.0364145
0 0.828831 0.143753 0.0479031 0.0465716
0 0.227789 0.820462 0.04516 0.0449982
0 0.322999 0.917207 0.0471315 0.0475237
0 0.661544 0.58349 0.0378267 0.0367774
0 0.785232 0.517842 0.231115 0.207023
0 0.882944 0.388224 0.0693252 0.0651213
0 0.522606 0.776229 0.0387523 0.0389192
0 0.441997 0.573225 0.03474 0.0346553
0 0.542108 0.337321 0.0463915 0.0439523
0 0.392196 0.874213 0.0336695 0.0339711
0 0.0115593 0.932267 0.0231186 0.0801989
0 0.991903 0.775079 0.0161943 0.0286019
0 0.550541 0.521786 0.0270829 0.0268233
0 0.670724 0.734522 0.0281892 0.0280159
0 0.45809 0.679173 0.0326197 0.0326719
0 0.954119 0.907033 0.0461349 0.0460468
0 0.0992463 0.984184 0.0586484 0.0316315
0 0.411657 0.764746 0.0359755 0.0359672
0 0.387365 0.979683 0.0670903 0.040596
0 0.0117427 0.671798 0.0232627 0.0267358
0 0.671145 0.929696 0.0300219 0.0295822
0 0.498788 0.272498 0.0511428 0.0505777
0 0.180366 0.314979 0.0470265 0.0476838
0 0.393318 0.725504 0.0484098 0.0490558
0 0.484942 0.833447 0.0340024 0.0344815
0 0.653308 0.399297 0.0371181 0.0370235
0 0.844539 0.504144 0.0289124 0.0268597
0 0.619885 0.396308 0.0291305 0.0293092
0 0.98888 0.668997 0.0222404 0.0396596
0 0.848681 0.412195 0.0242686 0.0233124
0 0.568874 0.89441 0.027475 0.0283003
0 0.663711 0.889368 0.0234966 0.0233164
0 0.787889 0.432307 0.0334883 0.030669
0 0.405275 0.902378 0.0233009 0.0246613
0 0.469256 0.699688 0.0257285 0.0256181
0 0.647844 0.954069 0.0252666 0.0243313
