0 0.255572 0.897057 0.0662772 0.0545236
0 0.70109 0.298264 0.0719116 0.0569855
0 0.280996 0.84142 0.049479 0.0412672
0 0.916682 0.54936 0.0552282 0.0435559
0 0.730547 0.67027 0.0437015 0.0330448
0 0.71839 0.723149 0.0437093 0.0342653
0 0.631646 0.436385 0.0573325 0.0449303
0 0.724827 0.123711 0.0380888 0.0304257
0 0.551982 0.517828 0.0528071 0.0402723
0 0.653425 0.640777 0.0390036 0.0310364
0 0.635153 0.495396 0.0416427 0.031896
0 0.72461 0.467859 0.0412142 0.0319431
0 0.692902 0.752882 0.0316617 0.0254417
0 0.189083 0.834188 0.0334628 0.0278288
0 0.324274 0.98718 0.0311827 0.0248675
0 0.930568 0.477062 0.033593 0.0267396
0 0.553673 0.189468 0.0880175 0.0700417
0 0.773508 0.195244 0.0272794 0.0226713
0 0.993447 0.668389 0.0131056 0.023924
0 0.740143 0.818491 0.0376987 0.030204
0 0.985797 0.446156 0.0284053 0.0262492
