0 0.226802 0.280041 0.138059 0.112303
0 0.157052 0.970632 0.0691922 0.0545635
0 0.059687 0.92473 0.0394938 0.0305628
0 0.15416 0.575254 0.032951 0.0267587
0 0.711522 0.503145 0.0326913 0.0276556
0 0.013766 0.898687 0.027532 0.0246611
0 0.570528 0.487203 0.0466683 0.0405307
0 0.22612 0.866285 0.030835 0.0248245
0 0.895765 0.0459871 0.0379027 0.0305683
0 0.586785 0.59604 0.0779079 0.0661121
0 0.468515 0.124939 0.0457924 0.0358607
0 0.59628 0.994562 0.0304478 0.0108766
0 0.762607 0.979146 0.0291529 0.0249338
0 0.261943 0.993809 0.0363306 0.0123827
0 0.349386 0.0100679 0.0549386 0.0200839
0 0.89107 0.370065 0.0353735 0.0314821
0 0.140438 0.849008 0.0310009 0.0249711
0 0.81337 0.564337 0.0288696 0.0247111
0 0.19059 0.828139 0.0721603 0.0588461
0 0.247752 0.894453 0.0301024 0.0248704
