0 0.141128 0.518205 0.0438809 0.0344524
0 0.697275 0.822665 0.0415752 0.0369577
0 0.147904 0.892059 0.0307114 0.0273132
0 0.616774 0.737467 0.0439899 0.0390284
0 0.613906 0.671793 0.0374907 0.0339348
0 0.552211 0.68504 0.0316594 0.0279967
0 0.818844 0.881549 0.0281802 0.0248127
0 0.169083 0.36978 0.0309598 0.0256557
0 0.511612 0.158794 0.0359516 0.0322575
0 0.444664 0.185705 0.0267375 0.0242635
0 0.950136 0.593201 0.0997066 0.117562
0 0.616678 0.759223 0.0275463 0.025018
0 0.241603 0.792019 0.0260947 0.0229922
0 0.659956 0.167677 0.0280554 0.0251801
0 0.612961 0.13279 0.0590854 0.0526398
0 0.514621 0.381424 0.0249861 0.0226245
0 0.587567 0.719725 0.029846 0.0266642
0 0.53725 0.586145 0.0238897 0.0222093
0 0.194471 0.740253 0.0259968 0.0225649
0 0.0068611 0.754318 0.0137222 0.0242791
0 0.466895 0.0392386 0.0250807 0.0237708
0 0.901565 0.476657 0.0291505 0.0240538
