0 0.577725 0.841925 0.251323 0.214019
0 0.846866 0.111242 0.181228 0.155968
0 0.986006 0.195305 0.0279043 0.0331393
0 0.651258 0.728045 0.0398311 0.0342191
0 0.725784 0.14729 0.0396344 0.0349852
0 0.679298 0.540676 0.083743 0.068979
0 0.681166 0.18733 0.0429977 0.0369716
0 0.552355 0.714098 0.0381081 0.0350451
0 0.616788 0.929303 0.0364938 0.0333228
0 0.764501 0.00647827 0.0388751 0.0129293
0 0.84503 0.77446 0.0454256 0.0383703
0 0.438667 0.832323 0.0307627 0.0285208
0 0.89467 0.75035 0.0343409 0.0300051
0 0.727116 0.438283 0.0789176 0.0664546
0 0.962577 0.213518 0.0308841 0.0285975
0 0.638636 0.919567 0.0332572 0.0304726
0 0.875076 0.702509 0.0361045 0.0313352
0 0.588779 0.721125 0.0472546 0.0421817
0 0.600013 0.946181 0.0275846 0.0258708
0 0.694242 0.467781 0.560117 0.580011
0 0.898294 0.292314 0.0274258 0.0242425
0 0.514744 0.952506 0.0254017 0.0239117
