0 0.776961 0.882323 0.321376 0.234822
0 0.882025 0.738061 0.0846789 0.0766665
0 0.856713 0.530038 0.286575 0.287328
0 0.0702538 0.896109 0.0676615 0.0587597
0 0.491511 0.847406 0.196598 0.178383
0 0.405859 0.365702 0.202913 0.184255
0 0.686984 0.407876 0.156086 0.142624
0 0.571475 0.962008 0.0657473 0.0587049
0 0.425621 0.634909 0.139646 0.119845
0 0.961035 0.246987 0.0403155 0.0382742
0 0.796199 0.0795687 0.0494947 0.0468327
0 0.406669 0.935371 0.0528645 0.0468854
0 0.613409 0.413424 0.0355968 0.0322136
0 0.355289 0.832435 0.0906186 0.0790339
0 0.504866 0.573061 0.0488009 0.0427826
0 0.977924 0.853936 0.0437181 0.0415921
0 0.128853 0.875245 0.0490172 0.0429411
0 0.792829 0.393165 0.034179 0.0326017
0 0.398427 0.786965 0.039395 0.0346391
0 0.0617649 0.766391 0.0536529 0.0503718
0 0.16409 0.775456 0.0350074 0.0318209
0 0.14234 0.0917101 0.0305713 0.0291375
0 0.150134 0.211386 0.0286308 0.0276294
0 0.274184 0.80646 0.100039 0.0901952
0 0.701796 0.495465 0.0403378 0.0371537
0 0.25922 0.3497 0.166968 0.151141
0 0.203685 0.415847 0.0438221 0.0409564
0 0.0339568 0.299671 0.0306802 0.0292497
0 0.362402 0.255131 0.0437589 0.0424393
0 0.222207 0.294358 0.036806 0.0354373
0 0.129885 0.305302 0.0310003 0.0291611
0 0.182972 0.852215 0.0322582 0.0291226
0 0.740604 0.621981 0.0347983 0.0306116
0 0.0104644 0.519212 0.0209288 0.0260494
0 0.511186 0.122025 0.155312 0.148107
0 0.613352 0.988674 0.0449389 0.0226521
0 0.888937 0.0310192 0.0237015 0.0234672
0 0.927487 0.589297 0.0257376 0.0236588
0 0.158878 0.604259 0.0260825 0.0249255
0 0.980851 0.713978 0.0344267 0.0320604
0 0.0720364 0.354915 0.0290204 0.0266482
0 0.790681 0.636436 0.0302254 0.0282825
0 0.582153 0.795349 0.030575 0.0269128
0 0.117781 0.509329 0.0374193 0.0359526
0 0.68244 0.721799 0.0298252 0.026343
0 0.851411 0.20279 0.024746 0.023944
0 0.369207 0.491456 0.0245045 0.0237672
0 0.0576821 0.233276 0.083506 0.0794381
0 0.802331 0.0108445 0.0334388 0.0216535
0 0.958802 0.74459 0.0327565 0.0300875
0 0.165961 0.955703 0.0255996 0.0230906
0 0.0836198 0.526289 0.0328385 0.0304554
0 0.785262 0.0547532 0.0294461 0.0283033
0 0.0881692 0.325005 0.0259952 0.0240519
0 0.230969 0.982672 0.0413111 0.0338995
0 0.713402 0.745162 0.0310884 0.0275223
0 0.742335 0.344974 0.025732 0.0245491
0 0.0371087 0.834446 0.0314221 0.0285686
0 0.973865 0.0434149 0.0325525 0.0317214
0 0.650995 0.187993 0.0237334 0.0233243
0 0.582193 0.66674 0.0827167 0.0731389
0 0.742939 0.595041 0.0254635 0.0237796
0 0.0952697 0.648575 0.0259855 0.0250471
0 0.640974 0.217367 0.023952 0.0230138
0 0.556525 0.294483 0.202889 0.190754
0 0.218217 0.738761 0.0254984 0.0243298
0 0.108438 0.305039 0.0286413 0.0264732
0 0.112223 0.893931 0.0267395 0.0237936
0 0.977107 0.789326 0.0293304 0.0273063
0 0.431989 0.707752 0.0280191 0.0244823
0 0.0135799 0.442596 0.0271259 0.0367596
0 0.0079084 0.714503 0.0158168 0.0301455
0 0.941204 0.0725155 0.0237412 0.022882
0 0.0232653 0.485255 0.0281656 0.0270022
0 0.141229 0.597501 0.136936 0.123682
0 0.591155 0.467699 0.0410428 0.0344459
0 0.370219 0.886357 0.032988 0.0293223
0 0.25924 0.646671 0.0305164 0.0282711
0 0.773443 0.0320764 0.0356951 0.0339465
0 0.201517 0.33331 0.025297 0.0239553
0 0.729803 0.721129 0.0301094 0.0275221
0 0.971096 0.150962 0.0574999 0.225941
0 0.988427 0.458056 0.0228794 0.0233655
0 0.27671 0.656959 0.0346514 0.0320318
0 0.703546 0.146257 0.0251234 0.0249294
0 0.821644 0.724696 0.041925 0.0382884
0 0.514774 0.682657 0.0324936 0.0286048
