0 0.17049 0.683513 0.0755743 0.07439
0 0.337621 0.0931592 0.401792 0.185648
0 0.6591 0.428464 0.0382981 0.0379307
0 0.734987 0.424712 0.0385572 0.0377727
0 0.582261 0.834403 0.0377114 0.0362865
0 0.22921 0.863284 0.0559391 0.0541584
0 0.899827 0.16977 0.0340922 0.0338386
0 0.101974 0.583462 0.0493889 0.0485535
0 0.108045 0.892079 0.0240211 0.0233249
0 0.900985 0.636056 0.0248055 0.0244701
0 0.12876 0.869007 0.0251543 0.0246232
0 0.0845998 0.420399 0.168573 0.363312
0 0.00806335 0.403835 0.0161267 0.0260711
0 0.0149877 0.635828 0.0299213 0.0402639
0 0.972191 0.119694 0.0235854 0.0230841
0 0.131537 0.601858 0.0280111 0.0276575
0 0.613311 0.712675 0.105456 0.101162
0 0.653445 0.659436 0.0242892 0.0237484
0 0.104661 0.832085 0.209322 0.334869
0 0.622847 0.406326 0.04845 0.048538
0 0.0969315 0.662577 0.0298375 0.0294073
0 0.0490218 0.190659 0.0908749 0.0854689
0 0.581995 0.0504784 0.0221498 0.0220376
0 0.75282 0.371449 0.027316 0.0270227
0 0.81673 0.218677 0.363308 0.422413
