0 0.0754956 0.539827 0.150991 0.140953
0 0.332735 0.285554 0.0700575 0.0527785
0 0.699007 0.526889 0.0710293 0.0544509
0 0.70594 0.183771 0.0501316 0.0402633
0 0.0906373 0.679606 0.0690776 0.0556593
0 0.552658 0.460581 0.163831 0.129733
0 0.611471 0.805925 0.20235 0.148103
0 0.122185 0.406315 0.0886221 0.0655375
0 0.753709 0.97347 0.204873 0.0529171
0 0.446369 0.982648 0.0363711 0.0277658
0 0.216289 0.179353 0.317645 0.240489
0 0.13971 0.604024 0.0343619 0.0271108
0 0.595754 0.929243 0.180442 0.136402
0 0.895078 0.194264 0.209843 0.381338
0 0.344419 0.482693 0.135404 0.107795
0 0.0255827 0.155601 0.0474252 0.0372013
0 0.646697 0.236346 0.0337398 0.0273102
0 0.0133704 0.666277 0.0267407 0.0288301
0 0.442977 0.228612 0.0312875 0.0241907
0 0.850261 0.856756 0.298753 0.279056
0 0.174533 0.452528 0.0849152 0.0656276
0 0.195504 0.249453 0.0435914 0.0319978
0 0.748142 0.119506 0.0306983 0.0240416
0 0.175804 0.756915 0.0985575 0.0795126
0 0.901374 0.653976 0.114938 0.0935866
0 0.6208 0.839492 0.039999 0.0313573
0 0.517639 0.932745 0.0305181 0.0233674
0 0.511595 0.52583 0.0506404 0.040643
0 0.128218 0.652186 0.0340698 0.0266973
0 0.112824 0.835663 0.0298538 0.0240736
0 0.796777 0.464539 0.121586 0.0933657
0 0.892348 0.5085 0.0339349 0.0259764
0 0.115403 0.710569 0.0395614 0.0334456
0 0.505707 0.95161 0.0315282 0.0244453
0 0.354717 0.586812 0.0276129 0.0223453
0 0.166862 0.693091 0.0788096 0.0632229
0 0.946861 0.385369 0.0380254 0.0299567
0 0.71906 0.802044 0.0285716 0.0235062
0 0.632811 0.336789 0.0318338 0.0250776
0 0.414038 0.526647 0.0306408 0.024923
0 0.263416 0.984138 0.0444136 0.03124
0 0.52 0.0158348 0.138189 0.031543
0 0.708868 0.418454 0.0292076 0.022654
0 0.690431 0.230365 0.0350363 0.0281315
0 0.0848308 0.621582 0.0611055 0.0489392
0 0.0322457 0.613948 0.0299031 0.0253916
0 0.224103 0.447388 0.0292935 0.0232342
0 0.247411 0.725497 0.0935512 0.0772853
0 0.924363 0.487299 0.150933 0.135554
0 0.442821 0.647271 0.027118 0.0217872
