0 0.620433 0.43205 0.0655389 0.0627232
0 0.925397 0.26625 0.0720295 0.0686366
0 0.697708 0.0278998 0.101836 0.0557342
0 0.017392 0.0175509 0.0346525 0.0350529
0 0.95279 0.605533 0.0365152 0.0352241
0 0.834126 0.140746 0.0396636 0.0385755
0 0.252749 0.517601 0.0358968 0.0347795
0 0.623172 0.511032 0.0314453 0.0305143
0 0.0480554 0.045682 0.0560963 0.0544447
0 0.137106 0.416478 0.0536667 0.0521887
0 0.306119 0.89198 0.0288156 0.0275257
0 0.685928 0.595507 0.028547 0.0278888
0 0.641169 0.0767415 0.0251088 0.024397
0 0.0664243 0.393489 0.036812 0.0345849
0 0.429957 0.624861 0.0253744 0.0250457
0 0.273595 0.073654 0.0802581 0.0751912
0 0.933595 0.520823 0.0282024 0.0270889
0 0.415767 0.776887 0.216912 0.205895
0 0.191009 0.462375 0.0241721 0.0236187
0 0.639073 0.866327 0.0254451 0.0242743
0 0.824703 0.0539207 0.0466037 0.0443728
0 0.911117 0.177386 0.177703 0.289806
0 0.315418 0.813943 0.0817164 0.0764416
0 0.273826 0.545656 0.0229354 0.0224719
0 0.0840338 0.100064 0.0480118 0.0454059
0 0.233066 0.499586 0.025789 0.0252962
0 0.397229 0.946678 0.0226992 0.0216484
0 0.325184 0.293599 0.0230203 0.0228574
