0 0.851326 0.207973 0.297215 0.394734
0 0.783743 0.906236 0.358998 0.186672
0 0.706836 0.956354 0.0464363 0.0364899
0 0.4991 0.911445 0.278337 0.176109
0 0.669045 0.6663 0.0702612 0.0567373
0 0.233983 0.478463 0.0371942 0.0289409
0 0.54627 0.512151 0.0590189 0.0465769
0 0.89937 0.658534 0.0314398 0.0264755
0 0.242476 0.680681 0.143088 0.107838
0 0.480794 0.781294 0.0426334 0.0342245
0 0.850762 0.241479 0.080985 0.0715805
0 0.309019 0.737078 0.0474924 0.0371515
0 0.980707 0.96593 0.0385511 0.0406753
0 0.535896 0.821879 0.0907373 0.0699392
0 0.398017 0.598485 0.0467921 0.0376735
0 0.128118 0.949784 0.119962 0.091172
0 0.883957 0.0220185 0.0271919 0.0244196
0 0.2079 0.892962 0.032267 0.0254017
0 0.268171 0.833977 0.0340418 0.0268285
0 0.552642 0.594969 0.128851 0.10223
0 0.820708 0.521112 0.0692642 0.0575692
0 0.614964 0.622643 0.0338206 0.0272455
0 0.880604 0.415034 0.0462336 0.0376902
0 0.71805 0.621248 0.0298388 0.024785
0 0.684931 0.293781 0.0451231 0.0377488
0 0.584752 0.759713 0.0337806 0.0271677
0 0.978889 0.64985 0.0260544 0.0229055
0 0.363088 0.972451 0.0368814 0.0284703
0 0.427822 0.854763 0.030441 0.0233952
0 0.430801 0.710317 0.027834 0.0227998
0 0.708769 0.347548 0.0360462 0.0299777
0 0.337245 0.485607 0.0492123 0.036389
0 0.289477 0.801989 0.0307867 0.0246181
0 0.333154 0.482083 0.0411212 0.0306316
