0 0.565923 0.79571 0.249472 0.247131
0 0.791425 0.883246 0.0983733 0.0954919
0 0.664417 0.513794 0.123966 0.120165
0 0.278063 0.923109 0.103014 0.103583
0 0.6819 0.322077 0.192938 0.189138
0 0.169578 0.0799217 0.0972464 0.0945461
0 0.914942 0.424518 0.170116 0.238453
0 0.0994643 0.786973 0.083169 0.079931
0 0.327767 0.637166 0.101745 0.0967405
0 0.53111 0.580938 0.0402939 0.038955
0 0.494876 0.311222 0.0392698 0.0383407
0 0.372095 0.373767 0.0368106 0.0362256
0 0.256513 0.343596 0.0480798 0.0470634
0 0.695825 0.805665 0.0672165 0.0650996
0 0.619968 0.0125341 0.0305422 0.0250683
0 0.785273 0.0241068 0.0420899 0.0417615
0 0.520421 0.361964 0.0361519 0.0358548
0 0.822217 0.77167 0.064085 0.0632051
0 0.114794 0.433411 0.0529805 0.0506663
0 0.518986 0.817024 0.0279184 0.0274382
0 0.24171 0.211412 0.0325062 0.0322693
0 0.932726 0.0603026 0.0404175 0.0392873
0 0.948576 0.0158521 0.0477884 0.0317041
0 0.3778 0.321626 0.0260601 0.0259622
0 0.144376 0.548395 0.0385789 0.0376952
0 0.57487 0.0333727 0.0343615 0.034053
0 0.241843 0.473135 0.0545374 0.0535821
0 0.834857 0.97086 0.0302793 0.0297682
0 0.658844 0.0787178 0.0313676 0.0310752
0 0.580156 0.290492 0.0300174 0.0292799
0 0.829536 0.59806 0.0322687 0.0322425
0 0.273552 0.787835 0.106178 0.105748
0 0.59199 0.112503 0.0286627 0.0282754
0 0.367845 0.933576 0.0703881 0.0697732
0 0.793852 0.486152 0.0536801 0.052947
0 0.539603 0.393157 0.02988 0.0293477
0 0.904766 0.868341 0.0251035 0.0252004
0 0.224331 0.692326 0.108956 0.105498
0 0.0568995 0.156244 0.0474935 0.0466305
0 0.625044 0.0802123 0.0284939 0.0278423
0 0.0341922 0.719754 0.0330535 0.0316839
0 0.554806 0.21145 0.0272021 0.0271622
0 0.787697 0.185559 0.0364534 0.036257
0 0.748656 0.0461806 0.0253769 0.0254941
0 0.494462 0.276824 0.0262164 0.0255973
0 0.430746 0.984143 0.0522561 0.0315735
0 0.960816 0.243618 0.0290516 0.0286007
0 0.475809 0.0925379 0.0254513 0.0249002
0 0.432325 0.877109 0.0263743 0.0260655
0 0.00751813 0.620725 0.0150007 0.0518675
0 0.371366 0.72233 0.026958 0.0263243
0 0.912445 0.650983 0.0259388 0.0257015
0 0.931425 0.925979 0.0258925 0.0256914
0 0.680789 0.753891 0.0255831 0.0251066
0 0.624482 0.30949 0.029329 0.0283638
0 0.491106 0.123354 0.0253544 0.0251376
0 0.301821 0.515929 0.134225 0.132584
0 0.157244 0.0603177 0.0252479 0.0252952
0 0.239412 0.179416 0.0347565 0.0344641
0 0.925217 0.550958 0.0267662 0.0262992
0 0.663178 0.89633 0.0467733 0.0459852
0 0.505618 0.237694 0.0250218 0.0246241
0 0.976424 0.569386 0.0467743 0.153462
0 0.776428 0.0771173 0.0402754 0.0399122
0 0.404427 0.64427 0.0385631 0.0374331
0 0.0354447 0.0936551 0.0235037 0.0231865
0 0.986935 0.429102 0.0248003 0.0246215
0 0.0837121 0.360161 0.0938581 0.0907002
0 0.686987 0.0116706 0.0279671 0.0232715
0 0.612741 0.22604 0.0445746 0.0433535
0 0.0263567 0.343152 0.0418222 0.0402291
0 0.882193 0.856265 0.0242467 0.0241564
0 0.882816 0.097572 0.0292594 0.0285497
0 0.162383 0.204239 0.0433091 0.0431796
0 0.667777 0.322827 0.0320629 0.0315695
0 0.117653 0.0753305 0.0208987 0.0207952
0 0.483392 0.200337 0.13325 0.131334
0 0.0326569 0.804446 0.0517042 0.0501095
0 0.569191 0.5082 0.0253199 0.0250239
0 0.692803 0.859623 0.0416782 0.0420396
0 0.612261 0.954247 0.108183 0.0915069
0 0.0218464 0.385843 0.027514 0.0270007
0 0.208338 0.36849 0.0352357 0.0349218
0 0.151096 0.742581 0.054284 0.0533724
0 0.136462 0.464057 0.0233908 0.0231638
0 0.795525 0.950495 0.0251134 0.024269
0 0.753245 0.54963 0.0834538 0.0807713
0 0.870113 0.605621 0.022123 0.0222236
0 0.375737 0.136307 0.022858 0.0226694
0 0.933837 0.496193 0.0220923 0.022363
0 0.136707 0.124544 0.0256624 0.0254786
0 0.907756 0.126923 0.0222764 0.0224589
0 0.0940965 0.891823 0.185718 0.21608
0 0.388969 0.982751 0.0266948 0.02688
0 0.357889 0.42169 0.0855882 0.0825271
0 0.300379 0.680356 0.0548403 0.0547307
0 0.161058 0.450535 0.0275415 0.0267982
0 0.732617 0.198237 0.0287848 0.0280662
0 0.647191 0.417428 0.0421059 0.0403026
0 0.993567 0.872544 0.0128659 0.0266218
0 0.324723 0.559853 0.0360314 0.0344691
0 0.0134561 0.494435 0.023839 0.0234838
0 0.404051 0.465815 0.0814542 0.0831429
0 0.243909 0.60789 0.0825891 0.0786893
0 0.389174 0.684897 0.050432 0.0478189
0 0.216729 0.653862 0.0225726 0.0224387
0 0.363422 0.774214 0.0287414 0.0283173
0 0.710424 0.0631347 0.0568237 0.0560891
0 0.0077253 0.435385 0.0154506 0.101641
0 0.804038 0.284937 0.170525 0.170053
0 0.0507778 0.517792 0.0231922 0.0226657
0 0.263594 0.543975 0.0465807 0.0454598
0 0.992002 0.0100931 0.0159795 0.0201861
0 0.488394 0.988907 0.0230565 0.0217237
0 0.207612 0.339264 0.0539814 0.0533031
0 0.10517 0.472342 0.0280842 0.02707
0 0.909285 0.23315 0.022437 0.0221443
0 0.113349 0.405595 0.0235657 0.0229058
0 0.206063 0.348078 0.0591727 0.0655358
0 0.0134564 0.265698 0.0269128 0.0357229
0 0.689536 0.966756 0.0430197 0.0423306
