0 0.233664 0.626824 0.0487563 0.0394491
0 0.785625 0.829769 0.0418725 0.034228
0 0.084499 0.468968 0.0350965 0.0286481
0 0.288176 0.968851 0.0392903 0.0303782
0 0.105893 0.270969 0.031468 0.0257741
0 0.832438 0.286146 0.0268143 0.0238075
0 0.780522 0.350475 0.0357623 0.0325353
0 0.770058 0.116642 0.0564275 0.0497817
0 0.510129 0.313354 0.0258288 0.0230905
0 0.567626 0.411262 0.0247663 0.0235295
0 0.978947 0.961171 0.0313381 0.0276396
0 0.975455 0.99453 0.0252496 0.0109404
0 0.288235 0.318128 0.0267284 0.0223992
0 0.992179 0.72537 0.0156416 0.0289521
0 0.0374519 0.112673 0.0256714 0.0220407
0 0.101522 0.446588 0.0277245 0.0219392
0 0.79976 0.40192 0.024402 0.0213389
0 0.155094 0.882312 0.0255908 0.0216026
0 0.179959 0.940074 0.026958 0.0223063
