0 0.687966 0.560127 0.0548375 0.0435048
0 0.0703245 0.658158 0.080395 0.0614147
0 0.807642 0.526736 0.047626 0.0366354
0 0.708783 0.148316 0.0391369 0.0296968
0 0.981629 0.927206 0.0364388 0.0332708
0 0.860274 0.486795 0.0365704 0.0282361
0 0.411851 0.115804 0.055469 0.0427948
0 0.459807 0.520264 0.0704863 0.0531492
0 0.897252 0.522078 0.0381327 0.0287279
0 0.411428 0.0826988 0.0568329 0.0450119
0 0.42963 0.154144 0.0490156 0.037725
0 0.870766 0.813054 0.0361533 0.0279097
0 0.463491 0.0778301 0.0469616 0.0373578
0 0.0106185 0.781377 0.0212369 0.0337679
0 0.52033 0.0625861 0.0299401 0.0238973
0 0.271174 0.508514 0.0405265 0.0315373
0 0.656465 0.902895 0.0313722 0.0239205
0 0.461107 0.0314757 0.0420495 0.0331195
0 0.71386 0.794254 0.0311973 0.0241818
0 0.394992 0.327619 0.0343882 0.0268681
0 0.421877 0.050428 0.0584109 0.0448485
0 0.344546 0.026488 0.1109 0.0529761
0 0.505499 0.430439 0.0286156 0.0230396
0 0.995171 0.981806 0.00965748 0.0278034
0 0.964661 0.796168 0.0294331 0.0231993
0 0.0934436 0.920344 0.0371072 0.0292516
0 0.457771 0.265246 0.0391803 0.0308387
0 0.702689 0.819451 0.0370596 0.0288455
0 0.435163 0.432241 0.0282212 0.0225677
0 0.294832 0.530515 0.028551 0.0224629
0 0.194642 0.794161 0.0295419 0.0230618
0 0.941444 0.87309 0.0273323 0.021815
0 0.993286 0.0761196 0.0134279 0.0279504
