0 0.385151 0.25323 0.0408578 0.0362126
0 0.443761 0.0420187 0.0539777 0.0495546
0 0.217633 0.59962 0.0468333 0.043598
0 0.713403 0.0526554 0.0361609 0.0325752
0 0.030653 0.957654 0.0612703 0.0844175
0 0.429871 0.675665 0.0431882 0.0391536
0 0.102815 0.460375 0.0538398 0.0499811
0 0.803085 0.0417074 0.0305094 0.0277674
0 0.0795906 0.985497 0.0563853 0.0290054
0 0.0173623 0.897489 0.0346751 0.0427814
0 0.444416 0.584607 0.029729 0.0270696
0 0.34478 0.605704 0.0289439 0.0263495
0 0.413868 0.130066 0.0254907 0.0240182
0 0.408989 0.086198 0.0249544 0.0233454
0 0.205087 0.901791 0.0247392 0.0231827
0 0.413189 0.568176 0.02624 0.0243809
0 0.259449 0.0232545 0.0250323 0.023953
0 0.121722 0.228046 0.0355913 0.032719
0 0.948956 0.113231 0.0249333 0.0235743
0 0.0590109 0.931228 0.031075 0.0293957
0 0.995823 0.326573 0.00835362 0.0230171
0 0.917604 0.981666 0.0236414 0.0229552
0 0.109186 0.891201 0.0236202 0.0220217
0 0.681048 0.0568867 0.0262208 0.0238012
0 0.641072 0.0746441 0.0309989 0.0287886
0 0.0223578 0.451059 0.0237302 0.0227731
0 0.344263 0.673891 0.0265581 0.0251954
0 0.843856 0.198452 0.0225548 0.0214838
