0 0.526517 0.8175 0.145808 0.120135
0 0.543156 0.174179 0.160657 0.127279
0 0.557332 0.456424 0.0631635 0.0492982
0 0.611984 0.817529 0.163925 0.136748
0 0.834398 0.419387 0.139794 0.116051
0 0.812426 0.284985 0.130645 0.108753
0 0.193934 0.910121 0.0655949 0.0523478
0 0.514721 0.0885795 0.0668424 0.0542595
0 0.377258 0.867106 0.0943116 0.0760771
0 0.243872 0.264887 0.172016 0.134735
0 0.0753753 0.8689 0.150751 0.187325
0 0.688632 0.754196 0.050126 0.0412996
0 0.291537 0.703359 0.0423992 0.033107
0 0.319849 0.335634 0.0462717 0.0377531
0 0.94425 0.347346 0.111501 0.233143
0 0.504404 0.948898 0.131459 0.101589
0 0.180441 0.850337 0.0599695 0.0470076
0 0.170274 0.56021 0.0327379 0.0256867
0 0.380166 0.488648 0.032506 0.0256624
0 0.665985 0.930819 0.208796 0.138363
0 0.0948017 0.196471 0.187618 0.385179
0 0.50922 0.278851 0.176683 0.142494
0 0.214367 0.821172 0.0671342 0.0522105
0 0.302164 0.371709 0.0441313 0.034292
0 0.454857 0.990789 0.0463978 0.0184223
0 0.461079 0.0952538 0.0335345 0.02675
0 0.74087 0.774619 0.22995 0.199787
0 0.238799 0.955951 0.0736742 0.057641
0 0.309504 0.876353 0.0330362 0.0263959
0 0.679699 0.491353 0.0799935 0.0593785
0 0.85727 0.860817 0.0288645 0.0236263
0 0.463494 0.128081 0.0294628 0.0233946
0 0.943946 0.966017 0.111784 0.0679661
0 0.0771705 0.629 0.0324295 0.0253823
0 0.901738 0.260524 0.0298946 0.0254304
0 0.591598 0.501304 0.0508407 0.0395761
0 0.110883 0.988786 0.0332387 0.0221904
0 0.341838 0.826904 0.0280741 0.0235357
0 0.438659 0.159153 0.0542923 0.0432256
0 0.753325 0.811765 0.160836 0.129292
0 0.122748 0.703327 0.0536302 0.0417898
0 0.19089 0.824586 0.103518 0.0853155
0 0.448244 0.537055 0.0662564 0.0528625
0 0.353888 0.909001 0.0499212 0.0415289
0 0.238469 0.158745 0.0339685 0.027487
0 0.378461 0.95084 0.273292 0.0983194
0 0.806278 0.248744 0.0621441 0.0484535
0 0.51176 0.450264 0.0274691 0.0223521
0 0.44894 0.49375 0.0577536 0.044829
0 0.210672 0.485105 0.0308118 0.0234503
0 0.31076 0.543812 0.0317208 0.0245913
0 0.870673 0.14349 0.0292387 0.0238256
0 0.747262 0.987321 0.0286317 0.0238511
0 0.687825 0.64391 0.0292467 0.0234294
0 0.398667 0.331016 0.0559018 0.044888
0 0.0639811 0.81784 0.0297816 0.0247733
