0 0.413311 0.217843 0.0629221 0.0555566
0 0.49243 0.160028 0.0707235 0.063031
0 0.283202 0.942469 0.169433 0.114317
0 0.693722 0.142985 0.043979 0.0378098
0 0.486176 0.0311493 0.0543591 0.0476472
0 0.0177054 0.149279 0.0354108 0.0389562
0 0.92005 0.750335 0.159062 0.15904
0 0.736852 0.276248 0.0423702 0.0361282
0 0.342203 0.525964 0.062317 0.0539616
0 0.565691 0.0203203 0.0587547 0.0405572
0 0.550128 0.775406 0.038741 0.0334389
0 0.68503 0.194025 0.0320713 0.0278846
0 0.735609 0.80533 0.0411482 0.0353001
0 0.540039 0.335575 0.0356824 0.0314424
0 0.89412 0.217436 0.0315546 0.027079
0 0.462302 0.0639832 0.0397297 0.0351272
0 0.259583 0.622143 0.0322813 0.0282513
0 0.784147 0.672894 0.0485032 0.0430568
0 0.445505 0.966159 0.0351006 0.031442
0 0.352076 0.0634857 0.0355404 0.0303543
0 0.492157 0.76655 0.0291748 0.0255687
0 0.5252 0.206573 0.0302191 0.0266942
0 0.552997 0.299747 0.0355623 0.0313229
0 0.979047 0.878559 0.039984 0.0339875
0 0.873562 0.652794 0.0274219 0.0247173
0 0.241638 0.917245 0.0290635 0.0260072
0 0.849695 0.988977 0.0293903 0.0220451
0 0.30372 0.182233 0.0306793 0.0272351
0 0.264222 0.720276 0.026913 0.0241159
0 0.391786 0.101092 0.0300148 0.0265255
0 0.537236 0.231885 0.0286312 0.025122
0 0.599728 0.756739 0.032633 0.0286374
0 0.3037 0.621373 0.0269331 0.0237773
0 0.777766 0.805776 0.0294287 0.0254989
0 0.683032 0.442207 0.0270706 0.024462
0 0.62637 0.730104 0.0275171 0.0246177
0 0.0399664 0.293839 0.0799329 0.0783848
0 0.598801 0.205559 0.0253322 0.0227255
0 0.28874 0.366084 0.0265611 0.0230612
0 0.386642 0.0336449 0.0273708 0.0246382
0 0.537688 0.271778 0.0268243 0.0234557
0 0.882225 0.318089 0.0257915 0.0230179
0 0.163535 0.659321 0.0260062 0.0225283
0 0.325046 0.66732 0.0247046 0.0225844
0 0.657303 0.257554 0.0246747 0.0225438
0 0.493238 0.801605 0.0315012 0.0284653
0 0.401404 0.0572226 0.0266047 0.0239068
0 0.506433 0.249399 0.0266694 0.023838
0 0.501606 0.282415 0.0244864 0.0221316
0 0.0360908 0.771448 0.026147 0.0225869
0 0.95415 0.184092 0.026406 0.0233004
0 0.0197244 0.336136 0.039353 0.0453502
0 0.996993 0.154335 0.00601349 0.0320304
0 0.064837 0.403286 0.026608 0.023219
0 0.548108 0.573886 0.043601 0.0372939
0 0.736731 0.571827 0.0246539 0.0225794
0 0.262481 0.671601 0.0250213 0.0223849
0 0.955259 0.406996 0.0241355 0.0222896
0 0.691091 0.75376 0.0963228 0.0846576
0 0.336748 0.0102303 0.0364285 0.0204253
0 0.318334 0.951537 0.0261559 0.023455
0 0.39637 0.0766908 0.0282754 0.0249974
0 0.98595 0.00594304 0.0279124 0.0118542
