0 0.964043 0.560394 0.0719136 0.0896014
0 0.0325999 0.355979 0.0651998 0.065486
0 0.679331 0.87932 0.0600902 0.0576229
0 0.614031 0.0959411 0.0302426 0.0296545
0 0.908686 0.876044 0.0613658 0.05992
0 0.0722625 0.212494 0.143648 0.235789
0 0.153573 0.394391 0.0308803 0.0295456
0 0.186944 0.775103 0.0275478 0.0267119
0 0.398018 0.965779 0.0358593 0.0350916
0 0.0372919 0.959977 0.0321505 0.0308582
0 0.233481 0.155933 0.0333306 0.0324447
0 0.902684 0.548969 0.0351524 0.0339675
0 0.825735 0.739738 0.189861 0.175746
0 0.566884 0.879012 0.027267 0.0260761
0 0.828814 0.138718 0.0255423 0.0247041
0 0.971229 0.696571 0.0249637 0.02393
0 0.47663 0.479334 0.0273491 0.0268674
0 0.906914 0.830466 0.04156 0.0400715
0 0.525312 0.23986 0.0245254 0.0237399
0 0.984473 0.91114 0.0303715 0.0303847
0 0.513698 0.74597 0.0237588 0.0229368
0 0.540782 0.868725 0.0281544 0.027681
0 0.661962 0.0204887 0.0231418 0.0229755
0 0.0313505 0.716549 0.0255693 0.0251371
0 0.251393 0.130183 0.0299437 0.0293069
0 0.4102 0.149507 0.0240832 0.0231928
0 0.00826514 0.949687 0.0165198 0.0234039
0 0.12891 0.584438 0.0228567 0.0221902
0 0.368347 0.63839 0.0230397 0.0225885
0 0.249928 0.584774 0.0792021 0.0766361
0 0.940172 0.713337 0.119549 0.28859
0 0.785918 0.861017 0.0329334 0.031041
0 0.346701 0.754416 0.103953 0.0974001
0 0.69911 0.695064 0.023205 0.0226631
0 0.797662 0.38242 0.150381 0.141834
0 0.201892 0.269111 0.145793 0.140543
0 0.949473 0.836953 0.0444247 0.0422139
0 0.595133 0.0478291 0.0238388 0.0235452
0 0.0662205 0.99528 0.0242308 0.00943937
0 0.428814 0.367701 0.0230267 0.0229063
