0 0.899631 0.90668 0.200739 0.185364
0 0.188214 0.631171 0.0742045 0.0615591
0 0.839211 0.236383 0.214438 0.181514
0 0.911018 0.20017 0.055963 0.0459478
0 0.0207786 0.191466 0.0415572 0.0448538
0 0.0451455 0.226911 0.0496547 0.0417649
0 0.0449935 0.933893 0.0380288 0.0312748
0 0.945927 0.334573 0.0479776 0.0374407
0 0.834666 0.475788 0.0406613 0.0321369
0 0.613151 0.10169 0.0312138 0.0266157
0 0.394475 0.938775 0.088286 0.0716888
0 0.359312 0.635992 0.158546 0.145414
0 0.961887 0.429257 0.0556765 0.0440927
0 0.985939 0.266764 0.0280037 0.0263122
0 0.06826 0.855471 0.0295469 0.0238635
0 0.56399 0.542228 0.0663989 0.0525582
0 0.0879016 0.0927117 0.0347139 0.0284261
0 0.768566 0.0273252 0.0497278 0.041017
0 0.0498092 0.0810694 0.0441899 0.0373863
0 0.749945 0.100243 0.0449181 0.0374238
0 0.42602 0.00760573 0.0347157 0.0151537
0 0.927816 0.0301967 0.0375913 0.0314259
0 0.983862 0.0803436 0.0320495 0.0312535
0 0.88516 0.0810737 0.0901875 0.0737133
0 0.0163664 0.566041 0.0325553 0.0274328
0 0.310238 0.88112 0.028114 0.0237389
0 0.634252 0.668102 0.0999617 0.0820632
0 0.0574067 0.170441 0.0459721 0.038417
0 0.912992 0.360035 0.0422842 0.0344767
0 0.464842 0.577797 0.0919825 0.074142
0 0.587986 0.672086 0.0269259 0.0224672
0 0.637452 0.163604 0.028588 0.023543
0 0.986844 0.461956 0.0260203 0.0549688
0 0.326521 0.527428 0.051475 0.04256
0 0.0197297 0.424372 0.039411 0.0423899
0 0.91149 0.412677 0.0413524 0.0336628
0 0.397686 0.992482 0.0297203 0.0150361
0 0.715339 0.397091 0.0845228 0.0690415
0 0.611232 0.353012 0.0284967 0.0232098
0 0.298193 0.814498 0.0450559 0.0370483
0 0.42618 0.646444 0.13991 0.113766
0 0.737581 0.578533 0.0773711 0.0600629
0 0.558671 0.577424 0.0272992 0.0221601
0 0.208132 0.0263164 0.0258907 0.0222732
0 0.774319 0.330771 0.0791183 0.063642
0 0.183243 0.682458 0.0543186 0.0453718
0 0.311821 0.785805 0.130946 0.107302
0 0.22727 0.958066 0.0284751 0.0237471
