0 0.6854 0.298448 0.317001 0.280284
0 0.863117 0.514209 0.0453821 0.0375135
0 0.268597 0.161565 0.0556661 0.0454969
0 0.134978 0.179804 0.0510193 0.0404391
0 0.0649198 0.313405 0.0847073 0.0696792
0 0.29098 0.919657 0.0389408 0.0315682
0 0.990462 0.128883 0.0190387 0.0285847
0 0.226822 0.718833 0.0892782 0.0713887
0 0.37191 0.18512 0.0392091 0.0317266
0 0.654894 0.0295194 0.0280163 0.0247078
0 0.0157057 0.504817 0.0280039 0.0236394
0 0.651509 0.668342 0.231434 0.197327
0 0.246005 0.797004 0.0281318 0.0233047
0 0.450302 0.481147 0.304537 0.223087
0 0.428516 0.166767 0.277885 0.241597
0 0.750611 0.0294917 0.0277991 0.0243042
0 0.0235973 0.119683 0.0269757 0.0225201
0 0.771622 0.594564 0.0303741 0.0252143
0 0.714439 0.921406 0.238265 0.15615
0 0.866314 0.608589 0.0273762 0.022985
0 0.981165 0.304666 0.0373571 0.0432083
0 0.940323 0.28195 0.0313339 0.0264622
0 0.0259952 0.71382 0.0519828 0.0825465
0 0.494388 0.342641 0.0267702 0.0226216
