0 0.761485 0.27806 0.104554 0.100977
0 0.691256 0.564122 0.0521271 0.0517478
0 0.961161 0.381144 0.0552779 0.0541293
0 0.181535 0.414381 0.0391496 0.0381271
0 0.427893 0.337168 0.0383478 0.0375658
0 0.970821 0.50042 0.0399406 0.0390355
0 0.203637 0.777156 0.0293657 0.0285214
0 0.59892 0.0684564 0.0259492 0.0256585
0 0.460567 0.399059 0.0305954 0.0299512
0 0.0644871 0.560237 0.0291001 0.0279812
0 0.97862 0.689269 0.0377678 0.0364488
0 0.215442 0.924583 0.0729614 0.0724812
0 0.598239 0.663685 0.0253528 0.0247043
0 0.80104 0.913836 0.0239285 0.0227448
0 0.745564 0.916477 0.0251775 0.0247022
0 0.101321 0.633631 0.0240942 0.0238826
0 0.0399266 0.579365 0.0261255 0.0257518
0 0.906827 0.868814 0.0231926 0.0226817
0 0.534795 0.430626 0.0306773 0.0302781
0 0.973368 0.901177 0.027434 0.0262041
0 0.725578 0.992262 0.024504 0.0154757
0 0.715477 0.973817 0.0242486 0.0230656
0 0.904692 0.0386588 0.0741348 0.0717095
0 0.642116 0.316181 0.028432 0.0278902
0 0.632412 0.339785 0.0228296 0.0224154
0 0.322354 0.110028 0.022884 0.0224291
0 0.869884 0.333454 0.0282252 0.0271597
0 0.825415 0.291366 0.0286602 0.0278688
0 0.514823 0.670026 0.0247921 0.024923
0 0.67538 0.316391 0.024549 0.0243838
0 0.824614 0.372766 0.0296328 0.0287701
0 0.556975 0.040517 0.0242867 0.0244744
