0 0.64792 0.429672 0.0734922 0.0717319
0 0.537178 0.201675 0.0582809 0.0563882
0 0.85697 0.555732 0.0624413 0.0606847
0 0.12675 0.40764 0.16566 0.154121
0 0.947443 0.0732775 0.0520754 0.0513101
0 0.388069 0.242456 0.0377004 0.036732
0 0.259797 0.25611 0.0502421 0.0480522
0 0.776043 0.0729315 0.0309593 0.0301191
0 0.587609 0.643064 0.0407608 0.0392872
0 0.390967 0.74942 0.050116 0.0494235
0 0.306326 0.344398 0.0549726 0.053514
0 0.867961 0.945806 0.0439561 0.0434233
0 0.777533 0.774348 0.0301569 0.0297277
0 0.9616 0.126264 0.0354741 0.0349291
0 0.0186166 0.595495 0.0309739 0.0297445
0 0.18151 0.625066 0.0331713 0.0319315
0 0.483685 0.785083 0.0421288 0.0417124
0 0.104066 0.391901 0.0336405 0.0327833
0 0.89498 0.776775 0.0329263 0.0324032
0 0.953539 0.793192 0.0341077 0.0335386
0 0.905029 0.680029 0.0281665 0.0277393
0 0.569605 0.421086 0.0244892 0.0241208
0 0.944101 0.552861 0.0326076 0.0318367
0 0.115896 0.436397 0.0283788 0.0277275
0 0.879177 0.312438 0.024964 0.0248539
0 0.816878 0.392509 0.0263038 0.0258529
0 0.243488 0.190548 0.0771199 0.0725228
0 0.36724 0.0684396 0.024556 0.0242056
0 0.662984 0.815616 0.029933 0.0290359
0 0.358498 0.918363 0.0279921 0.0279077
0 0.983585 0.944228 0.0328304 0.0493892
0 0.874364 0.0124082 0.0325063 0.0247522
0 0.67449 0.712295 0.0275069 0.027187
0 0.223055 0.591673 0.040018 0.0389187
0 0.966066 0.993599 0.0273829 0.0128021
0 0.540392 0.684948 0.0284009 0.02772
0 0.12862 0.945755 0.0298893 0.0293745
0 0.0451089 0.896643 0.0491384 0.0475533
0 0.539857 0.784029 0.0293043 0.0290356
0 0.347548 0.721263 0.0388658 0.038343
0 0.946259 0.487582 0.0378367 0.0369074
0 0.264517 0.485599 0.135862 0.128528
0 0.602336 0.769998 0.0389655 0.0380216
0 0.409224 0.144965 0.0233954 0.0230556
0 0.537147 0.738284 0.0297894 0.0287682
0 0.658194 0.949033 0.0250083 0.0248227
0 0.799597 0.448832 0.0246441 0.0240009
0 0.612697 0.71474 0.0321078 0.0314717
0 0.409425 0.611534 0.0350617 0.034462
0 0.284878 0.152977 0.0245476 0.0233991
0 0.984727 0.781493 0.0303149 0.0804047
0 0.521118 0.400691 0.0337949 0.0321871
0 0.777408 0.536081 0.0240664 0.0238562
0 0.808247 0.568247 0.0329549 0.0320477
0 0.376387 0.0804058 0.33136 0.160713
0 0.681017 0.620331 0.0251365 0.0250961
0 0.518009 0.450326 0.0256537 0.0248353
0 0.275004 0.509757 0.0244147 0.0240922
0 0.478177 0.268612 0.339137 0.356419
0 0.103289 0.685852 0.0250425 0.0242364
0 0.231071 0.150499 0.0304682 0.0290372
0 0.451185 0.253021 0.0554324 0.0546093
0 0.946886 0.980969 0.041554 0.036794
0 0.396085 0.49527 0.0260838 0.0248882
0 0.351944 0.89156 0.0351078 0.0340536
0 0.905125 0.588658 0.0239661 0.0233345
0 0.347824 0.878428 0.0254818 0.0256804
0 0.348894 0.963271 0.209502 0.0734575
0 0.0593151 0.00850626 0.0260607 0.0170125
0 0.905674 0.633362 0.0570912 0.0559298
0 0.200386 0.0357428 0.0614284 0.0593996
0 0.611712 0.488497 0.0232253 0.0231714
0 0.806702 0.77021 0.023614 0.0230632
0 0.872683 0.971723 0.031027 0.0306633
0 0.372424 0.708608 0.026752 0.02739
0 0.132385 0.854882 0.0313035 0.0303884
0 0.312152 0.300033 0.0334842 0.0316587
0 0.263127 0.84242 0.0506779 0.0484661
0 0.0312997 0.400671 0.0513955 0.0515906
0 0.572904 0.344813 0.023577 0.023401
0 0.306743 0.15674 0.0454338 0.0437221
0 0.923368 0.700304 0.0235332 0.0228934
0 0.0464955 0.05429 0.0237254 0.023678
