0 0.919156 0.691797 0.0822871 0.0712144
0 0.424568 0.210472 0.0544441 0.0476582
0 0.969073 0.489874 0.0579827 0.0497966
0 0.913856 0.0121891 0.0642014 0.0243203
0 0.397105 0.49605 0.0385582 0.0340769
0 0.450452 0.137265 0.0437236 0.0376738
0 0.400822 0.261922 0.0435824 0.0380837
0 0.848361 0.0840783 0.0314323 0.0276571
0 0.382922 0.86145 0.0337095 0.0286896
0 0.635128 0.977384 0.0624976 0.0449804
0 0.0942191 0.15836 0.030496 0.0261482
0 0.477402 0.281763 0.0411572 0.0366536
0 0.0892672 0.318182 0.0463021 0.0392148
0 0.12843 0.0168773 0.0497255 0.0337317
0 0.769452 0.949414 0.0294352 0.026135
0 0.372824 0.23352 0.0318882 0.0276603
0 0.328361 0.312268 0.0337219 0.0290183
0 0.670627 0.0470651 0.0357449 0.0315763
0 0.454316 0.983059 0.0366577 0.0316177
0 0.347507 0.515004 0.0305997 0.0272033
0 0.020003 0.0400663 0.0292482 0.0248528
0 0.126383 0.939448 0.0332471 0.0282106
0 0.637869 0.85938 0.0299619 0.0268867
0 0.852341 0.270899 0.0368097 0.0318819
0 0.950822 0.123903 0.0294995 0.0258537
0 0.768139 0.262968 0.0282157 0.0249805
0 0.481782 0.114202 0.0321685 0.0275867
0 0.330641 0.255251 0.0478346 0.0412138
0 0.500391 0.814174 0.0292917 0.0245864
0 0.535627 0.440309 0.080332 0.0722114
0 0.892398 0.820179 0.0830303 0.0743518
0 0.641064 0.323472 0.0453348 0.0403053
0 0.265149 0.700976 0.029224 0.0250542
0 0.960255 0.181847 0.0264194 0.0233375
0 0.87892 0.671046 0.0301065 0.0269286
0 0.391644 0.300305 0.0345351 0.0302486
0 0.430945 0.164661 0.0330253 0.0286252
0 0.947935 0.885513 0.0593615 0.0536095
0 0.712292 0.432679 0.0262422 0.0229693
0 0.507166 0.966827 0.0307778 0.0261576
0 0.798043 0.982745 0.0256515 0.0234384
0 0.240416 0.899321 0.02607 0.0222339
0 0.316953 0.219206 0.0281568 0.0246656
0 0.552356 0.115639 0.0365658 0.0324266
0 0.588419 0.0703306 0.0322358 0.0285319
0 0.503454 0.238794 0.031544 0.026705
0 0.866589 0.246952 0.0249006 0.0227393
0 0.302372 0.0667893 0.0266358 0.0231671
0 0.991554 0.988815 0.0168925 0.0221266
0 0.0608666 0.0520732 0.0272515 0.0223502
0 0.632333 0.353118 0.0292242 0.0269635
0 0.700398 0.12105 0.0251966 0.0222169
0 0.805715 0.403274 0.0244422 0.0233531
