0 0.531239 0.752753 0.112499 0.105293
0 0.155562 0.437901 0.311124 0.354109
0 0.242529 0.192429 0.395075 0.381452
0 0.375388 0.796229 0.0830975 0.0784006
0 0.915088 0.708571 0.0825918 0.0774661
0 0.60362 0.640484 0.0354465 0.0335164
0 0.411286 0.735956 0.07595 0.0712135
0 0.579979 0.457775 0.0530252 0.0511181
0 0.546324 0.59035 0.047661 0.0451459
0 0.351289 0.984077 0.0564957 0.0316898
0 0.414686 0.897021 0.051242 0.0493003
0 0.472591 0.528641 0.0389609 0.0363197
0 0.65266 0.18971 0.0332036 0.0317668
0 0.296589 0.784835 0.0519511 0.0494447
0 0.918009 0.548135 0.0441713 0.0402369
0 0.735087 0.717104 0.0535755 0.0506757
0 0.535923 0.554242 0.0291763 0.0272704
0 0.0828187 0.495591 0.0277178 0.0274045
0 0.447153 0.926034 0.0297724 0.0287065
0 0.973979 0.936978 0.0518713 0.056551
0 0.859912 0.230734 0.0937165 0.0879308
0 0.332128 0.747042 0.0666927 0.0624666
0 0.798481 0.308634 0.0341729 0.0318874
0 0.971305 0.319813 0.0244708 0.0236369
0 0.463926 0.861805 0.0786878 0.0746075
0 0.372165 0.916133 0.0230989 0.0226321
0 0.183436 0.994073 0.0271606 0.0118544
0 0.207787 0.784154 0.356553 0.354231
0 0.996124 0.379817 0.00775204 0.0233011
0 0.691668 0.302285 0.031374 0.030879
0 0.264245 0.592739 0.0253036 0.025359
0 0.535832 0.931345 0.031476 0.0304384
0 0.66096 0.159959 0.0296853 0.0290889
0 0.607499 0.768928 0.0476656 0.0456426
0 0.857805 0.471166 0.0448954 0.0418538
0 0.942631 0.652365 0.0305347 0.0285099
