0 0.787173 0.69267 0.41429 0.334626
0 0.18855 0.157444 0.0804064 0.0651041
0 0.231229 0.63886 0.0472629 0.0367048
0 0.159773 0.432451 0.0405339 0.0316617
0 0.834527 0.0942464 0.0437372 0.0354094
0 0.319728 0.695454 0.0390605 0.0304771
0 0.25494 0.92941 0.0383967 0.0309987
0 0.0604833 0.240992 0.0359335 0.0294544
0 0.0945389 0.899057 0.0341847 0.0279129
0 0.084996 0.783399 0.0404079 0.0321264
0 0.0240688 0.709716 0.0378431 0.0301175
0 0.687481 0.426812 0.0363748 0.0286454
0 0.812348 0.683441 0.0333182 0.0275283
0 0.482004 0.194691 0.22248 0.180293
0 0.154074 0.356046 0.0359682 0.0281613
0 0.54085 0.471157 0.0352073 0.0286038
0 0.738866 0.197072 0.0439017 0.036441
0 0.0112553 0.755261 0.0225106 0.023111
0 0.20565 0.918779 0.0325543 0.0254415
0 0.309896 0.446773 0.0741903 0.0595026
0 0.261004 0.261473 0.032516 0.0254787
0 0.546713 0.179315 0.0316815 0.0272819
0 0.308508 0.104348 0.0286825 0.0242285
0 0.200179 0.0742439 0.0439559 0.0369151
0 0.622592 0.248739 0.0322349 0.0267439
0 0.193873 0.812297 0.0286193 0.0228849
0 0.300019 0.518686 0.0969086 0.0777378
0 0.936398 0.155844 0.0294323 0.0246942
0 0.83704 0.470963 0.029895 0.0238772
0 0.146489 0.548479 0.0287123 0.022135
0 0.675532 0.296137 0.0325339 0.0267529
0 0.0537782 0.790702 0.0284636 0.0226802
0 0.180836 0.495115 0.0455958 0.0353947
0 0.0409914 0.524639 0.0280632 0.0218368
0 0.444123 0.891415 0.0293643 0.0232194
0 0.428289 0.764673 0.0279877 0.0220654
0 0.205176 0.537884 0.0865138 0.0686367
0 0.401602 0.694168 0.0265055 0.0216293
0 0.458326 0.616284 0.0323052 0.0257143
0 0.134747 0.352712 0.269493 0.28406
0 0.127532 0.0223769 0.0766984 0.0447537
0 0.634146 0.276641 0.0360284 0.0292842
0 0.2288 0.479203 0.0528248 0.0421371
0 0.750717 0.212429 0.0325001 0.0268136
0 0.441149 0.214025 0.0309107 0.0261947
0 0.42839 0.653132 0.0267809 0.0217892
0 0.0579851 0.909133 0.0261052 0.0221005
0 0.689769 0.325143 0.0289691 0.024049
0 0.540838 0.906236 0.0398769 0.030659
0 0.346552 0.10752 0.0330574 0.0277066
0 0.00395225 0.0957527 0.00790449 0.0275531
0 0.0195915 0.00983917 0.0341834 0.0196599
0 0.777407 0.151636 0.0311514 0.0255036
0 0.602146 0.286189 0.0365882 0.0303236
0 0.554579 0.0282605 0.0389876 0.0339751
0 0.307227 0.836472 0.0286505 0.0236106
