0 0.116018 0.236215 0.100178 0.0942927
0 0.566408 0.592567 0.206452 0.192497
0 0.448646 0.525754 0.125652 0.114962
0 0.825548 0.385912 0.0920334 0.0866447
0 0.174699 0.527681 0.029999 0.0281553
0 0.696779 0.800143 0.0404378 0.0382668
0 0.213408 0.861381 0.0401501 0.0358035
0 0.962029 0.714257 0.0572614 0.0518973
0 0.942385 0.22241 0.0454016 0.0417771
0 0.69537 0.867918 0.0284975 0.0270613
0 0.0274728 0.10486 0.0342051 0.0332884
0 0.152694 0.536743 0.0350901 0.0331621
0 0.947819 0.889219 0.0481553 0.0438388
0 0.237789 0.0124815 0.0549397 0.0249521
0 0.942249 0.621575 0.107008 0.100862
0 0.58168 0.301013 0.0551674 0.0537128
0 0.675936 0.758595 0.0580667 0.0551713
0 0.646402 0.792552 0.0757344 0.0709372
0 0.777983 0.383163 0.0702736 0.0669016
0 0.042757 0.860762 0.029463 0.0269378
0 0.0798683 0.112546 0.0294593 0.0280786
0 0.222954 0.122302 0.082284 0.0775808
0 0.747886 0.210558 0.0730879 0.0692819
0 0.610572 0.93769 0.0261474 0.0254696
0 0.782615 0.840854 0.0807489 0.0751854
0 0.709542 0.824145 0.0269159 0.0256011
0 0.990956 0.737919 0.0180887 0.0652783
0 0.122507 0.859074 0.0621781 0.0571704
0 0.721005 0.662775 0.0681009 0.0629264
0 0.372233 0.865645 0.0376173 0.0352716
0 0.258543 0.760592 0.0348628 0.031127
0 0.667125 0.0687424 0.0598203 0.0584146
0 0.963597 0.0732583 0.0289869 0.0267954
0 0.703392 0.908378 0.0245186 0.0232654
0 0.260333 0.416065 0.026649 0.02515
0 0.32388 0.852956 0.0569189 0.0535601
0 0.252488 0.805239 0.0265462 0.0242641
0 0.746106 0.723613 0.0678749 0.0639631
0 0.832415 0.271282 0.0281234 0.0271711
0 0.402751 0.816582 0.0310431 0.0291634
0 0.857287 0.81888 0.284371 0.264592
0 0.778947 0.654603 0.0536262 0.0509357
0 0.824337 0.693434 0.0619762 0.0580802
0 0.206919 0.731563 0.0503514 0.0455045
0 0.911579 0.711734 0.0357144 0.0334546
0 0.621716 0.982514 0.10043 0.0349724
0 0.745031 0.927662 0.0255455 0.0246674
0 0.461158 0.696339 0.0227239 0.02213
0 0.73855 0.919687 0.173615 0.157143
0 0.754123 0.601592 0.0233657 0.0225992
0 0.520843 0.175321 0.0338788 0.0320502
0 0.724285 0.873477 0.0330644 0.0314752
0 0.653956 0.66558 0.0280713 0.0260715
0 0.00742146 0.792095 0.0148429 0.0230761
0 0.9305 0.0798322 0.0400028 0.0368547
0 0.804952 0.734394 0.0496314 0.0459468
0 0.54095 0.20665 0.0259951 0.0247623
0 0.179173 0.845359 0.0296789 0.0276818
0 0.574473 0.692681 0.033827 0.0319386
0 0.880275 0.144421 0.0938073 0.0881636
0 0.971171 0.498446 0.027429 0.0259114
0 0.666823 0.388061 0.0233238 0.0229592
