0 0.308534 0.619809 0.25827 0.227186
0 0.852944 0.240868 0.156073 0.136795
0 0.11124 0.0876548 0.154001 0.136869
0 0.519704 0.558817 0.104082 0.0917158
0 0.28179 0.472955 0.108101 0.0987667
0 0.432311 0.446149 0.232234 0.213262
0 0.759778 0.589702 0.0897778 0.0824115
0 0.488735 0.0824085 0.0733059 0.066399
0 0.957264 0.810575 0.0854713 0.0975297
0 0.0334602 0.120394 0.0349321 0.0308264
0 0.477837 0.824249 0.0552626 0.0494625
0 0.958477 0.906427 0.0284822 0.0271654
0 0.710807 0.90897 0.0371547 0.0334857
0 0.114023 0.529069 0.228046 0.219254
0 0.865937 0.426298 0.0897492 0.0827979
0 0.913971 0.334895 0.0508386 0.0461522
0 0.509191 0.234391 0.149779 0.130546
0 0.801183 0.885051 0.0423965 0.038562
0 0.930898 0.667811 0.0520489 0.048567
0 0.66894 0.461642 0.315139 0.26156
0 0.0247663 0.846047 0.0495326 0.0658706
0 0.379219 0.798975 0.050371 0.04489
0 0.530782 0.956824 0.0412259 0.0373588
0 0.11919 0.317683 0.0373652 0.0331553
0 0.297177 0.268297 0.0316582 0.0285019
0 0.848312 0.755085 0.0364695 0.0336011
0 0.225543 0.348545 0.0494204 0.0460971
0 0.892338 0.616385 0.215325 0.38915
0 0.691603 0.0130801 0.0376129 0.0261603
0 0.437949 0.152244 0.0518321 0.0465749
0 0.906228 0.860994 0.0426526 0.0400893
0 0.742683 0.833812 0.0332249 0.0308816
0 0.412541 0.311203 0.0511241 0.0459211
0 0.032915 0.308898 0.0268845 0.0237859
0 0.775475 0.804418 0.0429713 0.0394543
0 0.433772 0.932786 0.0379961 0.0334878
0 0.552114 0.00959281 0.0272713 0.0191856
0 0.655737 0.642803 0.037234 0.0339459
0 0.710338 0.657403 0.029927 0.0270841
0 0.181315 0.15161 0.0314006 0.0288697
0 0.00569841 0.79287 0.0113968 0.0383837
0 0.847837 0.815295 0.0356024 0.0332515
0 0.51181 0.157805 0.0987287 0.0916926
0 0.379368 0.838295 0.0262643 0.0236743
0 0.263992 0.37693 0.0404617 0.0367601
0 0.806574 0.326016 0.0411935 0.0370554
0 0.0456656 0.760356 0.0263468 0.0245471
0 0.890985 0.789358 0.0379929 0.0354221
0 0.286694 0.227779 0.0293615 0.0271411
0 0.631302 0.294514 0.0260175 0.0240384
0 0.132012 0.924378 0.0345463 0.0309505
0 0.319336 0.335956 0.0396871 0.0369859
0 0.900721 0.957172 0.0271683 0.0256091
0 0.934655 0.0239386 0.0316246 0.0288976
0 0.553644 0.842797 0.0268631 0.0244269
0 0.216666 0.750228 0.0724253 0.0660129
0 0.369866 0.341249 0.0518715 0.0471354
0 0.759722 0.324033 0.0528431 0.0471849
0 0.859875 0.83975 0.0267615 0.0248851
0 0.271916 0.182886 0.0245007 0.0228263
0 0.865411 0.887497 0.0268049 0.0252915
0 0.0783856 0.223921 0.0253062 0.0231057
0 0.296457 0.932636 0.0408257 0.0376635
0 0.987814 0.319199 0.0243711 0.0348731
0 0.553498 0.109964 0.0325552 0.0291144
0 0.0967182 0.348836 0.0356507 0.0328791
0 0.61196 0.367451 0.0292037 0.0266276
0 0.19443 0.946473 0.0537324 0.0459344
0 0.927244 0.98499 0.0274259 0.025444
0 0.446545 0.0239809 0.0752067 0.0479617
0 0.129458 0.232129 0.0713727 0.0632511
0 0.393308 0.880254 0.0322658 0.0288194
0 0.990236 0.181679 0.0193898 0.0325847
0 0.978158 0.977581 0.0295803 0.0282788
0 0.752076 0.246797 0.0423946 0.0353715
0 0.152685 0.0108215 0.0264957 0.021643
0 0.938043 0.864631 0.034794 0.033432
0 0.0355661 0.218513 0.0251841 0.0234632
0 0.248904 0.954993 0.059453 0.0544017
0 0.087273 0.177335 0.0237057 0.0223565
0 0.710787 0.964473 0.0364172 0.033037
0 0.352553 0.0370935 0.0339291 0.0315909
0 0.31365 0.204929 0.0304877 0.0278014
0 0.910218 0.824241 0.0282707 0.0270255
0 0.476617 0.99494 0.0333077 0.0101196
