0 0.212108 0.870576 0.141108 0.117354
0 0.645494 0.262037 0.04743 0.0397153
0 0.536161 0.0252462 0.0562026 0.048692
0 0.8817 0.397588 0.0308339 0.0267239
0 0.912854 0.0321671 0.0332693 0.0310422
0 0.202515 0.13214 0.0292107 0.0257099
0 0.755977 0.914373 0.0381861 0.0310166
0 0.75918 0.490791 0.0436208 0.0372648
0 0.775765 0.559082 0.032702 0.0274434
0 0.738787 0.955251 0.0341363 0.0281679
0 0.101165 0.20943 0.0374706 0.0325505
0 0.0862384 0.0305114 0.0421961 0.036001
0 0.786202 0.870583 0.0330727 0.0279074
0 0.740876 0.459326 0.0358477 0.029927
0 0.978613 0.194831 0.0319778 0.0286177
0 0.249553 0.0633827 0.0391474 0.0328173
0 0.421534 0.520691 0.0285511 0.0244733
0 0.488183 0.132557 0.0368403 0.031555
0 0.781242 0.527662 0.0375011 0.0316774
0 0.763907 0.872121 0.0427089 0.0376337
0 0.444527 0.769242 0.277795 0.237375
0 0.898138 0.721059 0.0312782 0.0265915
0 0.839537 0.789854 0.0325848 0.0279324
0 0.168487 0.129283 0.335029 0.257335
0 0.987807 0.0160657 0.0241103 0.0308803
0 0.769999 0.695257 0.0307226 0.0252677
0 0.686355 0.695875 0.0288198 0.0242512
0 0.386972 0.931533 0.379045 0.133614
0 0.918543 0.880382 0.162798 0.218561
0 0.194447 0.490359 0.0405899 0.0338702
0 0.555513 0.115652 0.02782 0.0237021
0 0.82962 0.681764 0.0482525 0.0405295
0 0.72251 0.204837 0.0278914 0.0249326
0 0.639102 0.00650189 0.0502802 0.0129821
0 0.753835 0.665901 0.415812 0.266166
0 0.631843 0.796471 0.0599997 0.050488
0 0.341136 0.542374 0.0814142 0.0717061
0 0.367571 0.169049 0.0254289 0.023201
0 0.357943 0.0639998 0.0650078 0.0570603
0 0.298901 0.174888 0.0355107 0.0293153
0 0.0393826 0.736185 0.0272902 0.0228653
0 0.971378 0.232168 0.0254707 0.0221499
