0 0.104998 0.480981 0.209857 0.294425
0 0.644462 0.796623 0.0471177 0.0420332
0 0.431309 0.691981 0.0363134 0.031572
0 0.535432 0.27421 0.0453873 0.0411212
0 0.413877 0.873902 0.0577436 0.0510597
0 0.142392 0.992237 0.0386334 0.0153782
0 0.90969 0.807075 0.0351386 0.0318737
0 0.715191 0.50036 0.0254152 0.0235697
0 0.86972 0.218572 0.0276476 0.0258589
0 0.552427 0.389383 0.0835295 0.076047
0 0.239929 0.00614316 0.0458507 0.0122863
0 0.0235889 0.870752 0.0470316 0.222217
0 0.468662 0.739535 0.0240253 0.0217805
0 0.972013 0.0251284 0.0276691 0.025207
0 0.663638 0.683092 0.568517 0.57977
