0 0.28509 0.932113 0.0757461 0.055645
0 0.474972 0.430838 0.164397 0.121625
0 0.54796 0.512024 0.0451536 0.0352201
0 0.23573 0.021332 0.0724726 0.042664
0 0.498705 0.0134274 0.0360491 0.0266775
0 0.809073 0.393701 0.0871882 0.067685
0 0.336127 0.713972 0.0921974 0.0696105
0 0.352188 0.210622 0.0653535 0.0496331
0 0.537349 0.796842 0.0420768 0.0305772
0 0.874921 0.401415 0.110212 0.0867591
0 0.876319 0.337344 0.0622955 0.0475125
0 0.488473 0.106171 0.03503 0.0268607
0 0.0583696 0.528557 0.0393212 0.0295339
0 0.868024 0.286925 0.168406 0.131998
0 0.198879 0.0456043 0.0294961 0.0235124
0 0.95916 0.563501 0.0328896 0.0258883
0 0.986234 0.658844 0.0273639 0.0300267
0 0.700117 0.714926 0.0301827 0.0236511
0 0.19551 0.629305 0.0307272 0.0238081
0 0.563275 0.00897781 0.0585577 0.0178557
0 0.77591 0.544605 0.0386443 0.0297947
0 0.899665 0.436074 0.069474 0.0548773
0 0.3063 0.0218037 0.0923332 0.0434994
0 0.636759 0.953945 0.0334611 0.0247705
0 0.757763 0.558894 0.0340327 0.0256777
0 0.206154 0.511812 0.0289379 0.0225849
0 0.332889 0.855451 0.0295728 0.0225836
0 0.479494 0.937285 0.388747 0.124235
0 0.111864 0.791202 0.0286258 0.0220335
0 0.185393 0.586493 0.107176 0.0805356
0 0.930948 0.369887 0.0319662 0.0249656
0 0.0557743 0.0999341 0.0305009 0.0238572
0 0.506575 0.0623702 0.0274069 0.0219669
0 0.98856 0.477763 0.0228806 0.0750916
0 0.67636 0.827336 0.030189 0.0231504
0 0.209619 0.353152 0.0647637 0.0510187
0 0.283743 0.248269 0.114877 0.0919777
0 0.752234 0.397469 0.0618356 0.0478254
0 0.997197 0.228333 0.00560684 0.0304153
0 0.767393 0.748796 0.0339357 0.0262213
0 0.950662 0.438272 0.0280435 0.0223848
0 0.410119 0.0965133 0.0265264 0.0218118
0 0.819692 0.264101 0.0282646 0.0224638
0 0.85894 0.80473 0.046541 0.0345271
0 0.372123 0.0446664 0.0609229 0.0502071
0 0.90503 0.514824 0.0501635 0.0392411
0 0.487983 0.542231 0.0282303 0.0219958
