0 0.924365 0.159956 0.15127 0.130653
0 0.815236 0.471538 0.0585563 0.0446165
0 0.127016 0.657389 0.0431844 0.0330505
0 0.576552 0.088479 0.0492933 0.0381611
0 0.481063 0.588076 0.0455427 0.0336995
0 0.522515 0.0125583 0.0404267 0.024965
0 0.251195 0.872255 0.0419198 0.0327909
0 0.202385 0.521419 0.0380775 0.0280779
0 0.161251 0.172756 0.0450058 0.0335622
0 0.714788 0.522344 0.0369534 0.0284526
0 0.0534295 0.0137875 0.0955056 0.0275751
0 0.9835 0.520097 0.0330005 0.0269511
0 0.18676 0.878988 0.0395457 0.0316071
0 0.0418763 0.892829 0.0329333 0.0260308
0 0.0127928 0.603149 0.0255856 0.0338058
0 0.386507 0.0288553 0.0320436 0.0246539
0 0.0658787 0.522654 0.0334463 0.0251007
0 0.293193 0.0183267 0.0332186 0.0253593
0 0.054731 0.0656797 0.0314436 0.0239756
0 0.989931 0.682303 0.0201382 0.0249195
0 0.333364 0.800177 0.0348221 0.0265177
0 0.880192 0.57691 0.0313071 0.023087
0 0.500222 0.870811 0.0366096 0.0272122
0 0.699915 0.263387 0.0306371 0.0232834
0 0.0140188 0.48477 0.0280377 0.0323469
0 0.942664 0.518286 0.0295553 0.0227728
0 0.186427 0.800204 0.0289625 0.02262
0 0.711083 0.822631 0.0307587 0.0224708
0 0.0584805 0.498354 0.0293707 0.0227639
0 0.0137866 0.643915 0.0275732 0.0432601
0 0.970305 0.24998 0.0593891 0.104209
0 0.577313 0.241695 0.0302038 0.0235558
0 0.372992 0.4575 0.028463 0.0216308
0 0.572078 0.136304 0.0286458 0.0219782
0 0.0952643 0.160417 0.0295951 0.0224251
0 0.99689 0.42989 0.00621948 0.039379
0 0.84906 0.790369 0.0291556 0.0218296
0 0.707832 0.624064 0.0281622 0.0212352
0 0.646445 0.201203 0.028614 0.0221807
0 0.795766 0.566937 0.0266199 0.0209668
0 0.613763 0.8551 0.0271882 0.0212307
0 0.128305 0.167004 0.0323392 0.0250069
