0 0.340079 0.845941 0.340489 0.305554
0 0.894905 0.650746 0.109035 0.103285
0 0.0862402 0.284435 0.17248 0.259929
0 0.123323 0.836321 0.12851 0.118507
0 0.822089 0.732204 0.049175 0.0463868
0 0.331635 0.093358 0.0573007 0.0554745
0 0.636692 0.0777552 0.0407324 0.0394043
0 0.0466659 0.0354886 0.0380358 0.0360364
0 0.582649 0.21567 0.0462022 0.0455484
0 0.580884 0.0944821 0.0369973 0.0355215
0 0.786579 0.348868 0.0290284 0.0274867
0 0.74831 0.274937 0.0514499 0.0479455
0 0.551146 0.855744 0.02688 0.0255753
0 0.0071523 0.55558 0.0143046 0.0451272
0 0.402571 0.128967 0.024002 0.0235831
0 0.360038 0.0496467 0.0249322 0.0242492
0 0.55228 0.169078 0.0248132 0.0239943
0 0.0532996 0.727096 0.0302504 0.0273029
0 0.27017 0.0390772 0.16622 0.0781544
0 0.498433 0.505421 0.0282505 0.0260188
0 0.126291 0.130873 0.0396122 0.0380777
0 0.114145 0.596157 0.137757 0.120716
0 0.728167 0.351188 0.0668146 0.0624534
0 0.895993 0.40009 0.0441136 0.0408853
0 0.0434272 0.622963 0.0867081 0.155151
0 0.243125 0.217536 0.0727153 0.0669198
0 0.0368252 0.852505 0.0736505 0.0890564
0 0.178441 0.73922 0.0931778 0.0860438
0 0.439546 0.530803 0.0401964 0.0369386
0 0.445662 0.614737 0.0263347 0.0243649
0 0.534483 0.18012 0.0232179 0.0230996
0 0.218515 0.306606 0.0775043 0.0726393
0 0.37549 0.0729491 0.439712 0.144447
0 0.502848 0.154345 0.0524325 0.048485
0 0.540434 0.0579261 0.0662069 0.0632942
0 0.003556 0.507804 0.007112 0.0226398
0 0.782811 0.141388 0.434366 0.282388
0 0.456502 0.0869865 0.0237988 0.0231169
