0 0.162766 0.637156 0.134361 0.13079
0 0.298446 0.17246 0.0876541 0.0833049
0 0.304006 0.911042 0.0575565 0.0551641
0 0.725772 0.924716 0.0718942 0.0700277
0 0.226052 0.272369 0.048635 0.0474501
0 0.579194 0.683416 0.0458961 0.0447895
0 0.877788 0.71764 0.0499601 0.0497445
0 0.434495 0.660283 0.0889174 0.0873402
0 0.240747 0.555324 0.0401129 0.0394412
0 0.657977 0.341915 0.0465884 0.0458198
0 0.0393273 0.912298 0.0703751 0.0678846
0 0.255468 0.939169 0.0407411 0.0394082
0 0.289632 0.031222 0.111199 0.0623448
0 0.566879 0.0115849 0.0457253 0.0231699
0 0.550356 0.334765 0.0455616 0.0452344
0 0.487454 0.422528 0.0329743 0.0323986
0 0.520672 0.246055 0.0360971 0.0353199
0 0.250795 0.783933 0.0331154 0.0319343
0 0.0863492 0.563904 0.0272025 0.0261539
0 0.882745 0.954439 0.0314608 0.0312912
0 0.355988 0.635035 0.033787 0.0321252
0 0.383941 0.704981 0.0333502 0.0322419
0 0.393413 0.542071 0.0282924 0.0272887
0 0.34858 0.825945 0.0343909 0.0331871
0 0.557362 0.271935 0.0318122 0.0310409
0 0.598609 0.534479 0.0253215 0.0246147
0 0.305266 0.284159 0.0303383 0.0295607
0 0.172699 0.482026 0.0273871 0.0263172
0 0.64692 0.0462558 0.0394168 0.0388294
0 0.057938 0.726064 0.115631 0.235069
0 0.337278 0.786409 0.0283506 0.0271642
0 0.643359 0.827602 0.0322882 0.0313479
0 0.614229 0.214058 0.0334215 0.0325604
0 0.336533 0.254256 0.0270153 0.0265562
0 0.358993 0.676642 0.0285343 0.0274982
0 0.0524926 0.266645 0.0404178 0.0390368
0 0.437258 0.913187 0.0367731 0.0352687
0 0.137515 0.848838 0.0253468 0.0244777
0 0.699875 0.12825 0.029639 0.0288937
0 0.346269 0.499749 0.0277692 0.0269992
0 0.933185 0.797791 0.0286176 0.0282097
0 0.313514 0.844652 0.0336015 0.0320945
0 0.0106424 0.603307 0.0212848 0.0323648
0 0.751015 0.169989 0.0780071 0.0761318
0 0.66968 0.227625 0.0847704 0.0818306
0 0.257751 0.987667 0.0277519 0.0244911
0 0.706884 0.203417 0.0883081 0.0863025
0 0.950674 0.244732 0.0253325 0.024494
0 0.401516 0.371161 0.0235754 0.022858
0 0.482656 0.888914 0.0290407 0.0282785
0 0.843864 0.511418 0.0649941 0.0637674
0 0.847442 0.054671 0.0416489 0.04083
0 0.214073 0.14325 0.0332063 0.0319949
0 0.974481 0.967386 0.0508587 0.0652274
0 0.55012 0.0848744 0.024915 0.0249234
0 0.27192 0.728512 0.0239021 0.0231783
0 0.623186 0.706446 0.0320952 0.031006
0 0.298431 0.856713 0.0241125 0.0228262
0 0.912771 0.949054 0.0273791 0.0267391
0 0.604809 0.65317 0.030756 0.0299137
0 0.990433 0.471924 0.0190355 0.029533
0 0.628706 0.63578 0.0322492 0.0324707
0 0.358581 0.539854 0.0261772 0.0258021
0 0.826291 0.712377 0.0327805 0.0321372
0 0.546263 0.520973 0.0354336 0.0341816
0 0.153813 0.172684 0.0245226 0.0236975
0 0.841244 0.52103 0.0502854 0.0478914
0 0.936024 0.0671529 0.0429081 0.0423423
0 0.186543 0.526378 0.0237108 0.0226889
0 0.74934 0.864433 0.0362754 0.035562
0 0.157193 0.335058 0.0234802 0.0229589
0 0.757189 0.838864 0.0311203 0.0311454
0 0.387515 0.168769 0.0556335 0.0540131
0 0.306501 0.610433 0.0269282 0.0263221
0 0.996643 0.298392 0.00671406 0.0254848
0 0.641139 0.506389 0.0273018 0.026493
0 0.0553643 0.482513 0.107068 0.104149
0 0.847905 0.164734 0.0250609 0.0242194
0 0.924171 0.626616 0.0266299 0.025962
0 0.269941 0.972574 0.0267022 0.0258107
0 0.550177 0.102025 0.0253215 0.0244448
0 0.267896 0.0560089 0.0273554 0.0259924
0 0.564103 0.361324 0.0258622 0.0253634
0 0.46729 0.278978 0.0222392 0.0219703
0 0.719071 0.879467 0.0328406 0.0321367
0 0.744968 0.587169 0.0216553 0.0212886
