0 0.561825 0.185322 0.576272 0.370644
0 0.292468 0.375915 0.358349 0.237556
0 0.813137 0.682374 0.124416 0.0913609
0 0.184141 0.740434 0.118548 0.0893033
0 0.15769 0.928415 0.258584 0.142817
0 0.770679 0.443523 0.0694878 0.0522568
0 0.8097 0.528719 0.0682298 0.0511884
0 0.0998871 0.763542 0.107113 0.0796883
0 0.919265 0.115595 0.0517573 0.0392059
0 0.545588 0.64688 0.167718 0.13027
0 0.0816607 0.0785081 0.163321 0.156576
0 0.118924 0.684185 0.0397874 0.0309093
0 0.677544 0.920184 0.255609 0.159395
0 0.29906 0.0573494 0.0890507 0.0766045
0 0.853564 0.197528 0.0621491 0.0495083
0 0.329876 0.847216 0.0648952 0.0511153
0 0.818694 0.931343 0.146576 0.115047
0 0.166772 0.648868 0.0493641 0.0368571
0 0.679626 0.740758 0.194979 0.150252
0 0.121252 0.496315 0.0471354 0.0360536
0 0.892595 0.272927 0.034822 0.0264304
0 0.430527 0.645924 0.037016 0.0290418
0 0.438395 0.516456 0.0894052 0.0659555
0 0.146959 0.116309 0.0580977 0.0455158
0 0.206567 0.0310167 0.131708 0.0616651
0 0.628214 0.235465 0.0307884 0.0238238
0 0.238738 0.269763 0.238688 0.181748
0 0.502067 0.717062 0.0322091 0.0255871
0 0.183203 0.0729569 0.0656969 0.0526277
0 0.011055 0.440273 0.0221099 0.0539682
0 0.0185368 0.326654 0.0370219 0.0358723
0 0.302025 0.885577 0.0744718 0.0595816
0 0.655502 0.810622 0.0333665 0.0258808
0 0.487482 0.488206 0.0440897 0.0331346
0 0.398588 0.83193 0.0581336 0.0463305
0 0.33985 0.630478 0.104427 0.0781301
0 0.0635658 0.344783 0.0290968 0.0230613
0 0.223258 0.812856 0.0495688 0.0378575
0 0.633325 0.347847 0.096458 0.0669815
0 0.936134 0.967798 0.0834778 0.0629125
0 0.830845 0.344269 0.0962585 0.0729691
0 0.346318 0.760916 0.0759286 0.0571558
0 0.934727 0.778878 0.0862851 0.0675762
0 0.0466705 0.870138 0.0847383 0.0669303
0 0.287094 0.560046 0.0291744 0.0224593
0 0.0718833 0.169343 0.050143 0.0392456
0 0.946519 0.869716 0.106935 0.118495
0 0.446006 0.797282 0.0708058 0.054406
0 0.814627 0.638278 0.0501114 0.0377307
0 0.502737 0.215368 0.0283554 0.0230643
0 0.280218 0.77773 0.0529463 0.0397618
0 0.39262 0.932246 0.027822 0.0223484
0 0.563353 0.769935 0.085464 0.0644299
0 0.0836792 0.30983 0.0836067 0.0650615
0 0.0672507 0.502567 0.0588587 0.0455477
0 0.0974965 0.226588 0.0881551 0.0695921
0 0.753675 0.81069 0.0297095 0.0228062
0 0.819939 0.479199 0.0720646 0.0538831
0 0.102105 0.466059 0.0358958 0.0271937
0 0.963271 0.0911871 0.0644118 0.0519832
0 0.144392 0.179822 0.0830401 0.062513
0 0.98097 0.385349 0.0380603 0.0417974
0 0.194945 0.124086 0.0299938 0.0254492
0 0.790151 0.331359 0.0464265 0.0348827
0 0.498158 0.0951187 0.026877 0.0218798
