0 0.724827 0.773989 0.220431 0.175283
0 0.566513 0.580939 0.111914 0.0954424
0 0.944884 0.660576 0.109624 0.103387
0 0.892782 0.747349 0.133657 0.110927
0 0.459556 0.377837 0.0517618 0.0435468
0 0.670857 0.15727 0.0468173 0.0394005
0 0.342584 0.456225 0.038378 0.0331625
0 0.578116 0.0451903 0.0482862 0.0402159
0 0.550682 0.685729 0.036556 0.0307062
0 0.668544 0.348718 0.0393702 0.0321808
0 0.254789 0.22368 0.0315554 0.0260264
0 0.72322 0.607546 0.0903711 0.0797698
0 0.858617 0.236894 0.0388227 0.0327371
0 0.948308 0.262583 0.0321205 0.0274739
0 0.389034 0.918138 0.0414253 0.0338397
0 0.543478 0.852196 0.0480387 0.0393767
0 0.810491 0.240052 0.0292382 0.0252405
0 0.931691 0.901556 0.042119 0.0348825
0 0.453758 0.979598 0.0550465 0.0400289
0 0.0875889 0.39801 0.0282749 0.0244195
0 0.184014 0.363769 0.0390178 0.0331147
0 0.329933 0.51229 0.0290247 0.0252223
0 0.0123834 0.428224 0.0247621 0.023375
0 0.884101 0.40784 0.0290337 0.0247818
0 0.400638 0.279911 0.0304883 0.0253141
0 0.368091 0.435094 0.0268834 0.0234644
0 0.392765 0.0434043 0.0273192 0.0235336
0 0.00604799 0.874253 0.012096 0.0293272
0 0.121204 0.631944 0.027681 0.0245575
0 0.0417629 0.232937 0.0293413 0.0243036
0 0.679443 0.579524 0.0426365 0.0363138
0 0.347228 0.561114 0.0305463 0.0262878
0 0.61937 0.52901 0.0281541 0.0237126
0 0.666315 0.469854 0.0376169 0.0306076
0 0.677707 0.65298 0.0284407 0.0246113
0 0.981989 0.952411 0.0357927 0.0392576
0 0.301186 0.938501 0.0312501 0.0253036
0 0.585213 0.864725 0.0320327 0.0275678
0 0.316476 0.766663 0.0479859 0.0397117
0 0.592492 0.788901 0.0747414 0.0651615
0 0.34876 0.328879 0.0275246 0.0230305
0 0.241212 0.413514 0.0556004 0.0488867
0 0.361301 0.910285 0.0285567 0.0243518
0 0.701804 0.932199 0.0626108 0.0531197
0 0.522765 0.810825 0.0755277 0.0631387
0 0.132665 0.384548 0.0355458 0.030837
0 0.440754 0.272617 0.0289863 0.0242256
0 0.470156 0.899303 0.0429312 0.035528
0 0.955556 0.940221 0.028851 0.0240266
0 0.868419 0.666067 0.042072 0.0365233
0 0.49103 0.863542 0.0561605 0.0456445
0 0.730887 0.427752 0.0346931 0.0298655
0 0.216014 0.356073 0.0320055 0.028328
0 0.605508 0.659855 0.028529 0.0253871
0 0.964251 0.807052 0.0619517 0.0507792
0 0.137998 0.406265 0.0301321 0.027083
0 0.629569 0.158733 0.025939 0.0225621
0 0.352572 0.748549 0.0272853 0.0234811
0 0.933896 0.86294 0.0392035 0.0331181
0 0.881532 0.863084 0.0315342 0.0274407
0 0.662418 0.631754 0.0240045 0.0217669
0 0.498823 0.926321 0.0354264 0.0300221
