0 0.143866 0.420199 0.273807 0.266939
0 0.378971 0.657155 0.0656336 0.063637
0 0.301682 0.108235 0.146686 0.14237
0 0.783697 0.191501 0.0669974 0.0640908
0 0.319563 0.586973 0.0552722 0.0531821
0 0.163189 0.0533053 0.0659819 0.0635091
0 0.866436 0.397533 0.0543167 0.0526396
0 0.413078 0.939243 0.0755913 0.0733334
0 0.512009 0.815969 0.0445347 0.0426274
0 0.105115 0.69618 0.0589303 0.057958
0 0.907636 0.550974 0.0449821 0.0426943
0 0.608573 0.151606 0.246794 0.233023
0 0.105247 0.747763 0.0502759 0.0491116
0 0.372454 0.918575 0.0668893 0.0656659
0 0.222436 0.289673 0.0469786 0.0461633
0 0.0726095 0.849809 0.040602 0.0398677
0 0.910003 0.252729 0.10152 0.0979877
0 0.363024 0.243015 0.0553221 0.054389
0 0.504931 0.56017 0.140812 0.136245
0 0.90538 0.459859 0.0341234 0.0333672
0 0.207058 0.0116702 0.0536224 0.0233323
0 0.709202 0.496468 0.0386946 0.0379842
0 0.625022 0.60249 0.0310855 0.0307965
0 0.806832 0.72991 0.0426283 0.0408093
0 0.624908 0.820724 0.0621503 0.0612417
0 0.0231958 0.633959 0.0378097 0.0370088
0 0.365291 0.84973 0.0345624 0.0331858
0 0.051697 0.237529 0.0529297 0.0516131
0 0.323053 0.367762 0.0502776 0.0487909
0 0.988753 0.902623 0.0224109 0.0335631
0 0.744082 0.127384 0.0339387 0.0317467
0 0.311344 0.489886 0.0263374 0.0259982
0 0.0548938 0.637793 0.109639 0.166737
0 0.356918 0.417199 0.030248 0.0299817
0 0.702432 0.0239764 0.0702459 0.0478563
0 0.70588 0.5263 0.0325046 0.0312114
0 0.96416 0.655079 0.0283537 0.0277348
0 0.611907 0.0124114 0.0622628 0.0248199
0 0.975189 0.787159 0.0370207 0.0355772
0 0.442639 0.481135 0.0269198 0.0266863
0 0.525945 0.624265 0.116944 0.111664
0 0.973985 0.116405 0.041891 0.0403604
0 0.0809403 0.902638 0.161881 0.19297
0 0.500644 0.724655 0.0372254 0.0364278
0 0.642799 0.579757 0.0302158 0.0298886
0 0.863157 0.549459 0.0360473 0.0352319
0 0.161259 0.244261 0.0437264 0.0421818
0 0.422917 0.537862 0.0361041 0.0355325
0 0.801336 0.57291 0.0419705 0.0401141
0 0.222565 0.638222 0.0303652 0.0290365
0 0.594947 0.715091 0.0282641 0.0283675
0 0.748122 0.5451 0.0277649 0.0271659
0 0.296317 0.676948 0.0349169 0.0342535
0 0.323119 0.211501 0.0375403 0.036459
0 0.143527 0.763062 0.0288683 0.0279981
0 0.975504 0.321537 0.0294971 0.0285124
0 0.127914 0.190557 0.0296592 0.0290697
0 0.176695 0.168338 0.0286857 0.0276428
0 0.985857 0.287557 0.0282454 0.0633721
0 0.839885 0.254722 0.0302496 0.0293265
0 0.793224 0.362114 0.0357317 0.0349516
0 0.971546 0.519937 0.0279942 0.026899
0 0.236156 0.586976 0.0626349 0.0613904
0 0.820577 0.528369 0.0260067 0.0255036
0 0.526333 0.890294 0.0303488 0.0298017
0 0.235705 0.903478 0.0270827 0.0267812
0 0.957024 0.591397 0.0295008 0.02827
0 0.809031 0.38013 0.0292297 0.0283766
0 0.84915 0.199419 0.041401 0.0400123
0 0.835302 0.337591 0.0268667 0.0258827
0 0.965081 0.382384 0.0697422 0.0818158
0 0.0634916 0.206378 0.0465262 0.0447625
0 0.67023 0.863006 0.023725 0.0233976
0 0.414991 0.466594 0.025989 0.0254618
0 0.458245 0.725076 0.0375791 0.0369918
0 0.731014 0.399534 0.031044 0.0292202
0 0.519004 0.0188694 0.0431759 0.037721
0 0.165423 0.99209 0.0290685 0.0158205
0 0.165939 0.957933 0.036645 0.0365226
0 0.699564 0.777435 0.111965 0.107046
0 0.800822 0.0801325 0.198 0.1601
0 0.884822 0.661884 0.0665057 0.0654132
0 0.11763 0.660926 0.0262323 0.0263709
0 0.913334 0.3987 0.0255671 0.0250761
0 0.30133 0.810472 0.0239172 0.0236628
0 0.28186 0.64203 0.0814302 0.0803586
0 0.074714 0.800131 0.037991 0.0370708
0 0.626094 0.790602 0.0302738 0.0288613
0 0.128693 0.556694 0.0238771 0.0238833
0 0.773418 0.497133 0.0235403 0.0230026
0 0.242512 0.572961 0.0902093 0.0895236
0 0.00372679 0.962331 0.00745358 0.0248256
0 0.219483 0.218395 0.0382754 0.0373251
0 0.414111 0.231749 0.0292477 0.0274992
0 0.969891 0.986739 0.0233726 0.0233221
0 0.624598 0.366962 0.0285482 0.0271358
0 0.195995 0.95509 0.023696 0.0234586
0 0.441299 0.134142 0.0748137 0.0728214
0 0.012123 0.044392 0.0242461 0.0785359
0 0.0254374 0.585893 0.0276205 0.0272
0 0.642636 0.873347 0.0467062 0.0467915
0 0.313328 0.622231 0.0273106 0.0265203
0 0.00507558 0.796019 0.0101499 0.0247591
0 0.980592 0.0181685 0.0385777 0.0362901
0 0.354216 0.494393 0.022719 0.0222301
0 0.0262376 0.867966 0.0264818 0.0268645
0 0.262912 0.908375 0.024459 0.0247113
0 0.710322 0.419139 0.178979 0.163661
0 0.654928 0.00919726 0.0330607 0.0183822
0 0.951845 0.196955 0.0333162 0.0322366
0 0.0455354 0.0492671 0.0272908 0.0264753
0 0.480105 0.00767839 0.051659 0.0153162
0 0.564006 0.660831 0.0226054 0.0220623
0 0.790434 0.98338 0.0236767 0.022873
0 0.448202 0.136746 0.0623024 0.0611141
0 0.826288 0.911553 0.0234779 0.0232326
0 0.688481 0.263618 0.268387 0.247622
0 0.0070652 0.827977 0.014123 0.0352966
0 0.407932 0.00926455 0.0227465 0.0185291
0 0.375996 0.467426 0.0234065 0.0230939
0 0.631677 0.918745 0.0267376 0.0262568
0 0.28691 0.698777 0.0245771 0.0241413
0 0.915647 0.683786 0.0327819 0.0324824
0 0.8236 0.00843142 0.0312407 0.0168628
0 0.73478 0.467026 0.0385693 0.0368871
0 0.802168 0.417152 0.0240312 0.0240894
0 0.469913 0.178932 0.0291958 0.0283362
0 0.627971 0.528062 0.0240798 0.0240602
0 0.534132 0.300737 0.0691578 0.0623559
