0 0.532453 0.949045 0.0541439 0.0464045
0 0.392037 0.270814 0.0451462 0.0383458
0 0.235333 0.369323 0.144326 0.125076
0 0.86138 0.214503 0.0405092 0.0360647
0 0.736177 0.723351 0.0350387 0.0303715
0 0.211135 0.0553751 0.0541183 0.0458766
0 0.593711 0.762105 0.0304773 0.0269995
0 0.020269 0.934529 0.0327932 0.0280592
0 0.897977 0.786751 0.204046 0.281617
0 0.297343 0.0797051 0.0377067 0.032636
0 0.569214 0.888244 0.0657419 0.0561599
0 0.568144 0.846257 0.0674045 0.0603161
0 0.341947 0.775275 0.0586836 0.0488632
0 0.591444 0.42142 0.0549722 0.0455408
0 0.80447 0.429186 0.08681 0.0757323
0 0.23636 0.926653 0.0948188 0.0797183
0 0.220151 0.434051 0.0551817 0.0480799
0 0.0247114 0.891201 0.0243687 0.0224519
0 0.0115963 0.385939 0.0230726 0.0209945
0 0.502258 0.882031 0.0613735 0.052746
0 0.44478 0.422933 0.0785832 0.0639111
0 0.64784 0.79663 0.0443619 0.0378366
0 0.608325 0.816981 0.0548199 0.0490375
0 0.366047 0.511167 0.0313762 0.0257543
0 0.741212 0.125586 0.0247703 0.0224616
0 0.370052 0.451982 0.0691718 0.0552836
0 0.615064 0.0166499 0.0241218 0.0221005
