0 0.245993 0.962336 0.118215 0.0747879
0 0.984388 0.673667 0.0312233 0.0312395
0 0.193462 0.386677 0.0365879 0.0289735
0 0.693513 0.335321 0.149558 0.121888
0 0.880423 0.657761 0.0501129 0.0420334
0 0.306553 0.162611 0.0320024 0.0263539
0 0.481196 0.407901 0.151355 0.122886
0 0.268934 0.232235 0.0338476 0.0272782
0 0.540083 0.523537 0.0603971 0.0481071
0 0.184602 0.414971 0.0336111 0.0276387
0 0.838001 0.419029 0.117309 0.100938
0 0.249174 0.0417157 0.0289251 0.023451
0 0.848354 0.593057 0.0345674 0.0286438
0 0.549283 0.912635 0.0294066 0.0250979
0 0.919448 0.800564 0.161105 0.177498
0 0.965467 0.0633702 0.0690666 0.1188
0 0.350736 0.549224 0.0369611 0.0289936
0 0.845155 0.238852 0.0445158 0.0366178
0 0.138773 0.257231 0.0356946 0.0292613
0 0.773079 0.489898 0.0802423 0.0669668
0 0.387256 0.0554276 0.0263836 0.0217859
0 0.741513 0.440803 0.0476537 0.0404346
0 0.739342 0.709119 0.0265265 0.0227706
0 0.320637 0.380788 0.028159 0.0224102
0 0.608193 0.904132 0.0294898 0.0245275
0 0.856666 0.992245 0.0275932 0.0155102
0 0.592019 0.296936 0.0771523 0.061434
0 0.00410113 0.792123 0.00820225 0.022243
0 0.197189 0.296172 0.0259474 0.021367
