0 0.604341 0.238044 0.260211 0.260609
0 0.513985 0.124201 0.0667129 0.0643866
0 0.949032 0.241618 0.101936 0.105592
0 0.0929032 0.68602 0.0428348 0.0409128
0 0.910792 0.779672 0.0502187 0.047675
0 0.578468 0.774589 0.0307347 0.029328
0 0.867942 0.0196863 0.0418704 0.0393391
0 0.98857 0.72611 0.0227468 0.0429487
0 0.412819 0.0948203 0.0488295 0.0470667
0 0.648145 0.0110951 0.0551233 0.0221587
0 0.511489 0.05388 0.0444881 0.0428547
0 0.876745 0.0967745 0.111233 0.107257
0 0.317072 0.188676 0.0368086 0.0352381
0 0.0704928 0.578483 0.0269095 0.0259437
0 0.615217 0.404067 0.0374069 0.0360234
0 0.103935 0.660831 0.0257274 0.02456
0 0.53705 0.0362793 0.0414879 0.0401926
0 0.721951 0.324815 0.0385363 0.0370366
0 0.770488 0.848639 0.0269074 0.0260722
0 0.635527 0.15704 0.042702 0.0414843
0 0.193238 0.295657 0.0235919 0.0225275
0 0.844473 0.413065 0.028091 0.027072
0 0.61106 0.212619 0.0339854 0.0329425
0 0.916397 0.341747 0.0392919 0.0383508
0 0.292672 0.222403 0.0644988 0.0613854
0 0.397791 0.136234 0.0392992 0.0375385
0 0.740683 0.342602 0.0332789 0.0322502
0 0.482387 0.241692 0.024509 0.0242649
0 0.769927 0.132576 0.054715 0.0528095
0 0.868533 0.750437 0.0255383 0.0243499
0 0.162023 0.0625688 0.0244016 0.0240092
0 0.0821337 0.0560752 0.0540343 0.0539827
0 0.179018 0.136927 0.0247116 0.0241807
0 0.428512 0.0781448 0.0259712 0.0248996
0 0.409008 0.173852 0.031704 0.0309103
0 0.379545 0.163086 0.0237628 0.0231298
0 0.670277 0.769603 0.0459998 0.0421702
0 0.873057 0.421557 0.02893 0.0288738
0 0.955424 0.170129 0.043894 0.0420347
0 0.170944 0.199845 0.0247491 0.0232903
