0 0.107303 0.339403 0.214224 0.271759
0 0.585474 0.247458 0.124033 0.104674
0 0.0788 0.742821 0.1576 0.143293
0 0.0429727 0.136883 0.0859454 0.116959
0 0.954358 0.25909 0.0912846 0.0846249
0 0.4681 0.162582 0.077575 0.0639599
0 0.324184 0.0156786 0.0456718 0.0313238
0 0.852875 0.113084 0.29378 0.224301
0 0.0903703 0.880952 0.0670571 0.0565104
0 0.376375 0.615734 0.0348049 0.0303991
0 0.458474 0.877811 0.343594 0.244378
0 0.19649 0.672519 0.0379504 0.0334892
0 0.96303 0.507692 0.0431099 0.0394546
0 0.799316 0.390326 0.0470206 0.0413755
0 0.764451 0.769005 0.0537446 0.0462424
0 0.509493 0.232571 0.0600516 0.0493069
0 0.980912 0.380821 0.0381756 0.0491544
0 0.376917 0.284108 0.0384395 0.0319307
0 0.767063 0.28641 0.057301 0.0469105
0 0.979816 0.927603 0.0403673 0.0725527
0 0.286652 0.862224 0.0771695 0.066988
0 0.890415 0.312998 0.050538 0.042657
0 0.0972124 0.683858 0.0492316 0.0398331
0 0.275931 0.753305 0.0316832 0.0274048
0 0.724987 0.0409792 0.0423455 0.035448
0 0.573231 0.75476 0.0825637 0.0719817
0 0.65752 0.719536 0.0946207 0.0831817
0 0.650592 0.0841182 0.0325453 0.0267328
0 0.411703 0.70496 0.0280107 0.024062
0 0.813745 0.52269 0.0353174 0.0316799
0 0.149192 0.214129 0.0303516 0.0248409
0 0.623965 0.125136 0.0729811 0.0594288
0 0.355874 0.97898 0.0784179 0.0420156
0 0.729548 0.85727 0.0456314 0.0383342
0 0.625311 0.00528007 0.0280018 0.0105601
0 0.974125 0.86944 0.0263243 0.0238934
0 0.262661 0.2542 0.138071 0.119843
0 0.359763 0.761708 0.0376322 0.0316755
0 0.108127 0.985245 0.0459327 0.0292559
0 0.454833 0.684905 0.0275415 0.0249007
0 0.378989 0.536763 0.581881 0.553599
0 0.806337 0.257269 0.0320622 0.026406
0 0.931104 0.339064 0.0377906 0.0324004
0 0.807795 0.903386 0.275435 0.193229
0 0.061324 0.823057 0.0269079 0.0235794
0 0.314324 0.836319 0.0243387 0.0219577
0 0.761656 0.383998 0.0283289 0.0248508
0 0.548874 0.570913 0.0271297 0.0246806
0 0.811976 0.624218 0.375748 0.573487
0 0.67083 0.784721 0.0287979 0.0245589
0 0.99527 0.345869 0.00945969 0.0331503
0 0.0898776 0.889237 0.172474 0.153152
0 0.482765 0.312651 0.0698211 0.0579131
0 0.274748 0.89854 0.0269928 0.0236464
0 0.51064 0.0215191 0.0401404 0.0330523
