0 0.649179 0.335735 0.543406 0.563277
0 0.0938627 0.840167 0.187725 0.216517
0 0.803954 0.632822 0.0700068 0.0691748
0 0.943346 0.0307791 0.0443141 0.043468
0 0.684653 0.41924 0.027954 0.0276356
0 0.348449 0.911394 0.0534624 0.0522869
0 0.36721 0.219096 0.0396736 0.0385699
0 0.977255 0.984945 0.0339543 0.0298695
0 0.726678 0.844674 0.0298551 0.0295151
0 0.376125 0.959157 0.0447523 0.0444716
0 0.632161 0.686934 0.0524916 0.0521147
0 0.830123 0.788353 0.0592873 0.0589383
0 0.290397 0.0394517 0.272683 0.0789034
0 0.835184 0.697554 0.0459108 0.0457748
0 0.929878 0.0959153 0.037324 0.0366704
0 0.590343 0.330272 0.0272101 0.0267062
0 0.641968 0.766434 0.04932 0.0487315
0 0.438146 0.0943591 0.0248664 0.0248656
0 0.7136 0.801647 0.037005 0.0362673
0 0.41668 0.768336 0.0355449 0.0350943
0 0.239117 0.806451 0.0301118 0.0295744
0 0.0130851 0.303767 0.0261702 0.033241
0 0.15133 0.52235 0.231184 0.209282
0 0.0732445 0.0928763 0.0642821 0.062267
0 0.575378 0.0356947 0.055426 0.0530256
0 0.908175 0.648056 0.0252741 0.0251074
0 0.03665 0.165111 0.0729248 0.0721009
0 0.85777 0.865792 0.0317404 0.0309757
0 0.593198 0.72493 0.0584878 0.0567589
0 0.923158 0.830758 0.0262513 0.0263274
0 0.283041 0.704957 0.0318044 0.0312605
0 0.013003 0.732249 0.0259498 0.0298896
0 0.550241 0.947286 0.0295942 0.0282256
0 0.623257 0.0550199 0.0261396 0.0254159
0 0.561505 0.00736321 0.057755 0.0146674
0 0.202962 0.887679 0.0257951 0.0252406
0 0.680713 0.817893 0.0314196 0.0310192
0 0.310876 0.382118 0.0252996 0.0247404
0 0.0291919 0.701534 0.0425805 0.0407197
0 0.772795 0.89533 0.0356223 0.0353914
0 0.642969 0.0163539 0.0256364 0.0252526
0 0.145973 0.120065 0.0234009 0.0231353
0 0.653071 0.295525 0.0229929 0.0224659
0 0.799036 0.0435949 0.0611061 0.0607845
0 0.200454 0.0880332 0.0228405 0.0223469
0 0.932637 0.914863 0.134725 0.168723
0 0.277115 0.439918 0.0418513 0.0416061
0 0.608322 0.639911 0.049146 0.0498276
0 0.575434 0.93083 0.0539531 0.0542581
0 0.207969 0.153709 0.0242872 0.0242179
0 0.250952 0.712237 0.0302572 0.0296334
0 0.897326 0.0885555 0.0257893 0.0254206
0 0.965349 0.35219 0.0269547 0.0256819
0 0.174348 0.602544 0.344422 0.519963
0 0.868627 0.169871 0.0421834 0.0411413
0 0.790253 0.869042 0.0317713 0.0311335
0 0.710343 0.824746 0.0235486 0.0228583
0 0.747088 0.711189 0.0239892 0.0237741
0 0.0830492 0.401363 0.0290202 0.0284146
0 0.316384 0.578501 0.040966 0.0392017
0 0.959766 0.558755 0.0804681 0.0833511
0 0.401855 0.50736 0.0348835 0.0333777
0 0.683317 0.890392 0.110009 0.108303
0 0.0810067 0.0753997 0.0964233 0.0945772
0 0.881373 0.693431 0.0453986 0.0456478
0 0.86762 0.732671 0.0367966 0.0367954
0 0.507963 0.0525135 0.0265013 0.0258049
0 0.982663 0.494906 0.0344459 0.036193
0 0.688067 0.920813 0.0234208 0.0224965
0 0.752404 0.608905 0.040405 0.0402466
0 0.0268914 0.119505 0.0224593 0.0220864
0 0.673652 0.65894 0.0409636 0.0405679
0 0.491178 0.599817 0.0288536 0.0277343
0 0.573826 0.828382 0.139441 0.142105
0 0.487436 0.686368 0.0226022 0.0227832
0 0.00846679 0.405304 0.0169336 0.0248338
0 0.907678 0.21167 0.0267963 0.0263757
0 0.715515 0.599675 0.0353868 0.0345488
