0 0.358912 0.377016 0.0465576 0.0401987
0 0.93277 0.730938 0.0382146 0.0318529
0 0.396149 0.805054 0.0288927 0.0266754
0 0.561118 0.810626 0.0285525 0.0259885
0 0.0334601 0.755323 0.0265962 0.023838
0 0.805096 0.00763106 0.026388 0.0151735
0 0.519306 0.959401 0.0319626 0.0305407
0 0.983519 0.991879 0.0252709 0.0161798
0 0.0763243 0.581164 0.0276772 0.0256302
0 0.113798 0.131067 0.0256793 0.0241696
0 0.516892 0.0714284 0.0255346 0.023061
0 0.0903194 0.416244 0.0240671 0.0225901
0 0.938246 0.679522 0.0244517 0.0218804
0 0.827059 0.635291 0.0250716 0.0219658
0 0.959435 0.983587 0.0243497 0.0226758
0 0.259569 0.653255 0.0265421 0.0243247
0 0.986616 0.0188705 0.0246654 0.0221708
