0 0.84666 0.540246 0.166533 0.136641
0 0.786113 0.408484 0.0804535 0.0663619
0 0.853711 0.358749 0.0553228 0.0463384
0 0.420648 0.676925 0.0439009 0.0374486
0 0.573179 0.468935 0.0359919 0.0303049
0 0.322438 0.728724 0.0470168 0.039566
0 0.842117 0.447468 0.0575886 0.0489724
0 0.237324 0.558503 0.0331477 0.0286206
0 0.502873 0.59984 0.0327857 0.027493
0 0.959757 0.0363022 0.0426496 0.0372192
0 0.653948 0.50877 0.0483711 0.039795
0 0.0314279 0.585652 0.0456055 0.0390453
0 0.523728 0.521014 0.0352556 0.0285931
0 0.717144 0.528861 0.0445709 0.0372159
0 0.421861 0.295979 0.0337311 0.0279471
0 0.731581 0.16002 0.0324109 0.0276775
0 0.778301 0.484796 0.0531945 0.0446738
0 0.595655 0.191299 0.0302048 0.0253094
0 0.922359 0.361351 0.0307584 0.0259417
0 0.80072 0.0473755 0.0346437 0.0297623
0 0.302149 0.841005 0.028953 0.0242081
0 0.10636 0.713396 0.028673 0.0250906
0 0.992669 0.420852 0.0146623 0.0287903
0 0.935066 0.764918 0.129869 0.286387
0 0.271329 0.387903 0.0267246 0.0229286
0 0.69155 0.454678 0.0280023 0.0238053
0 0.62228 0.476203 0.0282681 0.0233682
0 0.53827 0.0216184 0.0424023 0.0345602
0 0.952456 0.372846 0.0292112 0.0246128
0 0.914566 0.143705 0.0273482 0.0237708
0 0.155952 0.700479 0.0292597 0.0247705
0 0.830039 0.195269 0.0322311 0.027154
0 0.227709 0.772657 0.026395 0.023139
0 0.198391 0.386957 0.0255536 0.0226648
0 0.0192965 0.729042 0.0312148 0.0277079
0 0.16544 0.555846 0.0270793 0.0237753
0 0.204874 0.198582 0.0295146 0.0246784
0 0.0402769 0.697021 0.0311552 0.0276848
0 0.390077 0.814716 0.0251017 0.0222592
0 0.0691827 0.60618 0.0278031 0.0244806
0 0.367817 0.0229761 0.177315 0.0458901
0 0.611567 0.432223 0.0252212 0.0220804
0 0.175675 0.708376 0.0637665 0.0554682
0 0.73373 0.39832 0.0260036 0.0224028
0 0.602974 0.0790547 0.0259463 0.0220821
0 0.10141 0.289985 0.02614 0.0231432
0 0.399088 0.441162 0.0260918 0.0219231
0 0.0262711 0.711583 0.031333 0.0277882
