0 0.912475 0.487841 0.114111 0.110117
0 0.782915 0.567392 0.0451589 0.0443273
0 0.705084 0.870777 0.0422432 0.0414834
0 0.272672 0.673263 0.0435369 0.0422476
0 0.502335 0.837418 0.0400948 0.0392218
0 0.0111096 0.064002 0.0221741 0.0280628
0 0.77285 0.675869 0.0598963 0.0592177
0 0.125148 0.718689 0.0411395 0.0402792
0 0.215477 0.467998 0.0261666 0.025961
0 0.292591 0.766747 0.0358973 0.0345522
0 0.288407 0.712915 0.0335262 0.0328848
0 0.759834 0.945771 0.0319343 0.0315144
0 0.193048 0.226361 0.0664935 0.0647352
0 0.0435943 0.888988 0.0871885 0.222025
0 0.868162 0.0518866 0.115147 0.103773
0 0.74877 0.351822 0.030225 0.0291975
0 0.636234 0.560145 0.029176 0.0280169
0 0.628246 0.0823727 0.254323 0.164186
0 0.527843 0.958553 0.0367276 0.0365882
0 0.578721 0.958277 0.0270233 0.0261638
0 0.320489 0.739918 0.030375 0.0295621
0 0.237835 0.0300364 0.070796 0.0600728
0 0.492555 0.598599 0.0280928 0.0275795
0 0.435942 0.585074 0.0510432 0.0486018
0 0.416791 0.747828 0.0360123 0.035162
0 0.799485 0.622895 0.0579033 0.0570761
0 0.675879 0.521435 0.0277288 0.027143
0 0.3333 0.682955 0.0324554 0.031399
0 0.345755 0.979551 0.0334376 0.0323513
0 0.81897 0.422565 0.027719 0.0273807
0 0.985311 0.298659 0.0292921 0.0392429
0 0.595557 0.621634 0.089594 0.0875163
0 0.225637 0.352993 0.0716757 0.0672811
0 0.648 0.697743 0.024114 0.0240872
0 0.743829 0.974671 0.0390981 0.03777
0 0.857306 0.159475 0.0618912 0.058636
0 0.537754 0.446177 0.153765 0.14489
0 0.639718 0.782545 0.0259385 0.0249534
0 0.0842426 0.334452 0.168485 0.300052
0 0.567483 0.576611 0.0260549 0.0259162
0 0.622046 0.264243 0.0260253 0.0254781
0 0.451682 0.534603 0.0913354 0.0887415
0 0.419897 0.676224 0.0253121 0.0247622
0 0.120107 0.117771 0.233682 0.232605
0 0.385147 0.599564 0.0248417 0.0242459
0 0.186954 0.406978 0.0242635 0.0236578
0 0.836876 0.416728 0.0601376 0.058925
0 0.555287 0.947037 0.0271208 0.0268257
0 0.756681 0.502603 0.0595856 0.0579374
0 0.0329352 0.404018 0.0215161 0.0209702
0 0.498986 0.639301 0.0248026 0.0241585
0 0.333442 0.952763 0.0371091 0.0361926
0 0.699326 0.422725 0.0336227 0.0331311
0 0.231635 0.93906 0.0233862 0.0230728
0 0.657078 0.473968 0.0938959 0.0907949
0 0.560745 0.533437 0.135786 0.128834
0 0.693502 0.182427 0.0682511 0.0661222
0 0.392919 0.691417 0.027155 0.0263499
0 0.785745 0.987198 0.0839308 0.0256034
0 0.192745 0.663273 0.023728 0.023334
0 0.129796 0.528547 0.0292269 0.0281873
0 0.635251 0.73563 0.373084 0.366797
0 0.148481 0.46615 0.296963 0.346219
0 0.750052 0.199914 0.043642 0.0416651
0 0.342717 0.523177 0.0299567 0.0295973
0 0.559034 0.476078 0.0235479 0.0235249
0 0.9927 0.803898 0.0145997 0.0228588
0 0.281538 0.964013 0.0462765 0.04531
0 0.832879 0.488549 0.0344267 0.0333955
0 0.797937 0.688084 0.0226264 0.0228076
0 0.619796 0.582176 0.0240836 0.0232997
0 0.791924 0.899412 0.0230732 0.0231557
0 0.394001 0.640723 0.0677643 0.0665951
0 0.290168 0.205416 0.121418 0.114712
