0 0.527201 0.075599 0.151986 0.144219
0 0.935081 0.691182 0.103083 0.0987554
0 0.595341 0.51111 0.105371 0.101493
0 0.239444 0.109904 0.0745271 0.0732722
0 0.621505 0.621927 0.134775 0.128831
0 0.796161 0.870013 0.0395072 0.0385298
0 0.338102 0.571516 0.044502 0.0434911
0 0.153446 0.964887 0.095573 0.070085
0 0.0655225 0.169735 0.0290591 0.0276934
0 0.652856 0.0149327 0.0457774 0.0298654
0 0.0495852 0.370473 0.0349758 0.0341233
0 0.24801 0.816262 0.0484041 0.0477368
0 0.910571 0.755307 0.0472612 0.0453401
0 0.953742 0.877664 0.069385 0.0676877
0 0.215021 0.422602 0.0383508 0.0374511
0 0.2652 0.320855 0.0753586 0.0721055
0 0.139965 0.111972 0.0326526 0.0321651
0 0.291971 0.160212 0.0351522 0.0335768
0 0.806223 0.81777 0.0472619 0.0468266
0 0.861038 0.0304472 0.0421799 0.0413703
0 0.507394 0.00767981 0.0474205 0.015309
0 0.264051 0.653719 0.0343882 0.0339332
0 0.744864 0.452847 0.0504625 0.0499432
0 0.267509 0.748028 0.0460079 0.0463564
0 0.356459 0.545882 0.0394803 0.0386066
0 0.273739 0.282219 0.0295117 0.0288436
0 0.951883 0.768197 0.0435053 0.0423303
0 0.567165 0.33057 0.0749617 0.0736251
0 0.341974 0.127998 0.0501806 0.0496373
0 0.120143 0.342763 0.0245273 0.0239127
0 0.0210063 0.46691 0.027154 0.0261486
0 0.643757 0.46273 0.0350595 0.0348282
0 0.778243 0.34915 0.0343516 0.0339894
0 0.52755 0.765917 0.0466185 0.044848
0 0.190851 0.332056 0.0303795 0.0296644
0 0.268142 0.145196 0.0423613 0.0416611
0 0.872547 0.600194 0.0433521 0.0430206
0 0.305068 0.186964 0.030352 0.0294392
0 0.421404 0.258321 0.037603 0.0374605
0 0.958843 0.924097 0.0326881 0.031827
0 0.864846 0.633 0.0359956 0.0354421
0 0.0383614 0.758649 0.0377384 0.0372794
0 0.303226 0.128592 0.0309197 0.0302267
0 0.659779 0.879033 0.0320745 0.0311749
0 0.595708 0.992159 0.0298203 0.0156823
0 0.446166 0.884143 0.077388 0.0778355
0 0.975446 0.264741 0.0235796 0.0236717
0 0.1986 0.561334 0.0378755 0.0374987
0 0.423435 0.924202 0.0457866 0.0467828
0 0.69292 0.624518 0.0699601 0.0687679
0 0.887131 0.84976 0.0313439 0.0301909
0 0.840958 0.414806 0.0494246 0.0481862
0 0.929244 0.120258 0.0324872 0.0320249
0 0.241296 0.776813 0.034449 0.0333775
0 0.727817 0.772677 0.0403816 0.038209
0 0.578005 0.580598 0.0490358 0.047483
0 0.490066 0.0359117 0.0533822 0.0526121
0 0.432853 0.599287 0.0295151 0.0287013
0 0.460047 0.819892 0.0830207 0.0817388
0 0.0070307 0.640054 0.0140564 0.0286808
0 0.312387 0.604146 0.0370359 0.0361173
0 0.712763 0.187025 0.0244865 0.024209
0 0.270105 0.930373 0.0334168 0.0338299
0 0.714593 0.0590681 0.0243773 0.0239679
0 0.721635 0.385253 0.0276839 0.0279375
0 0.308376 0.644459 0.0258009 0.025144
0 0.606802 0.830992 0.0270846 0.026741
0 0.312068 0.905794 0.0352906 0.0347566
0 0.182367 0.437591 0.0271385 0.0267891
0 0.40819 0.979043 0.027777 0.0279713
0 0.993834 0.672442 0.0123318 0.0548323
0 0.235135 0.933691 0.0454165 0.0456915
0 0.612911 0.765714 0.0322335 0.0312567
0 0.640142 0.424813 0.0362276 0.035251
0 0.968898 0.605078 0.0597933 0.0593734
0 0.854341 0.762364 0.0677932 0.0658048
0 0.440278 0.463921 0.0469913 0.0464656
0 0.729904 0.577247 0.0517845 0.0508902
0 0.957687 0.745866 0.035092 0.0350983
0 0.616204 0.595317 0.0293148 0.0288909
0 0.0600004 0.634326 0.0433199 0.042557
0 0.243507 0.284216 0.0243072 0.0240979
0 0.528837 0.213801 0.0365998 0.0361784
0 0.758448 0.816534 0.0287123 0.0279047
0 0.765395 0.0915956 0.0246134 0.0240616
0 0.315559 0.456901 0.0254338 0.0258799
0 0.414726 0.104062 0.0256177 0.0257334
0 0.0429115 0.335321 0.0376854 0.0372891
0 0.772754 0.56999 0.0485402 0.0487552
0 0.846037 0.728543 0.0819562 0.0756505
0 0.646827 0.854578 0.024632 0.023707
0 0.542808 0.458674 0.0486024 0.0475526
0 0.623869 0.794428 0.0298834 0.0291967
0 0.501193 0.87231 0.0426065 0.0416971
0 0.595259 0.650554 0.0638168 0.0610508
0 0.541394 0.394411 0.0342603 0.0336511
0 0.761806 0.23403 0.0300408 0.0298916
0 0.939471 0.52803 0.0609391 0.0609216
0 0.795798 0.662832 0.111977 0.108806
0 0.506494 0.363535 0.0680725 0.0660931
0 0.791456 0.0441766 0.0395095 0.0395591
0 0.968084 0.94986 0.0316238 0.030611
0 0.0339002 0.629309 0.0234401 0.0231301
0 0.445176 0.338552 0.0254763 0.0247594
0 0.77766 0.695077 0.0475524 0.0467057
0 0.35808 0.507706 0.0346911 0.0336469
0 0.794303 0.765915 0.0516999 0.0502537
0 0.455176 0.423183 0.0308631 0.030501
0 0.722526 0.594195 0.030969 0.0299377
0 0.163181 0.599841 0.047164 0.0458786
0 0.27461 0.536176 0.0417214 0.0426
0 0.803219 0.628391 0.0415814 0.0397336
0 0.984187 0.831132 0.0304985 0.0323108
0 0.687444 0.0666031 0.0264545 0.025282
0 0.00807316 0.301927 0.0161463 0.0226154
0 0.341361 0.910657 0.0361133 0.034813
0 0.435471 0.552065 0.0466072 0.0447647
0 0.271437 0.893926 0.0368136 0.0361177
0 0.395349 0.992986 0.0249785 0.013911
0 0.614808 0.62042 0.0270419 0.0264042
0 0.282227 0.61796 0.034427 0.0346155
0 0.0804299 0.957606 0.0329953 0.0326767
0 0.149213 0.502397 0.0243936 0.0235611
0 0.595432 0.848492 0.0269396 0.0262561
0 0.943447 0.986812 0.0262567 0.024807
0 0.799451 0.841551 0.0342707 0.0333989
0 0.541508 0.441148 0.0747967 0.0748553
0 0.939984 0.145422 0.0269575 0.0266911
0 0.833169 0.244237 0.0290446 0.0282187
0 0.323096 0.30455 0.0468416 0.0456177
0 0.702468 0.895601 0.0247509 0.0240246
0 0.426888 0.887672 0.0370262 0.036609
0 0.266286 0.563753 0.0283082 0.0275984
0 0.375868 0.807556 0.0309978 0.0309784
0 0.529111 0.556308 0.0270967 0.0263667
0 0.431669 0.0843836 0.0258205 0.0257267
0 0.997081 0.872154 0.00583706 0.0301259
0 0.556339 0.676777 0.041949 0.0390289
0 0.870318 0.662536 0.0314443 0.0309272
0 0.539 0.69752 0.0314934 0.0306902
0 0.392129 0.577995 0.0271142 0.026551
0 0.290606 0.606593 0.0592394 0.0580006
0 0.239517 0.315655 0.0247693 0.0246562
0 0.548183 0.317419 0.0392139 0.0387961
0 0.278727 0.699624 0.0355897 0.0348371
0 0.740925 0.345082 0.0354173 0.0350318
