0 0.819884 0.898221 0.202087 0.162982
0 0.584697 0.692907 0.098625 0.0809858
0 0.480937 0.936821 0.200294 0.125686
0 0.948233 0.329438 0.0794804 0.0658685
0 0.26499 0.459111 0.0347511 0.0275661
0 0.81564 0.171197 0.365658 0.339666
0 0.695222 0.693018 0.031708 0.0265954
0 0.628811 0.0156863 0.073191 0.0313449
0 0.117204 0.545758 0.0304007 0.0238021
0 0.929572 0.962493 0.140857 0.0748838
0 0.124117 0.929393 0.0756089 0.0624949
0 0.563215 0.50528 0.0294566 0.0239471
0 0.691566 0.653554 0.0286155 0.0235791
0 0.65149 0.934317 0.0332274 0.0269132
0 0.473854 0.885341 0.114864 0.0921781
0 0.725653 0.311153 0.0424035 0.0337461
0 0.829653 0.155956 0.028069 0.0230787
0 0.471582 0.83516 0.0612929 0.0482725
0 0.0902703 0.231457 0.0525039 0.0415207
0 0.69651 0.612449 0.0272386 0.0231269
0 0.316751 0.00652991 0.0785892 0.0129649
0 0.0737291 0.822242 0.0307567 0.025935
0 0.0468816 0.180436 0.0933211 0.307275
0 0.507705 0.164591 0.091621 0.0760216
0 0.375256 0.445828 0.571196 0.557546
0 0.0229737 0.0363574 0.0457931 0.0441352
0 0.159339 0.133536 0.0418127 0.0349332
0 0.482089 0.0629281 0.0799675 0.0671203
0 0.169894 0.274724 0.0362127 0.0295209
0 0.53151 0.627294 0.0275428 0.0232775
0 0.977412 0.878807 0.045176 0.242387
0 0.775572 0.350218 0.0581336 0.0473608
0 0.527589 0.356639 0.052408 0.0420632
0 0.110432 0.00693313 0.0488515 0.0138663
0 0.274612 0.672621 0.549224 0.538646
0 0.548568 0.356988 0.088889 0.0698237
