0 0.117842 0.0834183 0.181733 0.165771
0 0.24789 0.263729 0.142386 0.133273
0 0.524987 0.678928 0.0496704 0.0442791
0 0.966013 0.154661 0.0458017 0.0416451
0 0.817836 0.680132 0.0362408 0.031813
0 0.0702626 0.330672 0.0431398 0.0398952
0 0.972962 0.0069701 0.0302067 0.0139402
0 0.639287 0.545032 0.0309258 0.0279932
0 0.0262405 0.523304 0.0284913 0.0264454
0 0.457782 0.780154 0.0596185 0.0537546
0 0.548313 0.589076 0.0295784 0.0264397
0 0.492815 0.0752248 0.0314113 0.0300441
0 0.809505 0.929391 0.0266832 0.0234654
0 0.994245 0.0693135 0.0115103 0.0291435
0 0.920706 0.234423 0.0583328 0.050944
0 0.844315 0.55661 0.0313746 0.0281878
0 0.879527 0.23703 0.0420424 0.0371042
0 0.815119 0.547498 0.0268199 0.0245945
0 0.750549 0.744527 0.0468745 0.0426366
0 0.0611525 0.825295 0.0253473 0.0243795
0 0.0188989 0.744206 0.0377297 0.0922527
0 0.693617 0.650407 0.0264651 0.0229966
0 0.373604 0.866485 0.0255544 0.0240428
