0 0.407852 0.953489 0.0545597 0.0422511
0 0.87319 0.208484 0.0414247 0.0307928
0 0.670706 0.393419 0.0380914 0.0289933
0 0.8592 0.532888 0.0378467 0.0280563
0 0.936838 0.488752 0.0353069 0.0262912
0 0.910239 0.166272 0.0343199 0.0262846
0 0.416323 0.256543 0.0353963 0.0264315
0 0.165487 0.283424 0.0333184 0.0253606
0 0.767601 0.00708089 0.0315402 0.014132
0 0.192438 0.0130076 0.0309028 0.0239424
0 0.435013 0.497418 0.0315396 0.0243394
0 0.457783 0.254199 0.0338358 0.024205
0 0.344817 0.105806 0.0290053 0.0219115
0 0.682163 0.0609793 0.0263423 0.0210834
