0 0.0732647 0.665775 0.146529 0.146406
0 0.446659 0.198523 0.0860088 0.0808581
0 0.316361 0.175808 0.134968 0.118555
0 0.334867 0.605114 0.0565796 0.0510688
0 0.730143 0.60632 0.0605638 0.0544635
0 0.865394 0.865332 0.0763581 0.0716243
0 0.432482 0.754397 0.04914 0.0446177
0 0.651263 0.036705 0.166012 0.073248
0 0.236023 0.570811 0.058865 0.054089
0 0.922998 0.615203 0.0465562 0.0418749
0 0.313631 0.409436 0.0328597 0.0297965
0 0.804149 0.679593 0.0365686 0.0335591
0 0.790253 0.558408 0.0403641 0.0367594
0 0.751399 0.500531 0.0351903 0.0324043
0 0.54257 0.0923874 0.0428569 0.0398693
0 0.974687 0.200554 0.0298023 0.0276752
0 0.494679 0.405444 0.0357201 0.0328723
0 0.592985 0.522301 0.0407031 0.0369005
0 0.0875462 0.0221575 0.0370581 0.0362295
0 0.978976 0.372713 0.0362368 0.0334657
0 0.0386293 0.54066 0.0426639 0.0400426
0 0.781997 0.698425 0.0277062 0.0256824
0 0.178089 0.0399922 0.0304453 0.0291902
0 0.0208508 0.481428 0.0262751 0.0250163
0 0.134565 0.778462 0.0379586 0.0353222
0 0.78937 0.29 0.0269017 0.0249205
0 0.260365 0.969556 0.0260234 0.0251637
0 0.424107 0.125735 0.0253715 0.0243245
0 0.633238 0.612482 0.0253479 0.0236356
0 0.0618467 0.0137038 0.0412341 0.0274076
0 0.895558 0.253601 0.0258068 0.0238534
0 0.589699 0.617055 0.0263088 0.024576
0 0.42333 0.0598535 0.0249089 0.0238159
0 0.938068 0.185596 0.0267535 0.025071
0 0.893895 0.0648616 0.0281149 0.0265298
0 0.938874 0.918825 0.0283766 0.0263564
0 0.741717 0.748377 0.026099 0.0241649
0 0.784837 0.747943 0.0255598 0.0238458
0 0.830671 0.614126 0.026845 0.0250683
0 0.117273 0.813097 0.031388 0.0291084
0 0.4745 0.141921 0.0242076 0.0233185
0 0.695408 0.517358 0.0257921 0.0236225
0 0.0568729 0.393166 0.113746 0.398335
0 0.148262 0.795333 0.0310495 0.0289305
0 0.217054 0.841828 0.0274336 0.0254499
0 0.44496 0.886216 0.0313742 0.0288076
0 0.882267 0.993122 0.0361906 0.0137553
0 0.694106 0.658336 0.0269297 0.0252213
0 0.547307 0.968308 0.0396533 0.0361711
0 0.089614 0.0690189 0.179228 0.137596
0 0.584745 0.879157 0.0281048 0.0254485
0 0.766305 0.0253262 0.0248988 0.0236665
0 0.685071 0.760978 0.0248034 0.023328
0 0.881084 0.370839 0.0397902 0.0365431
0 0.740962 0.126867 0.0316655 0.0312288
0 0.557032 0.789792 0.0238239 0.022665
0 0.554492 0.0638144 0.0229602 0.0220191
0 0.76603 0.789823 0.0253999 0.0240699
0 0.844605 0.76073 0.024392 0.022361
0 0.833468 0.588305 0.0243637 0.0227926
0 0.362038 0.499784 0.0234456 0.0213492
0 0.453193 0.573794 0.0236218 0.0220172
0 0.148176 0.249607 0.248432 0.235082
0 0.328597 0.280822 0.0251089 0.0238153
0 0.903854 0.292343 0.0234821 0.0218796
0 0.118824 0.835088 0.0242734 0.022893
0 0.536048 0.835409 0.0272258 0.0245813
0 0.342887 0.46524 0.023182 0.021874
0 0.0382299 0.262406 0.0307703 0.0291187
0 0.592543 0.397906 0.0235972 0.0224327
0 0.590143 0.482357 0.0375495 0.0344152
0 0.938146 0.993054 0.0575096 0.0138916
0 0.42683 0.0339768 0.0231205 0.0220927
