0 0.901319 0.835781 0.118707 0.0920925
0 0.663449 0.32051 0.212025 0.166569
0 0.909379 0.0779015 0.180749 0.155269
0 0.548867 0.632037 0.0882959 0.0698764
0 0.0758716 0.316084 0.0541329 0.04159
0 0.225373 0.123315 0.0639955 0.0492392
0 0.594713 0.433885 0.101459 0.0791482
0 0.485674 0.386167 0.0352056 0.0283897
0 0.0665904 0.811535 0.0562895 0.0447118
0 0.256425 0.743043 0.0654113 0.0534684
0 0.325696 0.465288 0.137127 0.108863
0 0.0230359 0.425384 0.0349054 0.0280085
0 0.644959 0.66531 0.0572503 0.0453825
0 0.710594 0.573405 0.0792284 0.0622705
0 0.826258 0.423518 0.0501037 0.0388133
0 0.153934 0.553192 0.0307867 0.0248666
0 0.348463 0.754598 0.0360612 0.0297837
0 0.342334 0.701237 0.0691684 0.0544722
0 0.809119 0.583084 0.041486 0.0329804
0 0.519354 0.0506747 0.0645497 0.0505162
0 0.154184 0.993673 0.0583692 0.0126534
0 0.557091 0.623392 0.0295894 0.0243711
0 0.675368 0.449296 0.0340664 0.0276139
0 0.463331 0.713614 0.157683 0.126093
0 0.389978 0.00737166 0.0345164 0.0146975
0 0.230344 0.0157525 0.0465711 0.031505
0 0.411094 0.975863 0.0799796 0.0481491
0 0.773032 0.588601 0.0348426 0.0265191
0 0.333712 0.0875912 0.15007 0.115026
0 0.897358 0.969721 0.0281746 0.0222227
0 0.542871 0.377385 0.0925577 0.0755975
0 0.461418 0.52754 0.172557 0.135763
0 0.962766 0.579141 0.0744685 0.0827217
0 0.447361 0.680598 0.0266846 0.0222106
0 0.165502 0.644115 0.0639647 0.0485632
0 0.602952 0.675985 0.0358473 0.0274384
0 0.526339 0.314309 0.0279639 0.0236409
0 0.847697 0.569398 0.0348593 0.0269569
0 0.96348 0.110074 0.0272556 0.0222849
0 0.618911 0.626231 0.0453398 0.0356836
0 0.959502 0.624358 0.0563406 0.0437161
0 0.454899 0.813079 0.0301803 0.0258109
0 0.263211 0.520968 0.0500589 0.0386024
0 0.793704 0.0210054 0.134496 0.0417787
