0 0.612157 0.495783 0.116712 0.0937439
0 0.399565 0.554707 0.046219 0.0360832
0 0.602384 0.471274 0.049253 0.038731
0 0.0673336 0.741692 0.0704385 0.055408
0 0.948205 0.283754 0.0514668 0.0400156
0 0.0123795 0.211229 0.024759 0.0432623
0 0.0759088 0.288177 0.0822623 0.0653149
0 0.852149 0.65226 0.0323122 0.0251244
0 0.146394 0.618935 0.0375882 0.0289553
0 0.883724 0.0432288 0.109775 0.0827157
0 0.10762 0.714582 0.0452744 0.0359171
0 0.90734 0.616702 0.0321758 0.0249803
0 0.38142 0.971108 0.0372399 0.0307288
0 0.996275 0.664505 0.0074502 0.0297364
0 0.829642 0.129019 0.0288582 0.0226872
0 0.747577 0.69985 0.504845 0.540786
0 0.611405 0.157365 0.170465 0.128034
0 0.736701 0.326068 0.0706709 0.0543968
0 0.447477 0.815069 0.0339864 0.0269769
0 0.832418 0.682918 0.335164 0.516291
0 0.644648 0.103042 0.104392 0.0786849
0 0.170323 0.100331 0.0275972 0.0226149
0 0.917296 0.127931 0.122196 0.0941653
0 0.84127 0.30809 0.059956 0.0457058
0 0.123427 0.149087 0.0415123 0.0340691
0 0.187959 0.25499 0.144257 0.114691
0 0.687151 0.648277 0.0358269 0.028352
0 0.357898 0.53377 0.0296429 0.0240841
0 0.735936 0.435501 0.0375407 0.029635
0 0.875975 0.182509 0.0880342 0.0664706
