0 0.515965 0.460609 0.132921 0.128397
0 0.109946 0.33729 0.183871 0.171272
0 0.611256 0.540627 0.250906 0.255014
0 0.326297 0.963204 0.118249 0.0735913
0 0.360856 0.308366 0.070187 0.0674946
0 0.290924 0.562919 0.0891284 0.084871
0 0.958031 0.0901195 0.0701783 0.0669742
0 0.208589 0.874582 0.034315 0.033144
0 0.258279 0.824376 0.0395445 0.0377917
0 0.628316 0.934739 0.0373431 0.0348361
0 0.680004 0.303785 0.0476573 0.0461876
0 0.316592 0.364907 0.0352827 0.0339644
0 0.0829653 0.610481 0.0338078 0.0322657
0 0.845529 0.22909 0.0281552 0.0268375
0 0.0770144 0.798015 0.0285721 0.0277631
0 0.659395 0.343922 0.0312808 0.0312666
0 0.742038 0.107575 0.39228 0.213398
0 0.821455 0.583207 0.0487284 0.0478208
0 0.240769 0.46823 0.0256484 0.0247017
0 0.551852 0.0165366 0.037344 0.0328972
0 0.210105 0.0755432 0.0249455 0.0241023
0 0.212117 0.74234 0.0264637 0.0252147
0 0.365236 0.0563577 0.0293598 0.0280151
0 0.3967 0.0727288 0.0314188 0.030227
0 0.794155 0.16409 0.0339114 0.032153
0 0.676877 0.516118 0.0251825 0.0245528
0 0.11231 0.271286 0.0267969 0.0252744
0 0.889788 0.579143 0.0479342 0.0473926
0 0.644578 0.906733 0.0310818 0.0292149
0 0.0712633 0.1711 0.142405 0.275079
0 0.713659 0.801826 0.0246086 0.0241342
0 0.945614 0.27549 0.0266209 0.0251207
0 0.232893 0.990104 0.0706507 0.0197912
0 0.807318 0.156018 0.12338 0.115337
0 0.28404 0.678371 0.0256035 0.024302
0 0.819032 0.806454 0.0228753 0.0226748
0 0.926166 0.659245 0.0322928 0.0319934
0 0.987322 0.225346 0.0238207 0.0235022
0 0.728866 0.401053 0.0839613 0.0824294
0 0.928231 0.0253572 0.0254786 0.0242349
0 0.583842 0.601341 0.0235325 0.023047
0 0.869401 0.0457043 0.0238578 0.022487
0 0.160097 0.048616 0.0956895 0.091562
0 0.799358 0.942761 0.0232242 0.0227315
0 0.397869 0.405721 0.0238205 0.0231002
0 0.260346 0.701662 0.024066 0.0229894
0 0.620359 0.545536 0.0220358 0.0216217
0 0.164555 0.140687 0.0356475 0.0340613
0 0.806137 0.51799 0.0240005 0.0232047
0 0.404644 0.227937 0.055829 0.0543855
0 0.698421 0.158641 0.0372419 0.0365354
0 0.975421 0.846818 0.0491575 0.280054
0 0.627039 0.236002 0.171214 0.165875
0 0.455525 0.583053 0.0233871 0.0225189
