0 0.67427 0.370728 0.0561818 0.0521669
0 0.460487 0.084771 0.0380842 0.0349576
0 0.389849 0.925462 0.0640896 0.0576829
0 0.959508 0.884305 0.0807708 0.14369
0 0.271392 0.469273 0.0418066 0.038859
0 0.583538 0.34748 0.0382887 0.035
0 0.0708475 0.917321 0.0407691 0.0393782
0 0.91628 0.768894 0.0409507 0.0385194
0 0.408776 0.403374 0.0778751 0.069435
0 0.294445 0.754879 0.0509927 0.0472774
0 0.480632 0.663332 0.0398048 0.0369287
0 0.337278 0.495152 0.0436455 0.0406028
0 0.187865 0.982573 0.0404413 0.0348532
0 0.837912 0.249285 0.0346439 0.0342256
0 0.768776 0.0235972 0.0615575 0.0471945
0 0.803022 0.246157 0.0318573 0.0312164
0 0.867205 0.234065 0.0360846 0.0355359
0 0.245614 0.403779 0.030296 0.0273631
0 0.882879 0.0871562 0.0587434 0.0569448
0 0.138114 0.990314 0.0334398 0.019372
0 0.591826 0.96984 0.0263605 0.0244995
0 0.159389 0.616534 0.0287051 0.0266458
0 0.212719 0.400087 0.0286968 0.0258969
0 0.192447 0.735856 0.0251936 0.0243817
0 0.91821 0.938408 0.0454609 0.0422975
0 0.615212 0.222806 0.0255418 0.0242788
0 0.49432 0.515496 0.0332255 0.030811
0 0.832834 0.217471 0.0294085 0.0284664
0 0.113204 0.369931 0.0237223 0.0222188
0 0.583143 0.705568 0.0331901 0.0312154
0 0.987128 0.122849 0.0256122 0.0485637
0 0.535551 0.220093 0.034968 0.0313607
0 0.0680919 0.564324 0.0388843 0.0366601
0 0.509283 0.767693 0.0501825 0.0470288
0 0.519428 0.318493 0.0295603 0.0272713
0 0.866325 0.54486 0.024992 0.0245821
0 0.101105 0.986409 0.0428669 0.0271546
0 0.900692 0.125291 0.0459579 0.0438291
0 0.335307 0.55382 0.0321954 0.0305431
0 0.617143 0.965474 0.0263745 0.0246822
0 0.996967 0.444878 0.00606594 0.0278057
0 0.644918 0.976651 0.0269162 0.02469
0 0.394844 0.716498 0.0264651 0.0254109
0 0.76017 0.188827 0.0246223 0.0235472
