0 0.674357 0.771416 0.347855 0.294733
0 0.650173 0.563224 0.173633 0.153082
0 0.877905 0.682626 0.136309 0.119673
0 0.962879 0.593511 0.0509064 0.0450382
0 0.596288 0.946551 0.0365331 0.0303086
0 0.852456 0.0354531 0.0332319 0.029622
0 0.0531574 0.820076 0.0357417 0.0319002
0 0.859378 0.507861 0.0325888 0.0287367
0 0.919171 0.780671 0.117726 0.10076
0 0.0371858 0.130452 0.0300503 0.0267236
0 0.358352 0.401234 0.0305167 0.0275456
0 0.854738 0.403255 0.0361188 0.0319725
0 0.306186 0.753198 0.0263048 0.0241108
0 0.079726 0.563572 0.0288207 0.0264376
0 0.0928103 0.496493 0.0348035 0.0311152
0 0.939839 0.354781 0.0267585 0.0240281
0 0.0804788 0.0702286 0.0330453 0.0297565
0 0.275232 0.779555 0.025762 0.0234787
0 0.369029 0.332061 0.0288551 0.0260772
0 0.986691 0.665988 0.0256302 0.0229968
0 0.552343 0.296652 0.0262601 0.0241428
0 0.118501 0.303377 0.0256548 0.0230986
0 0.698795 0.725178 0.0283481 0.0242903
0 0.103154 0.529525 0.0347363 0.0316507
0 0.676252 0.386437 0.0251069 0.0228085
0 0.724256 0.776897 0.0260167 0.0225823
0 0.957542 0.177981 0.0315849 0.0291304
0 0.287343 0.553382 0.0265113 0.0239458
0 0.274549 0.905341 0.347142 0.188266
0 0.993286 0.826311 0.0134283 0.0256464
0 0.0875596 0.922001 0.0580706 0.0510529
0 0.271515 0.955867 0.0248948 0.023618
0 0.547706 0.199246 0.0568309 0.0531073
0 0.762024 0.566704 0.0928586 0.0825893
0 0.06188 0.410968 0.0241832 0.0221995
0 0.298046 0.301568 0.0253496 0.0226804
0 0.899781 0.11696 0.0264487 0.0239459
0 0.0959995 0.271135 0.0245666 0.0226368
0 0.773131 0.190693 0.0873026 0.0791644
0 0.767272 0.341338 0.0246643 0.0224
0 0.979337 0.533636 0.0413103 0.121609
0 0.104958 0.963404 0.125428 0.0726967
0 0.979807 0.53124 0.0403852 0.0592625
