0 0.523933 0.934997 0.0992603 0.0777526
0 0.959172 0.676001 0.069427 0.0530669
0 0.0965936 0.348188 0.05086 0.0408468
0 0.0460297 0.208494 0.0430366 0.033881
0 0.675353 0.585985 0.0370668 0.0286706
0 0.813053 0.479116 0.0455934 0.0345165
0 0.371418 0.0230378 0.0360675 0.0276829
0 0.354699 0.793379 0.0331841 0.0248591
0 0.348829 0.914893 0.036212 0.0286462
0 0.853241 0.434908 0.0303555 0.0234732
0 0.159576 0.270517 0.0294091 0.0234093
0 0.613468 0.571362 0.0328128 0.0264144
0 0.987546 0.802678 0.024908 0.0225048
0 0.496088 0.499855 0.0283802 0.0219332
0 0.567692 0.528219 0.0307877 0.0239425
0 0.559108 0.598701 0.0296779 0.0233769
0 0.443959 0.843544 0.0285177 0.022765
0 0.140641 0.132588 0.0405349 0.032744
0 0.325457 0.944877 0.0740746 0.057251
0 0.722676 0.464402 0.0351765 0.0276182
0 0.621514 0.0590068 0.0447547 0.0370748
0 0.993872 0.557327 0.0122556 0.0269511
0 0.416906 0.812439 0.0399244 0.0309906
0 0.865511 0.179529 0.228259 0.180238
0 0.978166 0.376254 0.0285412 0.0222709
0 0.990315 0.293358 0.0193077 0.0268784
