0 0.367453 0.348674 0.126882 0.099326
0 0.817437 0.518971 0.0633026 0.0507407
0 0.853392 0.673886 0.0725101 0.055991
0 0.476365 0.202891 0.0740181 0.058995
0 0.723854 0.846571 0.052089 0.0407263
0 0.313937 0.171569 0.0578383 0.0450646
0 0.131506 0.38727 0.0539258 0.0418929
0 0.935516 0.110403 0.0418501 0.0338025
0 0.0921557 0.495135 0.0447368 0.0346475
0 0.713301 0.173886 0.0428751 0.0347413
0 0.25147 0.984355 0.0389355 0.029779
0 0.76864 0.0519178 0.0413908 0.0336267
0 0.905038 0.0332841 0.029273 0.0237247
0 0.840816 0.437964 0.0302117 0.0246912
0 0.627053 0.349659 0.0314956 0.0248319
0 0.479642 0.571481 0.0309593 0.0246633
0 0.0698057 0.215607 0.0352455 0.0267135
0 0.508231 0.60649 0.0309739 0.0240884
0 0.987189 0.926696 0.0256212 0.0264578
0 0.796371 0.99516 0.0457113 0.00967922
0 0.932986 0.293341 0.0282655 0.0229288
0 0.236953 0.0285525 0.030328 0.0240885
0 0.319555 0.590482 0.0286054 0.0228882
0 0.339431 0.937876 0.0286157 0.0238686
0 0.516993 0.52167 0.0297019 0.0239212
0 0.240226 0.43378 0.0274137 0.0215181
0 0.785537 0.0374047 0.0280429 0.0228406
0 0.0725049 0.587651 0.029283 0.023345
0 0.71156 0.649756 0.027356 0.0218942
0 0.151247 0.417502 0.0382014 0.029479
0 0.148638 0.988254 0.181079 0.0234488
0 0.222892 0.551667 0.0265028 0.0214256
