0 0.164691 0.694661 0.129585 0.0948565
0 0.601477 0.8653 0.194992 0.139708
0 0.734659 0.278064 0.133509 0.0988035
0 0.126325 0.586612 0.124438 0.0981021
0 0.197478 0.278017 0.166725 0.124029
0 0.23153 0.380549 0.116212 0.0871651
0 0.592335 0.365884 0.0894251 0.0700299
0 0.686246 0.531788 0.124896 0.098523
0 0.840956 0.501723 0.113713 0.0880024
0 0.846715 0.929295 0.109664 0.0820356
0 0.179562 0.845694 0.0450074 0.0338902
0 0.259604 0.811368 0.0985067 0.0759568
0 0.772856 0.944143 0.105549 0.0785723
0 0.262934 0.535719 0.0903988 0.0691764
0 0.46858 0.273147 0.0727557 0.0540756
0 0.300963 0.737536 0.0633523 0.0486406
0 0.113096 0.432313 0.0442528 0.0338483
0 0.979896 0.441487 0.0400343 0.0611048
0 0.571398 0.58011 0.124641 0.0930786
0 0.879208 0.0814997 0.095196 0.0738898
0 0.817799 0.730192 0.0844541 0.063164
0 0.978773 0.294867 0.0423148 0.0399121
0 0.877415 0.847907 0.102042 0.0751997
0 0.539895 0.676698 0.0363169 0.028499
0 0.934123 0.378513 0.12794 0.0943504
0 0.978785 0.182352 0.037357 0.0276518
0 0.477063 0.962346 0.0342855 0.0257478
0 0.319948 0.341768 0.0739 0.0538261
0 0.410615 0.549793 0.340535 0.253341
0 0.0178098 0.473855 0.0356196 0.106497
0 0.0362402 0.58934 0.0396305 0.0311865
0 0.796829 0.428065 0.0596388 0.0465163
0 0.247849 0.182426 0.0626072 0.0445191
0 0.0730517 0.507049 0.0880971 0.0658051
0 0.377423 0.525901 0.0317559 0.0241413
0 0.367407 0.15497 0.0863609 0.0660593
0 0.147195 0.48584 0.0422564 0.0316751
0 0.963472 0.761506 0.073056 0.0788581
0 0.859258 0.68959 0.0411824 0.0309997
0 0.429283 0.728582 0.0362507 0.026967
0 0.306699 0.406161 0.0611166 0.0467583
0 0.926965 0.143203 0.0818734 0.0632112
0 0.234371 0.470331 0.0567367 0.0441634
0 0.104068 0.202054 0.207179 0.404108
0 0.949702 0.552744 0.032088 0.0244444
0 0.0814544 0.0272135 0.0502919 0.0378396
0 0.670038 0.207768 0.214427 0.152316
0 0.865102 0.791628 0.0317951 0.0236364
0 0.3589 0.296362 0.0411328 0.031405
0 0.151192 0.845172 0.301138 0.309656
0 0.910053 0.344478 0.0817652 0.0638926
0 0.709101 0.588489 0.0468292 0.0369885
0 0.902145 0.506596 0.0423459 0.0329243
0 0.392163 0.0217062 0.0647128 0.04338
0 0.453288 0.912083 0.363803 0.174671
0 0.569679 0.422062 0.0998533 0.0786797
0 0.766038 0.336302 0.0289731 0.0228672
0 0.445724 0.0608989 0.032774 0.0242309
0 0.817781 0.151542 0.130688 0.099117
0 0.971099 0.946562 0.0566504 0.0451911
0 0.631197 0.766685 0.419257 0.273496
0 0.326172 0.792266 0.064667 0.0476825
0 0.759879 0.458241 0.0390265 0.0292032
0 0.197817 0.76019 0.0699286 0.0531895
0 0.346004 0.471566 0.050593 0.0411205
0 0.792715 0.556791 0.0288322 0.0223501
0 0.352916 0.755982 0.0517591 0.0394211
0 0.831032 0.38149 0.0318003 0.0245093
0 0.265278 0.441065 0.0426773 0.0319983
0 0.600948 0.809437 0.48697 0.35477
0 0.958715 0.496139 0.0639766 0.0475508
0 0.834272 0.674232 0.0560211 0.0422556
0 0.254389 0.715336 0.0888224 0.0674555
0 0.811789 0.0292722 0.0952722 0.0585445
0 0.365294 0.266103 0.0580422 0.0427836
0 0.262372 0.704585 0.0605352 0.0456807
0 0.900613 0.0480851 0.0400984 0.0310435
0 0.905405 0.27239 0.119738 0.0890217
0 0.895356 0.972813 0.064463 0.0491947
0 0.988402 0.597394 0.0231822 0.0261431
0 0.549553 0.296169 0.028921 0.0228592
0 0.660284 0.220146 0.0516939 0.038918
0 0.0306139 0.668598 0.0612277 0.0773468
0 0.199158 0.986798 0.032958 0.0250014
0 0.00756937 0.988454 0.0151086 0.0226889
0 0.415776 0.204802 0.0571915 0.0439072
0 0.958808 0.0594485 0.082384 0.118897
0 0.70078 0.396901 0.0333323 0.027096
0 0.393343 0.490036 0.0370344 0.0280589
0 0.745745 0.878505 0.0922198 0.0675654
0 0.544248 0.493394 0.225763 0.176458
0 0.831222 0.218444 0.113797 0.0839923
0 0.658646 0.991422 0.048585 0.0171571
