0 0.108409 0.622247 0.100879 0.0982434
0 0.782742 0.471637 0.0922422 0.088074
0 0.222119 0.609988 0.0397937 0.0379944
0 0.574384 0.464571 0.0444813 0.0421226
0 0.682227 0.678456 0.0357432 0.0333859
0 0.55212 0.973972 0.0354116 0.0326398
0 0.621854 0.112617 0.0333552 0.0324495
0 0.0369984 0.463257 0.029207 0.0279952
0 0.565297 0.807035 0.0393076 0.0365361
0 0.523857 0.859925 0.0338158 0.0311242
0 0.743693 0.721463 0.0386152 0.0369669
0 0.426524 0.385234 0.0327612 0.0317338
0 0.386477 0.854409 0.0324368 0.0304937
0 0.895802 0.27713 0.0323607 0.0314294
0 0.976229 0.754205 0.033783 0.0331006
0 0.414081 0.960389 0.0474443 0.0447836
0 0.384582 0.990606 0.0548929 0.0187757
0 0.319407 0.931254 0.0264709 0.0253615
0 0.442733 0.878547 0.0297303 0.0282099
0 0.784253 0.963851 0.029094 0.0278523
0 0.971302 0.599133 0.0296771 0.0287235
0 0.066192 0.844772 0.0245944 0.0241821
0 0.739448 0.645591 0.0409347 0.0385279
0 0.0750587 0.989192 0.0368627 0.0215976
0 0.423937 0.0837173 0.023927 0.0239392
0 0.993025 0.86212 0.01395 0.0386671
0 0.74452 0.178262 0.032893 0.0321045
0 0.00675834 0.308666 0.0135167 0.03811
0 0.869097 0.0385191 0.0254101 0.0252103
0 0.626374 0.788132 0.027042 0.0247118
0 0.521151 0.932805 0.0315939 0.0289892
0 0.658506 0.767199 0.0284135 0.0268829
0 0.329775 0.496122 0.0263034 0.0256851
0 0.548319 0.38998 0.0243752 0.0234895
0 0.906581 0.117623 0.0242663 0.0241182
0 0.725134 0.307894 0.0262387 0.0250095
0 0.199222 0.85091 0.0271725 0.0266033
0 0.9586 0.173834 0.0283656 0.0276474
0 0.581457 0.0884196 0.0280962 0.0276444
0 0.703439 0.298912 0.0240574 0.0233555
0 0.348335 0.142112 0.0244331 0.0237904
0 0.867816 0.210278 0.0355426 0.0346094
0 0.333869 0.0316824 0.023126 0.0232913
0 0.39905 0.0757013 0.0366964 0.0370216
0 0.20134 0.941001 0.0468927 0.0452485
