0 0.57015 0.0687808 0.105726 0.0954893
0 0.697123 0.130141 0.0535173 0.0503755
0 0.940607 0.476689 0.0476818 0.0439736
0 0.802149 0.79079 0.0280945 0.0252993
0 0.535465 0.141424 0.0377168 0.0345393
0 0.69473 0.357203 0.0461168 0.0430464
0 0.806753 0.343036 0.0382257 0.0360482
0 0.561579 0.197751 0.0378036 0.0347079
0 0.215044 0.916133 0.024454 0.0235515
0 0.0730684 0.38671 0.026052 0.0229983
0 0.924096 0.680163 0.0281288 0.0249562
0 0.573003 0.225737 0.046946 0.0419454
0 0.500307 0.944534 0.0245067 0.0226614
0 0.941399 0.0119395 0.0251839 0.0233351
0 0.216767 0.124941 0.0235975 0.0227416
0 0.874305 0.237524 0.0528667 0.0485963
