0 0.752573 0.931194 0.121433 0.119234
0 0.526966 0.676833 0.0997304 0.0974627
0 0.79222 0.843274 0.0580881 0.0560579
0 0.691951 0.720208 0.0443871 0.0432856
0 0.687549 0.857685 0.0402459 0.0395765
0 0.769798 0.706333 0.0438949 0.0425422
0 0.869204 0.118424 0.0443206 0.043169
0 0.563187 0.466336 0.0371078 0.0352241
0 0.654906 0.502825 0.0391066 0.0380402
0 0.747312 0.867512 0.0398479 0.0388957
0 0.748447 0.464827 0.0343626 0.0336215
0 0.610899 0.461344 0.0280318 0.0268266
0 0.83521 0.193258 0.0354753 0.035049
0 0.16822 0.405513 0.0292432 0.028319
0 0.869182 0.811189 0.0351693 0.0345752
0 0.0730831 0.509624 0.0300285 0.0285232
0 0.353546 0.503736 0.0259286 0.0248463
0 0.913114 0.59921 0.0441053 0.042933
0 0.142292 0.10346 0.0264645 0.0258062
0 0.616579 0.89773 0.0423958 0.0414625
0 0.904328 0.0385059 0.0275572 0.0267677
0 0.816067 0.658421 0.0451276 0.0438082
0 0.71228 0.52877 0.0347746 0.0332174
0 0.940949 0.764864 0.0314387 0.0306096
0 0.0554499 0.0855149 0.0245179 0.0239154
0 0.703846 0.469593 0.0262582 0.0258532
0 0.659136 0.700225 0.0308845 0.0302758
0 0.705564 0.762757 0.0261106 0.0251853
0 0.80722 0.875187 0.034323 0.0332529
0 0.695875 0.511516 0.0304759 0.029338
0 0.677634 0.254367 0.0261204 0.0254978
0 0.625569 0.406044 0.0235041 0.0227088
0 0.603001 0.500262 0.0236481 0.0233491
0 0.760589 0.840662 0.0257857 0.0250807
0 0.940682 0.0076067 0.0242508 0.0152134
0 0.658107 0.352663 0.0234661 0.0227127
0 0.901651 0.585741 0.0335922 0.0326986
0 0.591137 0.642805 0.0271448 0.0264802
0 0.612301 0.926999 0.0229738 0.0226502
0 0.265802 0.252854 0.0230386 0.0225369
0 0.901226 0.87451 0.0227128 0.0221924
0 0.6819 0.494174 0.0271336 0.0268784
