0 0.19901 0.366695 0.0815244 0.0799105
0 0.538808 0.463679 0.056764 0.0552796
0 0.965289 0.705591 0.0311284 0.0305755
0 0.345743 0.383611 0.0701044 0.0695936
0 0.374436 0.644627 0.0357089 0.0353353
0 0.390014 0.179722 0.034772 0.033883
0 0.325562 0.823967 0.0396296 0.0384686
0 0.210302 0.753888 0.0289758 0.0285855
0 0.0584068 0.618874 0.0315105 0.0308571
0 0.302051 0.284947 0.0738599 0.0719435
0 0.235568 0.870852 0.0258137 0.0251119
0 0.413689 0.41171 0.0733981 0.0715984
0 0.549655 0.01052 0.0262752 0.0209264
0 0.390887 0.219185 0.0296003 0.0288316
0 0.505052 0.519481 0.0251427 0.0250244
0 0.546851 0.18866 0.0748262 0.072949
0 0.745298 0.490778 0.0223164 0.0218154
0 0.00759509 0.648601 0.0151902 0.0250451
0 0.256207 0.447833 0.0373371 0.0359864
0 0.219437 0.887297 0.0252202 0.0245134
0 0.230062 0.274158 0.0356335 0.0345075
0 0.76861 0.442615 0.0235605 0.0225919
0 0.402 0.291905 0.0248442 0.0248239
0 0.212629 0.432824 0.0244685 0.0239935
0 0.104199 0.709833 0.0436441 0.0432091
0 0.425605 0.358472 0.0505539 0.0504768
0 0.29777 0.660313 0.0905995 0.0883205
0 0.493565 0.324288 0.0226527 0.0221657
