0 0.39878 0.456564 0.0677122 0.0672433
0 0.516052 0.581312 0.0488172 0.0481043
0 0.523085 0.249697 0.0619979 0.0608889
0 0.195662 0.477431 0.0423209 0.0417454
0 0.512678 0.699654 0.038398 0.0374837
0 0.298249 0.548748 0.0291855 0.028482
0 0.985538 0.590992 0.0248365 0.0242891
0 0.764181 0.191591 0.0276064 0.0270065
0 0.263026 0.245746 0.0293215 0.0286386
0 0.971573 0.641564 0.0314672 0.030505
0 0.814792 0.349027 0.0246754 0.0243425
0 0.906605 0.686047 0.184842 0.191793
0 0.354335 0.311659 0.0416015 0.0404284
0 0.388169 0.219244 0.136695 0.135314
0 0.375939 0.893349 0.0272839 0.0263048
0 0.665979 0.40314 0.0643549 0.0629636
0 0.424386 0.393554 0.0677364 0.0666475
0 0.481099 0.439449 0.0331709 0.0331854
0 0.185845 0.522014 0.0283046 0.0274713
0 0.0680697 0.0886512 0.0234715 0.0229212
0 0.115663 0.169133 0.0296063 0.0277389
0 0.835435 0.845219 0.051483 0.0502416
0 0.887636 0.876371 0.0540824 0.0521664
