0 0.97484 0.870957 0.0503195 0.0569086
0 0.933281 0.683102 0.0781073 0.060564
0 0.346206 0.169154 0.0524287 0.0416972
0 0.463001 0.567653 0.236663 0.181196
0 0.18247 0.870723 0.0408136 0.0310097
0 0.896053 0.270402 0.0372947 0.0290807
0 0.896252 0.373478 0.0381512 0.0291524
0 0.423589 0.377273 0.0380576 0.0308591
0 0.977069 0.799565 0.0458286 0.093246
0 0.936648 0.236244 0.0353851 0.0273496
0 0.191597 0.363669 0.0318 0.0251857
0 0.826588 0.827121 0.0324486 0.0251613
0 0.896513 0.415079 0.0326648 0.024519
0 0.808448 0.786441 0.0348043 0.0273308
0 0.254237 0.903347 0.0309495 0.0233407
0 0.0956607 0.435428 0.0331145 0.0264788
0 0.881616 0.435334 0.0316963 0.0241793
0 0.224264 0.791638 0.0324697 0.0243485
0 0.693331 0.494716 0.0291529 0.0238059
0 0.7405 0.64228 0.0306549 0.0231891
0 0.709279 0.238218 0.0280974 0.0227323
0 0.174695 0.603514 0.349137 0.296253
0 0.843814 0.402154 0.0287399 0.02261
0 0.921082 0.40189 0.0272558 0.020656
0 0.269227 0.85863 0.0294083 0.0225548
0 0.747048 0.288201 0.0273292 0.0222726
0 0.201887 0.135297 0.0272158 0.0206481
0 0.06923 0.0514484 0.138269 0.102636
0 0.36594 0.669788 0.0268805 0.0223181
0 0.810712 0.403009 0.0276234 0.0217249
0 0.675943 0.952114 0.487614 0.0957724
0 0.894157 0.9199 0.0281167 0.022172
