0 0.509343 0.350396 0.0398754 0.0392884
0 0.115309 0.68999 0.0317596 0.0310307
0 0.281856 0.330712 0.0318952 0.0312099
0 0.71414 0.990456 0.031541 0.0190887
0 0.506598 0.423003 0.0270842 0.0261162
0 0.464439 0.157414 0.0289112 0.0279012
0 0.399531 0.222388 0.024684 0.0241658
0 0.564548 0.957485 0.0234866 0.0224735
0 0.244582 0.617051 0.0331836 0.0328676
0 0.506824 0.322316 0.0230143 0.0220931
0 0.679043 0.951723 0.0236688 0.0233119
0 0.536096 0.492488 0.0270345 0.0271752
0 0.988041 0.749403 0.0228286 0.0225705
0 0.575876 0.489462 0.0230653 0.022459
0 0.129718 0.517864 0.0363693 0.0356617
0 0.611055 0.989737 0.0227577 0.0205256
