0 0.119629 0.980077 0.057567 0.0398464
0 0.118346 0.882904 0.0597301 0.0467496
0 0.815145 0.324949 0.0378704 0.0291646
0 0.903698 0.349236 0.0739506 0.057502
0 0.784939 0.413673 0.0391107 0.0307343
0 0.829359 0.694148 0.0526186 0.0417732
0 0.433533 0.651536 0.0418043 0.0325913
0 0.0659672 0.831101 0.0414191 0.0324771
0 0.613517 0.279299 0.0394336 0.0320039
0 0.981482 0.906664 0.0370367 0.0386458
0 0.363954 0.879801 0.051359 0.0407482
0 0.595671 0.778806 0.0349777 0.0275011
0 0.349825 0.228788 0.0501974 0.0406929
0 0.39994 0.559859 0.0333374 0.0261536
0 0.412139 0.943802 0.0378619 0.0293479
0 0.829975 0.869853 0.0487277 0.037495
0 0.211258 0.945065 0.0809959 0.063152
0 0.769846 0.593333 0.0315549 0.0254843
0 0.267124 0.700414 0.0368145 0.0276742
0 0.268201 0.453308 0.0327225 0.026861
0 0.0666466 0.705035 0.0336886 0.0258873
0 0.412024 0.911339 0.0410403 0.0322906
0 0.668472 0.988825 0.0552824 0.0222707
0 0.938363 0.765459 0.0422544 0.0326433
0 0.661916 0.837823 0.0340554 0.0272915
0 0.508027 0.897382 0.0324279 0.0261324
0 0.0910169 0.265229 0.0345829 0.0291482
0 0.703105 0.0379886 0.0366369 0.0303951
0 0.62559 0.976316 0.0419543 0.0321767
0 0.102692 0.841792 0.034235 0.0258185
0 0.588964 0.823653 0.0319357 0.0253222
0 0.652519 0.951179 0.0352324 0.0270713
0 0.725933 0.980077 0.0417684 0.0331326
0 0.292454 0.977859 0.0631521 0.0442493
0 0.957821 0.220885 0.0321663 0.0248046
0 0.204518 0.387016 0.283195 0.194175
0 0.24548 0.427804 0.029362 0.0240165
0 0.081231 0.897154 0.0345189 0.027862
0 0.2643 0.952089 0.0392172 0.0309808
0 0.69264 0.0122568 0.0638959 0.0245137
0 0.429641 0.250675 0.028189 0.0236251
0 0.990277 0.537378 0.0192054 0.024096
0 0.228848 0.454487 0.259431 0.217761
0 0.076919 0.270294 0.122539 0.101184
0 0.829675 0.936457 0.0332055 0.0259943
0 0.823126 0.987336 0.0312967 0.0237465
0 0.537221 0.168802 0.100541 0.0830617
0 0.316667 0.743044 0.032261 0.0250772
0 0.423477 0.071617 0.486704 0.14308
0 0.425452 0.815229 0.0319901 0.0256526
0 0.956157 0.795226 0.0315367 0.0244235
0 0.539841 0.314434 0.0341112 0.0276241
0 0.422725 0.993977 0.0310298 0.0120468
0 0.298999 0.463714 0.0285631 0.023943
0 0.395509 0.326666 0.0526886 0.043469
0 0.800176 0.680673 0.0293921 0.0238655
0 0.36983 0.368414 0.107925 0.0913191
0 0.666356 0.969362 0.031751 0.0254815
0 0.393256 0.24914 0.259362 0.212975
0 0.834169 0.435439 0.0329332 0.0261332
0 0.366564 0.991488 0.03049 0.0169079
0 0.569228 0.977989 0.0272802 0.0222889
0 0.115301 0.81225 0.0298471 0.0232551
0 0.168696 0.906508 0.0326737 0.0269146
0 0.418202 0.25085 0.204667 0.171637
0 0.49749 0.357675 0.0271722 0.022769
0 0.524436 0.106413 0.0588511 0.0485806
0 0.396347 0.97225 0.0310106 0.0240998
0 0.199065 0.239064 0.122709 0.102865
0 0.855594 0.990715 0.0320354 0.0185709
0 0.61739 0.925282 0.028222 0.022531
0 0.755487 0.929962 0.033627 0.0272614
