0 0.280443 0.498313 0.425785 0.473697
0 0.926281 0.779355 0.0900275 0.0855969
0 0.794572 0.224912 0.138295 0.135181
0 0.590831 0.438164 0.151319 0.147981
0 0.145295 0.0960383 0.0598693 0.0576792
0 0.439889 0.91584 0.103303 0.100882
0 0.660697 0.973118 0.0830276 0.0537639
0 0.51229 0.978167 0.051125 0.0435926
0 0.272456 0.19791 0.110545 0.104401
0 0.432259 0.382956 0.0539702 0.0509084
0 0.859318 0.591384 0.0381567 0.0377065
0 0.679015 0.762997 0.198839 0.189394
0 0.13808 0.0238203 0.0594916 0.0476372
0 0.837803 0.0597792 0.0328245 0.0315841
0 0.889008 0.188602 0.0427873 0.0416496
0 0.677216 0.30466 0.0551294 0.0535778
0 0.222435 0.926485 0.0308768 0.0303302
0 0.94084 0.279798 0.0404503 0.0393274
0 0.0880316 0.0602863 0.0302941 0.0287635
0 0.618822 0.284573 0.0806522 0.0773606
0 0.452356 0.839996 0.0466743 0.0449393
0 0.676026 0.223139 0.0904208 0.0857802
0 0.22983 0.147844 0.0886938 0.0847951
0 0.763386 0.716551 0.151325 0.145648
0 0.370944 0.51091 0.0332265 0.0316696
0 0.741499 0.12903 0.0369346 0.0348189
0 0.645012 0.154393 0.0286207 0.026788
0 0.574416 0.657253 0.0283144 0.0276258
0 0.476215 0.731758 0.0585086 0.0555577
0 0.691567 0.601783 0.0244571 0.0239952
0 0.26965 0.0278706 0.102339 0.0557411
0 0.11559 0.234437 0.231179 0.303613
0 0.819018 0.930494 0.0285048 0.0273662
0 0.560306 0.982951 0.0531263 0.0337713
0 0.758978 0.87056 0.0641289 0.0625396
0 0.0687114 0.171544 0.0336254 0.0320168
0 0.589775 0.0170087 0.0262209 0.0251692
0 0.85877 0.563014 0.0242584 0.0237875
0 0.0797169 0.0390081 0.0233044 0.0224905
0 0.886191 0.368724 0.0608861 0.0598083
0 0.562059 0.732296 0.0276866 0.0277284
0 0.0456548 0.95592 0.0274687 0.0276864
0 0.293481 0.766542 0.0290585 0.027802
0 0.113432 0.455428 0.0523984 0.050084
0 0.0654049 0.269231 0.0291683 0.0281156
0 0.260973 0.986921 0.0419279 0.0261579
0 0.814248 0.421639 0.0281587 0.0279971
0 0.344932 0.38816 0.0258634 0.0240549
0 0.287271 0.801037 0.0253225 0.025033
0 0.335164 0.412536 0.0235136 0.0223386
0 0.425826 0.31072 0.0453272 0.0430686
0 0.915323 0.369615 0.152978 0.149153
0 0.249723 0.909329 0.0300659 0.0297155
0 0.27943 0.327776 0.0340171 0.0322483
0 0.943113 0.682604 0.108312 0.104861
0 0.917302 0.500686 0.0709746 0.067481
0 0.10217 0.282261 0.0238849 0.0233207
0 0.42696 0.0359449 0.196438 0.0717976
0 0.933888 0.371446 0.0361526 0.0356281
0 0.573083 0.0343847 0.0322654 0.0295382
0 0.430216 0.571515 0.108824 0.109112
0 0.258749 0.798519 0.0258732 0.0255142
0 0.541529 0.0135475 0.0376389 0.027095
0 0.640285 0.208528 0.0259628 0.0249178
0 0.564089 0.714775 0.0227964 0.0229874
