0 0.945659 0.0874195 0.099624 0.0740792
0 0.561042 0.230543 0.0807803 0.0673701
0 0.633823 0.614877 0.333556 0.282819
0 0.645408 0.292007 0.0684711 0.053126
0 0.506647 0.491804 0.0661489 0.0549357
0 0.459118 0.371171 0.121796 0.0981048
0 0.766604 0.324611 0.112959 0.0897031
0 0.430054 0.228067 0.0599757 0.0499597
0 0.19545 0.634137 0.0799569 0.0757093
0 0.48877 0.00547157 0.0362865 0.0109431
0 0.873723 0.024596 0.0463938 0.0364766
0 0.39183 0.150715 0.0377621 0.0331473
0 0.0196612 0.396502 0.0391036 0.0527606
0 0.0163634 0.438488 0.0326176 0.0510046
0 0.550972 0.157181 0.0330853 0.0265418
0 0.523041 0.705109 0.0606164 0.051983
0 0.0621983 0.0171139 0.0608513 0.0342278
0 0.470766 0.265089 0.0605829 0.0503366
0 0.0552475 0.615101 0.084764 0.0782673
0 0.0315439 0.310304 0.0629526 0.0729815
0 0.749362 0.906431 0.0604422 0.0539681
0 0.87634 0.123223 0.0353966 0.0276729
0 0.730912 0.0280164 0.0510404 0.040192
0 0.453538 0.659852 0.0577399 0.0475478
0 0.0807257 0.530615 0.045879 0.0421383
0 0.180701 0.191511 0.0334972 0.0302555
0 0.474275 0.691254 0.0324876 0.0278168
0 0.368575 0.402884 0.0458525 0.0388207
0 0.12362 0.706693 0.0614213 0.0585227
0 0.586436 0.101375 0.109701 0.0915552
0 0.657191 0.0669695 0.0428394 0.0344744
0 0.696652 0.319375 0.0419766 0.0327358
0 0.17258 0.337484 0.0324636 0.0280494
0 0.935689 0.133318 0.0369486 0.0307606
0 0.250687 0.893121 0.0449033 0.0374796
0 0.118843 0.0153403 0.0497641 0.0305586
0 0.562654 0.198712 0.034341 0.0294568
0 0.177443 0.166991 0.0485163 0.0447138
0 0.0921499 0.582589 0.0332063 0.0306908
0 0.82845 0.214452 0.0654936 0.0493675
0 0.253373 0.221742 0.0399139 0.0360712
0 0.0667586 0.755352 0.0647162 0.0565741
0 0.698987 0.961961 0.0506842 0.0449643
0 0.147936 0.78074 0.0428613 0.0376984
0 0.258436 0.679157 0.0461112 0.0418878
0 0.806415 0.0355131 0.028178 0.0234085
0 0.790832 0.851763 0.13301 0.121905
0 0.428689 0.808952 0.228953 0.177138
0 0.217934 0.194924 0.0426175 0.0386197
0 0.718246 0.146121 0.0332334 0.0276006
0 0.657599 0.512358 0.0637848 0.0518075
0 0.292009 0.36763 0.0452484 0.0415799
0 0.103159 0.2276 0.0830749 0.0752491
0 0.521007 0.310596 0.0979931 0.0814659
0 0.4053 0.173154 0.0350232 0.0314742
0 0.291599 0.330999 0.0352209 0.0320117
0 0.498369 0.673955 0.0333916 0.0285897
0 0.15873 0.595072 0.0347621 0.0310504
0 0.0731076 0.679886 0.054895 0.0505992
0 0.250435 0.820743 0.0376167 0.0336439
0 0.229624 0.404275 0.0566522 0.0486696
0 0.710667 0.877403 0.036906 0.0332639
0 0.154098 0.670245 0.0329148 0.0305141
0 0.865225 0.159739 0.0323021 0.0253193
0 0.806123 0.247348 0.0543808 0.0421941
0 0.0538945 0.28646 0.0567899 0.0515013
0 0.547503 0.469893 0.076794 0.061065
0 0.18761 0.432484 0.0424192 0.0368954
