0 0.924274 0.769297 0.150688 0.128238
0 0.133502 0.468147 0.217675 0.151181
0 0.205399 0.624588 0.0910302 0.0686712
0 0.125231 0.972771 0.0458072 0.035978
0 0.280299 0.353341 0.0396403 0.030589
0 0.817843 0.741242 0.0594161 0.048358
0 0.322229 0.481713 0.064036 0.0497374
0 0.846632 0.587168 0.0963688 0.0740645
0 0.654846 0.348308 0.0911787 0.0675529
0 0.646921 0.961417 0.066577 0.0490332
0 0.614662 0.880344 0.0596849 0.0454515
0 0.0808056 0.692272 0.161611 0.140954
0 0.968261 0.525863 0.0633893 0.0558057
0 0.541575 0.564322 0.0460971 0.0351772
0 0.548275 0.143956 0.0880211 0.0668922
0 0.219905 0.326861 0.0341194 0.0252147
0 0.655793 0.833438 0.0399449 0.0307736
0 0.8142 0.675591 0.0466215 0.0366901
0 0.328363 0.726942 0.0413669 0.0336373
0 0.894267 0.174094 0.211466 0.285415
0 0.344165 0.826731 0.0348591 0.0267843
0 0.331346 0.181076 0.0658326 0.0465158
0 0.39075 0.833321 0.0632971 0.0497395
0 0.75359 0.839327 0.0545741 0.0437062
0 0.162571 0.918832 0.0392282 0.0308671
0 0.820869 0.972761 0.0347108 0.0266109
0 0.551728 0.225637 0.0517828 0.0376745
0 0.644931 0.686836 0.0388235 0.0311998
0 0.0657006 0.908697 0.126028 0.0965385
0 0.406946 0.470615 0.0377369 0.0302735
0 0.955519 0.290417 0.0755601 0.057349
0 0.88699 0.194183 0.0338439 0.025332
0 0.364701 0.933971 0.35365 0.130282
0 0.622762 0.125722 0.0439141 0.0346799
0 0.697636 0.801242 0.0540678 0.0401444
0 0.677904 0.68904 0.0425334 0.0340034
0 0.986441 0.184459 0.0270941 0.0292628
0 0.576452 0.313599 0.0495467 0.0365928
0 0.197645 0.94617 0.0342088 0.0258017
0 0.619812 0.464305 0.0438008 0.0330932
0 0.770352 0.391644 0.0322587 0.0249697
0 0.585358 0.554575 0.0461106 0.0341153
0 0.679529 0.741461 0.0279695 0.0225231
0 0.1414 0.128473 0.28141 0.256438
