0 0.121401 0.634803 0.241569 0.277281
0 0.535806 0.402444 0.0592253 0.0475531
0 0.337618 0.573716 0.0482123 0.039443
0 0.793061 0.782724 0.0488063 0.0399664
0 0.920454 0.836665 0.0523968 0.0418948
0 0.283032 0.652495 0.0351975 0.0281653
0 0.848898 0.479697 0.0352431 0.0276927
0 0.929223 0.198403 0.0398694 0.031951
0 0.752013 0.765679 0.0462277 0.0360746
0 0.509182 0.074547 0.061263 0.0518647
0 0.9268 0.679592 0.0336573 0.0260804
0 0.976862 0.273953 0.0402952 0.0323969
0 0.94718 0.0470819 0.105383 0.0941638
0 0.699216 0.48121 0.0398807 0.0314598
0 0.71511 0.46963 0.0335603 0.0261129
0 0.832204 0.298103 0.0400511 0.0321478
0 0.617071 0.403975 0.0336622 0.0257926
0 0.333878 0.405579 0.223046 0.188934
0 0.723626 0.944263 0.0285356 0.0231943
0 0.98608 0.65018 0.0275094 0.0275524
0 0.727561 0.741885 0.0331744 0.0278031
0 0.97162 0.0686608 0.0567465 0.0547822
0 0.189458 0.541535 0.028663 0.0230832
0 0.798677 0.262746 0.0329123 0.0269734
0 0.795418 0.686745 0.0291157 0.0237582
0 0.862159 0.665143 0.0310629 0.0254784
0 0.353695 0.442164 0.0264984 0.0220122
0 0.917266 0.305955 0.0278571 0.0223635
0 0.342417 0.33547 0.0264956 0.0216808
0 0.533404 0.892317 0.0276025 0.02231
0 0.209136 0.732834 0.0540634 0.0435227
0 0.674114 0.720951 0.0300142 0.0236425
0 0.4094 0.78212 0.0280544 0.0235877
0 0.864797 0.761438 0.026292 0.0210896
0 0.825954 0.237756 0.0417535 0.0349029
0 0.44141 0.322891 0.0428189 0.0351042
0 0.766453 0.117729 0.463388 0.2348
0 0.871831 0.30306 0.0404399 0.0309356
0 0.765129 0.609058 0.0268686 0.0218339
0 0.29513 0.420784 0.0255281 0.0212569
0 0.558427 0.10575 0.102466 0.0845776
0 0.986725 0.962178 0.0264981 0.075644
0 0.992816 0.173415 0.0143671 0.0270422
