0 0.423227 0.346058 0.0431628 0.0417558
0 0.353432 0.950378 0.0955724 0.0912411
0 0.346008 0.879379 0.0386456 0.0376663
0 0.463634 0.327569 0.0359626 0.0346103
0 0.418169 0.719689 0.0320608 0.0312204
0 0.959075 0.767196 0.0818495 0.083055
0 0.114029 0.160354 0.0350007 0.0345917
0 0.9165 0.0447745 0.0304522 0.0298785
0 0.0530448 0.0126528 0.035582 0.0252876
0 0.0262527 0.159044 0.0326733 0.0315104
0 0.442718 0.575352 0.0252999 0.0248491
0 0.268581 0.0176134 0.026714 0.0262818
0 0.504518 0.00945586 0.0241788 0.0187776
0 0.744411 0.937495 0.0714522 0.067245
0 0.171595 0.884909 0.0844532 0.076036
0 0.723047 0.965762 0.111617 0.0684759
0 0.138827 0.307486 0.0232333 0.0227064
0 0.238674 0.970157 0.194296 0.0594296
0 0.441093 0.139612 0.0237176 0.0228726
0 0.658577 0.969531 0.0229305 0.0221263
0 0.880284 0.772091 0.0888225 0.0852954
0 0.103559 0.811767 0.0363632 0.0344064
0 0.0876371 0.158406 0.0258539 0.0257835
0 0.821042 0.977116 0.0720024 0.0453733
0 0.197667 0.970616 0.106254 0.0585111
0 0.624254 0.14022 0.0243146 0.0237595
0 0.272653 0.283043 0.545306 0.566086
0 0.211435 0.501375 0.0215878 0.0213806
0 0.124256 0.19554 0.0226041 0.0216505
