0 0.456028 0.664928 0.141107 0.136767
0 0.454028 0.765347 0.331462 0.306077
0 0.302097 0.562229 0.093717 0.093823
0 0.681954 0.289319 0.067112 0.0651427
0 0.663601 0.422594 0.0896406 0.0873191
0 0.690838 0.348625 0.0825469 0.0807304
0 0.069752 0.17352 0.0482056 0.0470149
0 0.8157 0.153118 0.06677 0.0652724
0 0.791469 0.600625 0.11284 0.110291
0 0.750857 0.363996 0.0369076 0.0366558
0 0.927266 0.912841 0.0585681 0.0553328
0 0.120173 0.142831 0.0385476 0.0374938
0 0.304665 0.221398 0.0720568 0.0707228
0 0.497611 0.953055 0.0719966 0.0691993
0 0.255455 0.678014 0.0758887 0.0757208
0 0.0121049 0.430836 0.0241634 0.0284736
0 0.268582 0.60096 0.0342236 0.034338
0 0.559127 0.340959 0.0255112 0.0257413
0 0.257731 0.621382 0.0328218 0.0329351
0 0.317456 0.979547 0.0473289 0.0404787
0 0.878827 0.171508 0.0442828 0.0429085
0 0.794645 0.942656 0.0482754 0.0452533
0 0.3542 0.365863 0.0439324 0.043908
0 0.720323 0.404536 0.0293051 0.0292884
0 0.828155 0.365607 0.0247531 0.0248257
0 0.0865811 0.381069 0.026424 0.0261096
0 0.57202 0.422198 0.0282702 0.0279394
0 0.350864 0.735722 0.0259621 0.0258589
0 0.751317 0.850267 0.269533 0.261
0 0.28435 0.3134 0.0275447 0.0273007
0 0.0925299 0.987606 0.03664 0.0247536
0 0.271324 0.454061 0.0285908 0.0286333
0 0.776297 0.546162 0.0848353 0.0839607
0 0.716478 0.174436 0.0283558 0.0280345
0 0.907987 0.597148 0.0520129 0.0511011
0 0.324951 0.384989 0.029206 0.0296737
0 0.069214 0.453225 0.0239889 0.0238582
0 0.993264 0.359402 0.0134721 0.0501984
0 0.636874 0.933722 0.0334344 0.0314736
0 0.364262 0.63212 0.0488153 0.0467232
0 0.890429 0.508666 0.0534653 0.0511761
0 0.71557 0.551845 0.0589827 0.0593648
0 0.104461 0.539515 0.0574414 0.0586996
0 0.454583 0.469818 0.0237296 0.0240773
0 0.900352 0.986108 0.0367 0.0277849
0 0.0738661 0.351161 0.0264536 0.0264411
0 0.98188 0.385858 0.027497 0.0270457
0 0.649478 0.666186 0.0410471 0.0404284
0 0.296914 0.379449 0.0271073 0.0275342
0 0.35254 0.282357 0.0974347 0.0925241
0 0.690734 0.18599 0.0242496 0.0238683
0 0.789165 0.266892 0.0245222 0.0244863
0 0.117944 0.680171 0.0226983 0.022495
0 0.303014 0.349645 0.0255009 0.0262271
0 0.260159 0.535732 0.0354317 0.0345187
0 0.397151 0.498169 0.0225743 0.0222962
0 0.637119 0.490984 0.0793861 0.0778541
0 0.252001 0.285942 0.0238209 0.0233822
0 0.112803 0.630379 0.0226254 0.0229378
0 0.464292 0.275756 0.0217947 0.0218711
0 0.209083 0.258285 0.0235037 0.0233264
0 0.242302 0.658466 0.0323625 0.0320585
0 0.273585 0.372105 0.0235111 0.0237131
0 0.0502721 0.961816 0.053993 0.0517929
0 0.462773 0.936105 0.161201 0.12779
0 0.183218 0.272306 0.0228652 0.0237004
0 0.637266 0.626183 0.0696082 0.0682285
0 0.426807 0.371974 0.0220914 0.0223912
0 0.230949 0.752513 0.0225473 0.0225334
0 0.0408878 0.338996 0.0817757 0.158134
0 0.349741 0.166867 0.0235783 0.0231845
0 0.838585 0.805581 0.0661724 0.063473
0 0.826638 0.111881 0.02349 0.0243131
0 0.71138 0.931024 0.104632 0.095696
0 0.383067 0.879166 0.0424712 0.0405648
0 0.298485 0.451684 0.0243828 0.0240504
0 0.312942 0.301199 0.0223916 0.0224446
