0 0.188996 0.0769023 0.127405 0.126168
0 0.125414 0.329192 0.0608072 0.0596933
0 0.299903 0.792369 0.0478609 0.0458419
0 0.0358852 0.863336 0.0398499 0.037321
0 0.927026 0.688872 0.129284 0.119853
0 0.745622 0.336568 0.0358619 0.034408
0 0.216794 0.596751 0.0369081 0.0352334
0 0.938949 0.618517 0.0324697 0.0305252
0 0.853323 0.319129 0.0394951 0.0381031
0 0.081186 0.797551 0.0303931 0.0291128
0 0.218489 0.969004 0.0379978 0.036576
0 0.216602 0.302849 0.115456 0.109492
0 0.158475 0.599636 0.0355846 0.0340969
0 0.83174 0.601762 0.0289795 0.0277922
0 0.340122 0.0629515 0.03222 0.0313798
0 0.300445 0.25718 0.0946783 0.0962522
0 0.0622874 0.383443 0.0281381 0.0272664
0 0.592393 0.672142 0.0319697 0.0310121
0 0.839566 0.103513 0.0294374 0.0285563
0 0.277418 0.992462 0.0311105 0.0150768
0 0.761532 0.66163 0.0311674 0.0300673
0 0.671447 0.616161 0.025207 0.0244544
0 0.871732 0.455796 0.0299663 0.0280624
0 0.888053 0.870245 0.0306807 0.0300439
0 0.467472 0.548082 0.0305504 0.029793
0 0.680136 0.669442 0.0273396 0.0265904
0 0.963574 0.370646 0.0314274 0.0297329
0 0.727037 0.66473 0.025328 0.0246508
0 0.915203 0.243924 0.0242979 0.0235019
0 0.701455 0.300878 0.028069 0.0274888
0 0.121926 0.463214 0.0232603 0.0222063
0 0.459447 0.959354 0.0238283 0.0231668
0 0.118411 0.166015 0.0595176 0.0583831
0 0.0609824 0.933235 0.0246358 0.0234721
0 0.666314 0.0346733 0.0806518 0.0693465
0 0.269217 0.466389 0.0302609 0.0287553
0 0.865203 0.387263 0.0242827 0.0231709
0 0.177524 0.525227 0.0311041 0.0295289
0 0.54477 0.347148 0.0231185 0.0228621
0 0.108459 0.528528 0.0247917 0.0239484
0 0.277522 0.151393 0.0370884 0.0361384
0 0.157445 0.74925 0.0236621 0.0227532
0 0.7072 0.526194 0.0258796 0.0250812
0 0.989037 0.3401 0.0218111 0.0230966
0 0.21041 0.654539 0.02308 0.0217867
0 0.895288 0.229437 0.0291605 0.0273824
0 0.10146 0.45444 0.0241644 0.0234827
0 0.00941486 0.483036 0.0188297 0.0222792
0 0.818879 0.331121 0.0238478 0.0227079
0 0.406941 0.199782 0.0302243 0.0295181
0 0.651067 0.0775401 0.0656975 0.0614862
0 0.0809024 0.693165 0.0316539 0.0301633
0 0.301317 0.280045 0.0254424 0.0250191
0 0.805975 0.577368 0.161667 0.151764
0 0.456315 0.039496 0.026447 0.0259876
0 0.101574 0.575539 0.0243216 0.0235554
0 0.485794 0.0407905 0.023166 0.0226551
0 0.497918 0.143479 0.0389743 0.0377549
0 0.220422 0.53149 0.0233818 0.0225752
0 0.450532 0.299706 0.0238887 0.0234603
0 0.910086 0.538728 0.0408032 0.0381473
0 0.971014 0.312074 0.0232952 0.0222116
0 0.985561 0.503911 0.0287161 0.0544322
0 0.968182 0.435358 0.040806 0.0384738
0 0.566732 0.354561 0.0219576 0.0213362
0 0.725637 0.94898 0.0239432 0.023149
0 0.349198 0.558601 0.102389 0.0969128
0 0.256793 0.564155 0.0434015 0.0420868
