0 0.340009 0.223679 0.238735 0.230845
0 0.491961 0.668529 0.0995442 0.0925096
0 0.333071 0.430156 0.0497754 0.0470697
0 0.921045 0.256692 0.0977631 0.0902675
0 0.516679 0.553513 0.0942442 0.0859273
0 0.0879332 0.246268 0.175866 0.309517
0 0.862199 0.0363128 0.0381615 0.0359524
0 0.402342 0.371513 0.0886619 0.0843515
0 0.986975 0.427493 0.0260253 0.0295578
0 0.152572 0.33395 0.0576259 0.0538737
0 0.979105 0.937316 0.0417896 0.0465884
0 0.64836 0.186802 0.0399858 0.0358788
0 0.674917 0.57175 0.0553508 0.0523225
0 0.405939 0.0677607 0.0390497 0.0381016
0 0.579618 0.660498 0.0492431 0.0467839
0 0.337929 0.502269 0.0443405 0.0426922
0 0.563318 0.0153538 0.0724683 0.0307075
0 0.08139 0.563035 0.0395681 0.0385246
0 0.834623 0.71204 0.0645061 0.0604298
0 0.346372 0.0912138 0.0284084 0.0278411
0 0.230949 0.111452 0.0316561 0.0306019
0 0.763752 0.492441 0.0349032 0.0332284
0 0.215173 0.0869828 0.0324887 0.0319455
0 0.209274 0.438995 0.028682 0.0272805
0 0.298695 0.464955 0.0422345 0.0407465
0 0.688609 0.353338 0.0277343 0.0256336
0 0.45573 0.359714 0.0487991 0.0466338
0 0.624549 0.0380046 0.0781999 0.073419
0 0.801162 0.799998 0.0519459 0.0478896
0 0.942352 0.466626 0.0408085 0.037591
0 0.789239 0.47296 0.032062 0.0305378
0 0.244485 0.3803 0.0367864 0.035477
0 0.73331 0.4935 0.029043 0.0280911
0 0.965914 0.40372 0.0318143 0.0295876
0 0.467245 0.74776 0.0333225 0.0312015
0 0.532718 0.469254 0.0799456 0.0748431
0 0.873466 0.476425 0.0254281 0.0246208
0 0.667193 0.0138106 0.0296118 0.0269904
0 0.32973 0.528622 0.0280707 0.0265224
0 0.953313 0.418441 0.026508 0.0247989
0 0.333861 0.223383 0.0323246 0.0322184
0 0.51683 0.777339 0.0585445 0.053556
0 0.713042 0.537593 0.0416886 0.0376828
0 0.678668 0.325688 0.0361177 0.032295
0 0.952674 0.655536 0.0246515 0.0233734
0 0.691128 0.185706 0.029953 0.0278553
0 0.837104 0.324055 0.107346 0.0964805
0 0.489283 0.398721 0.0310056 0.029746
0 0.179629 0.452397 0.0247555 0.0239711
0 0.459657 0.460377 0.0594596 0.0558011
0 0.984914 0.276608 0.0300721 0.0433732
0 0.205144 0.621702 0.0648685 0.0606936
0 0.35482 0.0183659 0.0326166 0.0320391
0 0.257301 0.0235163 0.0309362 0.0303104
0 0.839854 0.478538 0.0374425 0.0352461
0 0.00336889 0.173441 0.00673777 0.0262714
0 0.803259 0.762056 0.0323712 0.0294853
0 0.21097 0.610802 0.0505698 0.0474249
0 0.500895 0.720438 0.0498991 0.0490583
0 0.868846 0.495677 0.0261129 0.0247916
0 0.0980224 0.716913 0.0469832 0.0440828
0 0.922989 0.532675 0.0691388 0.0658345
0 0.611865 0.630755 0.0390402 0.0367286
0 0.0408191 0.0663171 0.026933 0.0263381
0 0.636909 0.732508 0.0588224 0.0545724
0 0.266433 0.31826 0.0254169 0.0245411
0 0.197429 0.523689 0.0355 0.0348116
0 0.744539 0.180574 0.510923 0.360498
0 0.139959 0.0783172 0.0265251 0.0260742
0 0.199429 0.633782 0.0501093 0.0468798
0 0.0408572 0.553931 0.0795453 0.410604
0 0.522045 0.362697 0.0346029 0.0324738
0 0.248211 0.133205 0.0417549 0.0403997
0 0.250526 0.548186 0.0334039 0.0317118
0 0.979081 0.8665 0.0416429 0.0517513
0 0.789933 0.747141 0.420133 0.505719
0 0.364622 0.9798 0.0389804 0.0359858
0 0.538321 0.963382 0.0667164 0.0597716
