0 0.841417 0.310177 0.0860562 0.0830227
0 0.282362 0.657504 0.0288829 0.0278055
0 0.692821 0.578577 0.0320382 0.0310903
0 0.302272 0.622515 0.0293785 0.0282123
0 0.711268 0.351201 0.0779114 0.0738127
0 0.829834 0.820664 0.340331 0.357908
0 0.321902 0.729156 0.0300781 0.0292192
0 0.804245 0.553043 0.0365791 0.0354106
0 0.096242 0.161717 0.0330614 0.0317881
0 0.0395663 0.584659 0.0310105 0.0300021
0 0.270143 0.437529 0.0244213 0.0236881
0 0.237039 0.525253 0.0254897 0.025078
0 0.323953 0.374519 0.0286436 0.0279648
0 0.94352 0.102975 0.0300024 0.0290468
0 0.782557 0.430662 0.0278525 0.0267656
0 0.358456 0.842196 0.0277627 0.0276878
0 0.958118 0.218079 0.0278244 0.0268222
0 0.174896 0.0648978 0.030912 0.0302293
0 0.985953 0.953708 0.0254559 0.0241296
0 0.971679 0.309154 0.0333541 0.0319898
0 0.958113 0.0757942 0.028912 0.0282298
0 0.660018 0.643788 0.0234327 0.0229969
0 0.444203 0.233734 0.574837 0.467467
0 0.528769 0.471309 0.0413936 0.0408459
0 0.0280902 0.981125 0.0561804 0.0377498
0 0.904377 0.460477 0.0257878 0.0256936
0 0.872425 0.355368 0.0246242 0.0249838
0 0.0665114 0.994309 0.0238711 0.011382
0 0.918317 0.321046 0.0456744 0.0441655
0 0.601989 0.293431 0.162956 0.153603
0 0.875201 0.626632 0.0313826 0.0300262
0 0.0211003 0.290144 0.0422006 0.0531213
0 0.439333 0.177888 0.0336264 0.0326572
0 0.626018 0.477017 0.0379054 0.0369259
0 0.465756 0.231624 0.119262 0.111528
0 0.0954471 0.619361 0.0232645 0.0224442
0 0.820061 0.370461 0.0762293 0.0740993
0 0.481884 0.146154 0.0522647 0.05136
0 0.556128 0.705395 0.0235729 0.02317
