0 0.411178 0.425204 0.100812 0.0815253
0 0.415383 0.168109 0.0721697 0.0572976
0 0.795134 0.505978 0.348557 0.259764
0 0.576812 0.349647 0.062341 0.0505063
0 0.267558 0.823505 0.060973 0.0492775
0 0.384623 0.304871 0.0535464 0.043065
0 0.149301 0.153651 0.0559116 0.0466416
0 0.619745 0.166342 0.179908 0.143987
0 0.898411 0.592361 0.0683222 0.0551906
0 0.544349 0.55158 0.0324779 0.0267291
0 0.493452 0.261315 0.0449535 0.035431
0 0.0186443 0.32488 0.0372886 0.14285
0 0.47877 0.305885 0.0336503 0.0273802
0 0.617355 0.670512 0.0419938 0.0330896
0 0.233488 0.981375 0.0461484 0.0353936
0 0.618271 0.576346 0.0373695 0.0302861
0 0.664771 0.624036 0.030113 0.0252659
0 0.474059 0.0787426 0.0303157 0.0242036
0 0.485531 0.143791 0.0430903 0.0332466
0 0.822744 0.887174 0.0538106 0.0428643
0 0.27613 0.19786 0.0352767 0.0275413
0 0.398929 0.572668 0.0646494 0.0523201
0 0.609683 0.475598 0.0484847 0.0380865
0 0.841533 0.619992 0.0329615 0.0267739
0 0.17853 0.50391 0.0290713 0.0244851
0 0.276281 0.0936146 0.285431 0.186404
0 0.626495 0.920338 0.0339065 0.0258722
0 0.139097 0.933188 0.0388282 0.0299438
0 0.447823 0.748787 0.029839 0.0236738
0 0.593429 0.515643 0.0401714 0.0318918
0 0.151712 0.522809 0.0283776 0.0246193
0 0.626579 0.784006 0.0370377 0.0296953
0 0.441529 0.739058 0.45991 0.471998
0 0.290636 0.661442 0.0336194 0.0283511
0 0.533142 0.965935 0.0274859 0.0228065
0 0.0870246 0.744801 0.0318849 0.026773
0 0.527507 0.112142 0.0452683 0.0364234
0 0.986212 0.378935 0.0271305 0.0655503
0 0.127195 0.593538 0.0253669 0.0221694
0 0.143653 0.657359 0.0265406 0.0229811
0 0.40284 0.023509 0.243816 0.0468766
0 0.224066 0.362105 0.0375583 0.0297947
0 0.602937 0.234598 0.0442472 0.0356097
0 0.55953 0.3104 0.026969 0.0224047
0 0.538004 0.077922 0.0281987 0.0231119
0 0.675383 0.121044 0.101275 0.0858201
0 0.524023 0.342667 0.0388887 0.0317082
0 0.365537 0.568786 0.027521 0.0231709
0 0.126067 0.474151 0.0361729 0.0295617
