0 0.152739 0.759564 0.305477 0.31021
0 0.77429 0.0670194 0.0415978 0.0400798
0 0.535194 0.38494 0.317259 0.326301
0 0.5046 0.707453 0.0285035 0.027643
0 0.883971 0.736576 0.0542973 0.0514433
0 0.154604 0.969664 0.032203 0.0314381
0 0.579308 0.120209 0.0509756 0.0480869
0 0.98033 0.248475 0.0379796 0.036716
0 0.772338 0.748769 0.439857 0.47128
0 0.0505198 0.475857 0.0579027 0.0544915
0 0.369257 0.926528 0.0417564 0.0412612
0 0.65181 0.011456 0.0277586 0.0227885
0 0.60318 0.237965 0.031041 0.0292103
0 0.505805 0.989243 0.0326079 0.0215143
0 0.738955 0.85854 0.0909401 0.0839401
0 0.803266 0.200444 0.0338158 0.0327516
0 0.88882 0.514649 0.0332889 0.0323755
0 0.00773866 0.477655 0.0154207 0.0463262
0 0.902314 0.363901 0.0289335 0.0285958
0 0.834647 0.325522 0.0392141 0.0380313
0 0.925651 0.615563 0.0746451 0.0712317
0 0.152082 0.596205 0.0407954 0.0397696
0 0.72689 0.0873803 0.0548744 0.0514058
0 0.319247 0.525577 0.0399964 0.038023
0 0.218422 0.613411 0.0302664 0.029017
0 0.20198 0.817872 0.0425706 0.0411844
0 0.338874 0.484684 0.0713298 0.0644426
0 0.0892039 0.318915 0.0511185 0.0496496
0 0.579579 0.269646 0.0251038 0.0238019
