0 0.241162 0.120349 0.130617 0.104228
0 0.237825 0.210941 0.115749 0.0886203
0 0.500945 0.477872 0.0643966 0.0480505
0 0.299724 0.743267 0.111282 0.0880046
0 0.812012 0.0818987 0.375975 0.162474
0 0.584059 0.641105 0.048993 0.0381494
0 0.152365 0.238728 0.0593019 0.0445622
0 0.625787 0.011102 0.0292593 0.0221194
0 0.39131 0.796434 0.116614 0.0905618
0 0.121277 0.828493 0.0624791 0.0497943
0 0.14238 0.18675 0.10627 0.0792218
0 0.946898 0.415351 0.0336783 0.0258599
0 0.833038 0.255206 0.09496 0.0705032
0 0.231896 0.0163279 0.0707904 0.032632
0 0.513835 0.66042 0.0849181 0.0650349
0 0.61005 0.911651 0.06369 0.0493553
0 0.706042 0.327619 0.0379982 0.027288
0 0.908779 0.25314 0.0419574 0.0308853
0 0.277701 0.167989 0.0364462 0.0274662
0 0.503554 0.256462 0.152603 0.110574
0 0.935367 0.934315 0.0297165 0.0234568
0 0.565716 0.416915 0.0670403 0.0497216
0 0.520426 0.866088 0.0413156 0.0308463
0 0.296458 0.57833 0.401072 0.262097
0 0.337013 0.85077 0.0581053 0.0462077
0 0.232606 0.473115 0.048358 0.0361657
0 0.125686 0.684731 0.0304073 0.0239727
0 0.0779116 0.656003 0.155427 0.176921
0 0.781523 0.29827 0.133573 0.100767
0 0.153037 0.369224 0.306074 0.28622
0 0.00945372 0.535569 0.0189032 0.108079
0 0.877068 0.776835 0.0388607 0.0292408
0 0.370069 0.727056 0.0718202 0.0549142
0 0.811584 0.343193 0.0694623 0.0505983
0 0.482221 0.982602 0.0612373 0.0347952
0 0.939744 0.452312 0.119544 0.104324
0 0.642804 0.514157 0.113639 0.0891416
0 0.699936 0.145977 0.0396104 0.0296276
0 0.611154 0.336374 0.0358509 0.025735
0 0.891455 0.502296 0.0396214 0.0307763
0 0.663884 0.295385 0.052609 0.040019
0 0.567443 0.171706 0.0313859 0.0247953
0 0.611608 0.162918 0.0289819 0.0232416
0 0.82496 0.428167 0.0457848 0.0337131
0 0.31123 0.896454 0.0808729 0.0655074
0 0.452592 0.437896 0.0507354 0.0383962
0 0.173276 0.943949 0.346551 0.111018
0 0.405058 0.380673 0.233106 0.167763
0 0.54719 0.981586 0.0584329 0.0368277
0 0.796384 0.30218 0.159103 0.11981
0 0.481247 0.593194 0.0473069 0.0356281
