0 0.623477 0.763394 0.0414772 0.0367746
0 0.106447 0.681693 0.0483025 0.044621
0 0.75685 0.431978 0.0320757 0.0289756
0 0.674288 0.599149 0.0326037 0.0296822
0 0.236012 0.805964 0.0333473 0.0316935
0 0.112147 0.534537 0.0424316 0.0381359
0 0.824619 0.417033 0.0292998 0.0271033
0 0.234335 0.354047 0.0249828 0.0233473
0 0.105386 0.836451 0.0261424 0.024359
0 0.719355 0.830755 0.02415 0.0222855
0 0.560911 0.468472 0.025451 0.0233854
0 0.128177 0.5607 0.0346591 0.0326964
0 0.772098 0.550681 0.024056 0.0225437
0 0.553322 0.810135 0.0244323 0.022241
0 0.0150319 0.247255 0.0240702 0.0226253
0 0.5993 0.577342 0.0237248 0.022219
0 0.208729 0.340999 0.0230324 0.0215656
0 0.561401 0.142723 0.0241749 0.0227304
0 0.640025 0.443805 0.05626 0.0523584
0 0.747565 0.913302 0.0230317 0.0217228
0 0.241275 0.00414342 0.0291296 0.00826086
0 0.0975087 0.823422 0.0242849 0.0228062
0 0.494558 0.0910051 0.0229757 0.0218509
0 0.726352 0.612195 0.0234962 0.0215449
0 0.904316 0.346028 0.0247383 0.0239734
