0 0.135268 0.105529 0.0351638 0.0289355
0 0.570762 0.328512 0.0338769 0.0274339
0 0.441689 0.752987 0.0442978 0.0390952
0 0.877281 0.897843 0.0340996 0.0280256
0 0.41432 0.657358 0.0332987 0.028307
0 0.494963 0.632693 0.0282114 0.0242805
0 0.430763 0.83889 0.0444818 0.0389207
0 0.243819 0.632828 0.0326021 0.0263453
0 0.516293 0.402252 0.0278234 0.0223377
0 0.461839 0.831308 0.0375978 0.0328943
0 0.548836 0.388602 0.0272667 0.0221415
0 0.364576 0.993509 0.0385579 0.0129813
0 0.206197 0.433974 0.0259551 0.021829
0 0.467371 0.775847 0.0245598 0.0214934
0 0.43999 0.908093 0.0254128 0.0231667
