0 0.95959 0.0822302 0.0808193 0.0875147
0 0.782371 0.627855 0.029562 0.0277591
0 0.728636 0.502458 0.0290763 0.0281777
0 0.573854 0.450664 0.0403759 0.037761
0 0.755249 0.317877 0.0269363 0.0257523
0 0.482677 0.499048 0.0241531 0.0234925
0 0.223382 0.310104 0.0264449 0.0254268
0 0.0834768 0.914812 0.166954 0.169316
0 0.645949 0.415336 0.0312125 0.030391
0 0.996466 0.907021 0.00706787 0.0276873
0 0.0516664 0.691288 0.031999 0.0283504
0 0.498429 0.629916 0.026832 0.0256273
0 0.504793 0.793144 0.029225 0.027919
0 0.959515 0.0375419 0.080564 0.0750838
0 0.135064 0.503004 0.0818073 0.0761122
0 0.70891 0.0280208 0.0231625 0.0228391
0 0.820946 0.602613 0.02398 0.0229527
0 0.790074 0.555781 0.0357246 0.0348519
0 0.0232468 0.195974 0.0259025 0.0243109
0 0.189323 0.586309 0.0389739 0.0358319
0 0.00561393 0.691945 0.0112279 0.0327123
0 0.528787 0.609632 0.0238767 0.0227054
0 0.495038 0.830738 0.0271929 0.0260932
0 0.947982 0.546754 0.025208 0.0245099
