0 0.507334 0.643168 0.0375611 0.0360506
0 0.316019 0.944052 0.038673 0.037946
0 0.852147 0.39564 0.0555299 0.0501656
0 0.549814 0.302433 0.0421844 0.0397737
0 0.433229 0.556989 0.0346204 0.0334699
0 0.521395 0.0332087 0.033777 0.0313835
0 0.803657 0.624796 0.0316949 0.0296923
0 0.847887 0.485107 0.0358089 0.0334791
0 0.780226 0.60254 0.0310423 0.0293434
0 0.461314 0.480475 0.0434631 0.0421647
0 0.114714 0.0864471 0.0270065 0.0266202
0 0.203099 0.153902 0.0259495 0.0252418
0 0.162579 0.0154722 0.0467173 0.0309444
0 0.550566 0.00497042 0.030352 0.00991434
0 0.400707 0.880369 0.0245961 0.02402
0 0.590659 0.951998 0.0266074 0.0257003
0 0.338006 0.107956 0.0260553 0.025453
0 0.109554 0.755988 0.024799 0.0243216
0 0.487957 0.376279 0.0344419 0.033235
0 0.238246 0.155101 0.0247391 0.023965
0 0.310707 0.281735 0.0828227 0.0803412
0 0.138091 0.638688 0.0232329 0.0226681
0 0.694942 0.383943 0.0251527 0.0237901
0 0.687101 0.828603 0.0407209 0.0384235
0 0.381774 0.143371 0.0309552 0.0302538
0 0.948318 0.369785 0.0259083 0.0247036
0 0.570366 0.623395 0.026845 0.0261614
0 0.341133 0.557215 0.0239862 0.0228386
0 0.208746 0.690835 0.0236099 0.0230771
0 0.106702 0.178267 0.0245746 0.0241176
0 0.427253 0.841496 0.0271465 0.0262613
0 0.71398 0.435624 0.0246977 0.0234254
0 0.980968 0.683155 0.0229074 0.0220411
0 0.919851 0.127295 0.0234215 0.0223037
0 0.81196 0.0925321 0.0595536 0.0557074
0 0.26287 0.706007 0.0222924 0.022212
