0 0.763102 0.222487 0.430864 0.348394
0 0.0621738 0.727802 0.0999444 0.0808676
0 0.648081 0.393857 0.46126 0.354704
0 0.329471 0.952798 0.0710964 0.0571177
0 0.176754 0.408835 0.0356989 0.0302967
0 0.0576874 0.822109 0.0399907 0.0309887
0 0.29287 0.334866 0.0378816 0.032636
0 0.342889 0.260452 0.045601 0.0398008
0 0.185993 0.261288 0.0358652 0.0314187
0 0.938493 0.808625 0.0543777 0.042063
0 0.0808264 0.450021 0.0308593 0.0267359
0 0.785896 0.765535 0.0434703 0.0337672
0 0.691773 0.698496 0.0574805 0.0444436
0 0.86484 0.939663 0.26945 0.120674
0 0.0739164 0.427318 0.104195 0.0901573
0 0.445043 0.871329 0.0306778 0.0249655
0 0.386409 0.268591 0.0307411 0.0272356
0 0.558758 0.0289614 0.0240154 0.0224212
0 0.173564 0.652106 0.0293613 0.0238267
0 0.335913 0.20208 0.0254846 0.0227702
0 0.969028 0.62132 0.0613472 0.0625267
0 0.732941 0.797861 0.0280839 0.0227184
0 0.595925 0.711965 0.0398756 0.0302341
