0 0.931845 0.646556 0.124678 0.0988084
0 0.747026 0.0304607 0.0710694 0.0533221
0 0.967199 0.902245 0.0654443 0.0652941
0 0.961879 0.313607 0.0762424 0.0648536
0 0.717418 0.744306 0.0945745 0.0684774
0 0.622488 0.956102 0.103137 0.078274
0 0.831349 0.041587 0.089445 0.0645445
0 0.556422 0.875942 0.0596402 0.0440674
0 0.925313 0.611745 0.0368849 0.0298448
0 0.976068 0.36778 0.0476694 0.0442183
0 0.442713 0.844302 0.0772587 0.0578722
0 0.586678 0.842668 0.0492314 0.0372157
0 0.944103 0.445463 0.111793 0.151092
0 0.849294 0.95675 0.0453396 0.0338774
0 0.58343 0.806865 0.0421885 0.0316164
0 0.285924 0.581119 0.0474785 0.0372122
0 0.799344 0.0676266 0.0736282 0.0524806
0 0.839979 0.690968 0.0823266 0.0643489
0 0.642907 0.224549 0.0510845 0.0431568
0 0.537494 0.102947 0.0377395 0.0298519
0 0.35451 0.852574 0.0773179 0.0576051
0 0.922521 0.215965 0.0357221 0.0272481
0 0.387542 0.656138 0.0355528 0.0270798
0 0.742974 0.71756 0.0336509 0.0251746
0 0.884998 0.983761 0.0714839 0.0324752
0 0.536756 0.779489 0.0548428 0.0424549
0 0.202385 0.622689 0.0916892 0.0683788
0 0.783094 0.114615 0.0541875 0.0430367
0 0.902847 0.313946 0.0398882 0.0313916
0 0.953672 0.963536 0.0532017 0.0411198
0 0.154521 0.216854 0.0807472 0.0560512
