0 0.760017 0.137778 0.36519 0.275349
0 0.815325 0.193431 0.0693476 0.0586759
0 0.296018 0.947214 0.133935 0.105572
0 0.479139 0.500945 0.0524222 0.044252
0 0.409525 0.812617 0.0806199 0.0725328
0 0.903579 0.276001 0.0458324 0.0400937
0 0.0289132 0.93717 0.0395098 0.0328944
0 0.117159 0.184746 0.028626 0.0255671
0 0.625474 0.860968 0.0430503 0.0371207
0 0.60813 0.883326 0.0394084 0.0340315
0 0.896541 0.212362 0.0394332 0.0342252
0 0.770005 0.58357 0.0291317 0.025843
0 0.542593 0.525049 0.0270729 0.0230921
0 0.708836 0.906804 0.0393221 0.0348269
0 0.697709 0.960485 0.0816079 0.06931
0 0.519478 0.74028 0.0306709 0.027257
0 0.978589 0.807213 0.0419307 0.039819
0 0.326474 0.824764 0.0724818 0.0674789
0 0.829112 0.303474 0.0312438 0.0274423
0 0.1904 0.764497 0.0309135 0.0265204
0 0.440926 0.646671 0.0452254 0.0399134
0 0.0885545 0.212814 0.0252664 0.0227515
0 0.446882 0.951028 0.0589224 0.0535443
0 0.241568 0.0716357 0.0232284 0.0210991
0 0.626421 0.547533 0.0285287 0.0246401
0 0.358643 0.747237 0.0982291 0.0869968
0 0.664905 0.983124 0.0662518 0.0337529
0 0.178052 0.477844 0.0246227 0.0223141
0 0.941675 0.0371188 0.0860577 0.0739552
0 0.99441 0.205105 0.0111794 0.0264227
0 0.930828 0.540628 0.0271837 0.0234837
0 0.468477 0.787027 0.0659925 0.0602062
0 0.413485 0.0321064 0.265887 0.0639987
0 0.605657 0.986317 0.0450492 0.0273663
0 0.58787 0.0271893 0.153778 0.054321
0 0.725001 0.87153 0.032483 0.028405
