0 0.796363 0.481691 0.373632 0.371238
0 0.980294 0.354239 0.0394116 0.051362
0 0.239435 0.171928 0.0381489 0.0375949
0 0.845294 0.0768085 0.0300866 0.0298361
0 0.33222 0.0642126 0.03554 0.0348093
0 0.428817 0.368872 0.0304578 0.0304037
0 0.554417 0.218599 0.0266228 0.0264672
0 0.472197 0.31088 0.0259049 0.0254377
0 0.421731 0.134466 0.0319496 0.0316302
0 0.297012 0.291444 0.0455294 0.0452542
0 0.139492 0.192897 0.0344296 0.0342458
0 0.780063 0.440706 0.0283884 0.0278406
0 0.604779 0.786053 0.0303219 0.0296502
0 0.131704 0.0598726 0.0271408 0.0267628
0 0.251328 0.213183 0.033482 0.0331786
0 0.139135 0.0935621 0.0241 0.023938
0 0.605623 0.732641 0.0250888 0.02538
0 0.101202 0.388918 0.0555873 0.0544909
0 0.447626 0.015013 0.0255228 0.0257478
0 0.28504 0.260545 0.0280957 0.0279468
0 0.744454 0.588325 0.024195 0.0236893
0 0.357844 0.103817 0.0228734 0.0226669
0 0.794098 0.167016 0.0230622 0.0231816
0 0.289901 0.226413 0.0292526 0.0276312
0 0.313369 0.31908 0.0245151 0.0242778
0 0.415971 0.00448479 0.0264443 0.00896959
0 0.00396337 0.0607082 0.00792674 0.0286314
0 0.409372 0.021576 0.0253447 0.0251744
0 0.339118 0.363857 0.0274331 0.0266652
0 0.611206 0.167825 0.022368 0.0222445
