0 0.426736 0.317501 0.156 0.133974
0 0.484337 0.833673 0.120826 0.102204
0 0.438185 0.796359 0.0896285 0.0751759
0 0.171905 0.460639 0.103164 0.086775
0 0.0765586 0.544436 0.153117 0.167862
0 0.897427 0.267442 0.0603852 0.0496357
0 0.323881 0.110348 0.0757563 0.063714
0 0.475033 0.0709955 0.0343099 0.0291667
0 0.530433 0.0374189 0.0663449 0.0568781
0 0.514599 0.577802 0.0420636 0.0330794
0 0.281589 0.540462 0.0779405 0.0652952
0 0.659205 0.112521 0.0921619 0.0791722
0 0.723401 0.930453 0.0688219 0.0584059
0 0.80992 0.200181 0.0721915 0.0626648
0 0.679608 0.0612736 0.0993177 0.085554
0 0.0948482 0.783337 0.0537299 0.0449931
0 0.478152 0.576884 0.0332162 0.0275053
0 0.519371 0.548158 0.032912 0.0269677
0 0.317347 0.490074 0.0609848 0.0516304
0 0.5776 0.951176 0.0551093 0.0452877
0 0.481845 0.937269 0.0500908 0.0411009
0 0.540989 0.869219 0.0304707 0.0248701
0 0.370957 0.567565 0.03404 0.0287399
0 0.373838 0.990744 0.0638514 0.0184277
0 0.238334 0.688837 0.0391042 0.0331741
0 0.527062 0.941699 0.0402462 0.0330138
0 0.702539 0.754046 0.0456171 0.0372322
0 0.700334 0.0213443 0.0884705 0.0426723
0 0.293702 0.793176 0.0732209 0.0611613
0 0.23733 0.416469 0.0609572 0.0512496
0 0.341577 0.759483 0.0509175 0.0426002
0 0.281676 0.864074 0.0468202 0.0384215
0 0.467874 0.0124765 0.0263072 0.023137
0 0.479607 0.213162 0.027535 0.0231297
0 0.51377 0.50099 0.0745236 0.06148
0 0.284483 0.895243 0.0476539 0.0414521
0 0.446986 0.105675 0.0689261 0.0586298
0 0.97691 0.00564976 0.0274565 0.0112885
0 0.32312 0.680646 0.0410008 0.0348507
0 0.550835 0.548814 0.0313947 0.0255024
0 0.32669 0.976202 0.0468432 0.0393876
0 0.806923 0.635015 0.0263879 0.022071
0 0.599904 0.98744 0.0412667 0.0249949
0 0.256338 0.755831 0.0320501 0.0269823
0 0.226897 0.0719464 0.0562823 0.0473633
0 0.837076 0.101997 0.0341341 0.0297744
0 0.164802 0.706211 0.0533457 0.0452466
0 0.638487 0.554368 0.0775312 0.0636503
0 0.301331 0.712842 0.0311435 0.0259717
0 0.218842 0.52338 0.0510606 0.0430098
0 0.307406 0.280945 0.0551458 0.0469584
0 0.429264 0.52604 0.0438416 0.036463
0 0.00288952 0.147163 0.00577903 0.0303331
0 0.644524 0.931728 0.0352588 0.029377
0 0.93592 0.0368084 0.0348444 0.0292224
0 0.411757 0.560524 0.0425034 0.0369029
0 0.730265 0.276592 0.048498 0.0411097
0 0.552468 0.979863 0.0293338 0.024738
0 0.163125 0.540918 0.0735327 0.0624225
