0 0.670189 0.784408 0.137346 0.115849
0 0.797884 0.244367 0.0958567 0.0787972
0 0.920146 0.861413 0.159363 0.137775
0 0.917308 0.57969 0.165383 0.156573
0 0.887816 0.746664 0.126148 0.104464
0 0.699522 0.292088 0.566038 0.490738
0 0.719537 0.0373788 0.12078 0.0745919
0 0.833997 0.326035 0.0523149 0.0434744
0 0.316032 0.72519 0.0594595 0.0500271
0 0.950804 0.231943 0.0831766 0.0655455
0 0.928754 0.015207 0.0430449 0.0302958
0 0.955269 0.0778534 0.0604572 0.0485784
0 0.14396 0.0587249 0.0373273 0.03202
0 0.665232 0.473591 0.143522 0.120893
0 0.671191 0.528417 0.0404027 0.03369
0 0.475699 0.896869 0.0587171 0.0478476
0 0.0211001 0.09893 0.0296221 0.0259527
0 0.45465 0.12221 0.0309767 0.0261024
0 0.987133 0.120702 0.0257008 0.027402
0 0.0543574 0.371851 0.0320855 0.0287148
0 0.0190379 0.0597051 0.033873 0.0298347
0 0.17792 0.447182 0.0294759 0.0265174
0 0.641304 0.649188 0.06881 0.0568086
0 0.983458 0.264253 0.0324574 0.027689
0 0.402178 0.862036 0.0323484 0.0257576
0 0.228819 0.253091 0.0327195 0.0293556
0 0.65155 0.686805 0.0267653 0.0229076
0 0.075666 0.570485 0.0268217 0.0243979
0 0.54186 0.710324 0.0481141 0.040184
0 0.612753 0.960904 0.0442792 0.0365267
0 0.559367 0.625502 0.0441761 0.0365207
0 0.326566 0.0642152 0.0248959 0.0221469
0 0.349075 0.628711 0.0986479 0.0826385
0 0.193196 0.682632 0.0330963 0.0276021
0 0.691053 0.63632 0.0336116 0.0279655
0 0.0173371 0.304147 0.0346659 0.0428431
0 0.579031 0.980683 0.0398098 0.0332799
0 0.114346 0.611527 0.0243973 0.0213904
0 0.985063 0.0982978 0.0274123 0.0222903
0 0.841111 0.992329 0.0303089 0.0153429
0 0.532145 0.898044 0.0392399 0.031265
0 0.983293 0.00323325 0.0276773 0.00640085
0 0.748806 0.579276 0.0339413 0.028044
0 0.23997 0.620103 0.0265118 0.0226588
0 0.661501 0.159884 0.0252647 0.021582
0 0.0152522 0.377493 0.0304726 0.16251
0 0.613271 0.89276 0.231321 0.198606
0 0.0719082 0.28207 0.0300095 0.0274913
0 0.94414 0.95257 0.0382755 0.0321033
