0 0.084052 0.248436 0.168104 0.147971
0 0.24327 0.276887 0.141115 0.107347
0 0.688727 0.635454 0.279563 0.1977
0 0.855869 0.258394 0.166795 0.121123
0 0.732022 0.203126 0.0466811 0.0359159
0 0.785542 0.524985 0.203268 0.160244
0 0.547229 0.550482 0.0874124 0.0647254
0 0.0455948 0.968139 0.0910147 0.0637225
0 0.479403 0.833951 0.0765984 0.058419
0 0.138369 0.647914 0.037918 0.0288391
0 0.979529 0.242084 0.0409412 0.0595835
0 0.0966183 0.470982 0.0544019 0.0409584
0 0.732359 0.842932 0.0548045 0.0423084
0 0.0289686 0.41035 0.0578636 0.0648663
0 0.336801 0.175573 0.0718439 0.0571779
0 0.117161 0.931944 0.119113 0.089221
0 0.514438 0.743611 0.127212 0.0978426
0 0.782459 0.316806 0.138024 0.10576
0 0.0547744 0.747604 0.109549 0.262894
0 0.559545 0.904171 0.0752386 0.0569711
0 0.501632 0.793348 0.0649496 0.0510489
0 0.677638 0.116827 0.0299523 0.0227127
0 0.168518 0.977362 0.054166 0.0401235
0 0.691033 0.331959 0.0429146 0.0333061
0 0.921762 0.646224 0.0495448 0.0374193
0 0.213206 0.499749 0.211746 0.150393
0 0.706457 0.181195 0.03179 0.0236683
0 0.305412 0.757522 0.0322837 0.024368
0 0.56198 0.77796 0.039099 0.0285826
0 0.440195 0.90972 0.0297269 0.0230181
0 0.213123 0.0955972 0.0317815 0.0251503
0 0.209667 0.847399 0.0308723 0.0229914
0 0.0305831 0.884797 0.0540339 0.0418053
0 0.59549 0.795957 0.198083 0.144371
0 0.0159528 0.0135502 0.0318801 0.0271004
0 0.341344 0.354801 0.0809327 0.0626406
0 0.777561 0.982258 0.0844861 0.0354842
0 0.344343 0.856416 0.0315455 0.0238812
0 0.242583 0.0755682 0.0367329 0.0290989
0 0.490384 0.647405 0.113363 0.0841651
0 0.50461 0.980124 0.0670611 0.0392146
0 0.612107 0.726614 0.0502827 0.0385301
0 0.420899 0.880476 0.0286831 0.0221691
0 0.91196 0.382737 0.176081 0.18306
0 0.0142501 0.587033 0.0285002 0.0343628
0 0.877136 0.957589 0.043656 0.0325068
0 0.511276 0.170697 0.0309257 0.0238591
0 0.424806 0.595771 0.109786 0.0841576
0 0.569146 0.430033 0.108969 0.0842243
0 0.151559 0.394343 0.13677 0.0960898
0 0.143989 0.427782 0.0555611 0.0413313
0 0.375008 0.872848 0.0356022 0.0260458
0 0.915591 0.200564 0.0385421 0.0297026
0 0.526203 0.65695 0.176075 0.126015
0 0.373412 0.478266 0.0291688 0.0221612
0 0.577157 0.462121 0.0585521 0.0445762
0 0.486373 0.442551 0.0445778 0.0343925
0 0.99307 0.593453 0.0138602 0.0296011
0 0.211357 0.944824 0.0278147 0.0213449
0 0.650762 0.35075 0.0587692 0.0462742
0 0.170015 0.128481 0.028174 0.0226386
