0 0.233011 0.110811 0.0983553 0.0875542
0 0.898567 0.853683 0.0525312 0.0452585
0 0.102314 0.28119 0.0631192 0.0557114
0 0.728339 0.531778 0.0512276 0.043563
0 0.149005 0.210645 0.0460476 0.0404843
0 0.383757 0.584292 0.0600677 0.0514732
0 0.788308 0.848942 0.0377403 0.0329928
0 0.345004 0.817658 0.074159 0.0654905
0 0.328352 0.547278 0.0359846 0.0312493
0 0.632145 0.500307 0.0420505 0.0353106
0 0.603161 0.659929 0.0384595 0.0337685
0 0.597973 0.530384 0.0322063 0.0284865
0 0.431189 0.178734 0.031242 0.028258
0 0.636809 0.625113 0.0338938 0.0293717
0 0.602961 0.241439 0.0328381 0.0288393
0 0.60863 0.477737 0.0327655 0.0287169
0 0.716667 0.0248463 0.0409088 0.0380338
0 0.624866 0.582855 0.0396633 0.034283
0 0.451429 0.32094 0.0343448 0.0306045
0 0.877891 0.311893 0.0433909 0.0363801
0 0.70156 0.886272 0.0290456 0.0251455
0 0.424952 0.914002 0.153014 0.136016
0 0.555653 0.667344 0.0323987 0.0282447
0 0.665127 0.529653 0.0358119 0.0313799
0 0.489492 0.714981 0.0304321 0.0269251
0 0.358572 0.401372 0.0279014 0.0248492
0 0.0516219 0.725026 0.0372835 0.0330642
0 0.522486 0.66788 0.0315435 0.0269439
0 0.156956 0.0127471 0.0291632 0.0252763
0 0.364734 0.654221 0.0686332 0.059363
0 0.918048 0.561112 0.0381364 0.0308187
0 0.439893 0.865165 0.0341533 0.0306906
0 0.815261 0.0165446 0.0275043 0.0261953
0 0.0304133 0.0587071 0.029279 0.0260981
0 0.0863383 0.0166544 0.0315403 0.0288098
0 0.943801 0.245862 0.0368592 0.033281
0 0.957602 0.534711 0.0847456 0.1183
0 0.437729 0.826516 0.036221 0.0321817
0 0.0523454 0.922613 0.0308736 0.0264219
0 0.958305 0.807139 0.0276713 0.0237932
0 0.986231 0.516047 0.0271148 0.0299257
0 0.984314 0.82293 0.0287313 0.0244032
0 0.429084 0.756599 0.0390287 0.0339761
0 0.522611 0.687709 0.0261304 0.0229456
0 0.744469 0.834216 0.0286481 0.0240303
0 0.306845 0.957645 0.0295007 0.0254278
0 0.122473 0.378322 0.0258932 0.0227789
0 0.051522 0.587726 0.0394925 0.0352982
0 0.903017 0.628659 0.0272938 0.0227721
0 0.279337 0.57963 0.0275436 0.0240005
0 0.0657098 0.569051 0.0357014 0.0323906
0 0.502592 0.100008 0.0242846 0.0226828
0 0.110925 0.530909 0.042428 0.0383854
0 0.519239 0.076621 0.0262604 0.0246848
0 0.178492 0.00511127 0.0283881 0.0102022
0 0.963075 0.622052 0.073851 0.0706394
0 0.0740498 0.35063 0.0271646 0.0234689
0 0.0804005 0.554351 0.0296753 0.0273318
0 0.560455 0.0985647 0.0246431 0.0234516
0 0.455911 0.0479025 0.0238061 0.0228493
0 0.401684 0.492048 0.0299498 0.0274711
0 0.332052 0.456562 0.0260871 0.0227394
0 0.521097 0.552437 0.0251886 0.0233963
0 0.660549 0.565075 0.0260537 0.0224051
0 0.725346 0.962455 0.0260975 0.0227222
0 0.395223 0.67433 0.0445104 0.0388377
0 0.179036 0.0639243 0.0370741 0.0340289
0 0.0231266 0.883405 0.0415997 0.0360054
0 0.648984 0.551803 0.026158 0.0224543
0 0.454655 0.991944 0.039618 0.0161119
0 0.628828 0.718034 0.0249996 0.0224516
0 0.865282 0.910372 0.0259741 0.0231618
0 0.00859316 0.817071 0.0171725 0.0373132
0 0.0892704 0.0549718 0.0242636 0.0224888
0 0.744754 0.331033 0.0246958 0.0225574
0 0.243269 0.984262 0.027127 0.0241745
