0 0.781363 0.526344 0.138293 0.113256
0 0.747553 0.231932 0.125784 0.0952099
0 0.378617 0.78738 0.115239 0.0944822
0 0.0567226 0.677539 0.108714 0.0923419
0 0.0405076 0.537895 0.0808512 0.095915
0 0.696929 0.918813 0.0640181 0.0514498
0 0.746859 0.616508 0.113638 0.0927863
0 0.948979 0.283113 0.102043 0.105956
0 0.299686 0.11543 0.071294 0.0568303
0 0.507378 0.885762 0.0821798 0.0673496
0 0.53722 0.0162898 0.0312266 0.0252983
0 0.160677 0.880277 0.112054 0.0903187
0 0.444314 0.648687 0.0353188 0.0291221
0 0.221618 0.347424 0.269823 0.208141
0 0.546346 0.157246 0.0625191 0.0500869
0 0.924004 0.504288 0.0417149 0.0318623
0 0.588157 0.690008 0.0328587 0.0259974
0 0.389982 0.880021 0.0316685 0.0258784
0 0.144134 0.287935 0.169266 0.139432
0 0.845846 0.797987 0.0518836 0.0401125
0 0.0989459 0.837206 0.0376694 0.0316723
0 0.678433 0.7768 0.0285662 0.0231037
0 0.0433065 0.737168 0.0390186 0.0324974
0 0.973899 0.804411 0.0522031 0.142283
0 0.843134 0.395864 0.0356469 0.0286547
0 0.496888 0.0417129 0.191653 0.0834066
0 0.970015 0.628356 0.0599222 0.0528689
0 0.506961 0.45285 0.0279813 0.0229683
0 0.00539682 0.374127 0.0107936 0.0274534
0 0.537256 0.0392312 0.113197 0.0784624
0 0.474102 0.117151 0.036852 0.0292245
0 0.0481349 0.821468 0.0959647 0.357065
0 0.460409 0.187946 0.0279037 0.0232131
0 0.581674 0.899642 0.0445905 0.0354003
0 0.864929 0.265116 0.0619402 0.0481577
0 0.830308 0.173412 0.0287306 0.022972
0 0.940822 0.2065 0.0404136 0.031021
0 0.924379 0.693487 0.0628941 0.050032
0 0.527794 0.470441 0.0295291 0.0236738
0 0.955306 0.114957 0.0358049 0.0271746
0 0.930498 0.637453 0.0292192 0.0229661
0 0.815756 0.281403 0.0463591 0.0367072
