0 0.176593 0.294203 0.342707 0.263404
0 0.220561 0.653264 0.070176 0.0538624
0 0.0512315 0.731664 0.0552326 0.0428352
0 0.0227176 0.63189 0.0454352 0.0470186
0 0.776079 0.663857 0.0771933 0.0641208
0 0.258031 0.0639311 0.322275 0.127405
0 0.201382 0.855853 0.0651358 0.0506419
0 0.0680289 0.543509 0.0359369 0.0273452
0 0.159927 0.892965 0.0382246 0.0297978
0 0.659294 0.20643 0.0285436 0.0233068
0 0.973818 0.686239 0.0521372 0.0696146
0 0.0653158 0.0490331 0.130282 0.0980662
0 0.567362 0.445892 0.332847 0.278632
0 0.42766 0.642187 0.0700995 0.0556974
0 0.143252 0.938949 0.0396302 0.0318847
0 0.490697 0.920183 0.042228 0.0339656
0 0.741359 0.520284 0.0523071 0.0423356
0 0.8741 0.703778 0.0305934 0.0251242
0 0.669185 0.612719 0.0328718 0.0271699
0 0.504651 0.630258 0.0547827 0.0445762
0 0.849426 0.639754 0.0820932 0.0650241
0 0.648615 0.524042 0.118071 0.0947836
0 0.409869 0.93999 0.0293497 0.0238331
0 0.975917 0.559982 0.0301812 0.0249043
0 0.345405 0.967947 0.0474721 0.0372708
0 0.0499807 0.589926 0.0354953 0.0263319
0 0.662728 0.800576 0.03137 0.0244796
0 0.606632 0.619267 0.0754335 0.0604978
0 0.794961 0.189817 0.116932 0.0894525
0 0.0533091 0.871897 0.106271 0.0943304
0 0.59433 0.813547 0.165914 0.134403
0 0.95325 0.611595 0.0934996 0.0906143
0 0.73867 0.18097 0.52266 0.360161
0 0.131718 0.849484 0.0697282 0.0524735
0 0.248946 0.586134 0.0638555 0.0486566
0 0.989658 0.375981 0.0206837 0.0295167
