0 0.379672 0.629647 0.0524379 0.0442967
0 0.13033 0.808729 0.0545486 0.0472088
0 0.354771 0.0517602 0.0719182 0.0582878
0 0.197943 0.0134919 0.0733696 0.0269838
0 0.533087 0.521153 0.0321045 0.0265214
0 0.895247 0.407038 0.0340513 0.0277432
0 0.0646389 0.0241171 0.0971403 0.0482278
0 0.908941 0.480039 0.0611307 0.0506091
0 0.879057 0.308107 0.0336232 0.0287022
0 0.896652 0.55273 0.0455112 0.039481
0 0.313829 0.203669 0.0428267 0.0345822
0 0.832418 0.00802924 0.0335683 0.0160585
0 0.92708 0.72396 0.0635592 0.0587165
0 0.768701 0.468838 0.0731571 0.0620503
0 0.558444 0.38072 0.0451121 0.0370476
0 0.689079 0.316798 0.0313827 0.0259752
0 0.881836 0.726438 0.0723805 0.0617769
0 0.876266 0.512064 0.0382275 0.0327191
0 0.641731 0.233016 0.0327365 0.0271847
0 0.939027 0.851854 0.0961177 0.080526
0 0.223102 0.126224 0.0300324 0.0247978
0 0.736154 0.767418 0.0317448 0.0275548
0 0.80984 0.496865 0.0276923 0.0232798
0 0.889987 0.824192 0.028672 0.0245211
0 0.303943 0.0184574 0.028501 0.0236322
0 0.595063 0.755407 0.0415373 0.0352612
0 0.835176 0.357306 0.0626762 0.0513302
0 0.506618 0.876705 0.0280112 0.0242383
0 0.77099 0.966954 0.0305674 0.0265622
0 0.245697 0.281671 0.0285281 0.0240458
0 0.250018 0.191061 0.0319484 0.0261143
0 0.00793599 0.280629 0.015872 0.0395571
0 0.702131 0.90082 0.0271977 0.0234756
0 0.664192 0.660411 0.0287193 0.0242543
0 0.0358536 0.744146 0.0389497 0.0348175
0 0.0533423 0.977604 0.032087 0.0280256
0 0.0530997 0.547232 0.066829 0.0561089
0 0.59934 0.786537 0.0285528 0.0241748
0 0.951672 0.495347 0.0375832 0.0305327
0 0.644423 0.818525 0.0260968 0.0225359
0 0.921941 0.397743 0.155812 0.197667
0 0.100216 0.826002 0.0753164 0.0684623
0 0.0135665 0.858492 0.0271178 0.031629
0 0.498396 0.447413 0.0275805 0.0231532
0 0.856386 0.918816 0.0334728 0.0285424
0 0.498382 0.467363 0.0298058 0.0251435
0 0.931117 0.567887 0.0330373 0.0289043
0 0.839353 0.735299 0.0356733 0.0305911
0 0.723019 0.431525 0.02829 0.0232956
0 0.969883 0.0734271 0.0560412 0.0483149
0 0.898288 0.182776 0.0261081 0.0220165
0 0.12992 0.609218 0.0380309 0.0314655
0 0.989118 0.118824 0.0215544 0.056292
0 0.983652 0.80172 0.0324563 0.036019
0 0.0396798 0.719719 0.0274705 0.0246628
0 0.647436 0.627036 0.0322088 0.0274823
0 0.676006 0.675834 0.0289321 0.0247819
0 0.565003 0.581114 0.0512206 0.0435581
0 0.380416 0.988957 0.0549348 0.022049
0 0.950295 0.00673719 0.0311258 0.0133632
0 0.0371612 0.368055 0.0249098 0.0212904
0 0.849716 0.906755 0.0563712 0.0506047
