0 0.755298 0.795919 0.469742 0.389787
0 0.073131 0.15773 0.0793311 0.068573
0 0.86857 0.38414 0.0571263 0.0501787
0 0.0925554 0.581641 0.0440966 0.0369179
0 0.985801 0.403144 0.0283984 0.0372566
0 0.279575 0.200399 0.0467528 0.0415593
0 0.158535 0.771796 0.0383501 0.0310855
0 0.516634 0.707876 0.0373038 0.0316596
0 0.337034 0.164271 0.0500286 0.0456734
0 0.279354 0.63424 0.0330495 0.0278536
0 0.100625 0.681915 0.0304255 0.0259921
0 0.138074 0.111252 0.0288301 0.0258368
0 0.308844 0.709608 0.0531021 0.0449619
0 0.631876 0.501848 0.0345898 0.0288862
0 0.342108 0.542991 0.0278537 0.023056
0 0.86106 0.662865 0.0332125 0.0285594
0 0.429109 0.973026 0.0297205 0.0256033
0 0.485886 0.231454 0.0305233 0.0264278
0 0.00724812 0.29379 0.0144962 0.0376662
0 0.219053 0.478331 0.0291651 0.025056
0 0.977653 0.240359 0.0427027 0.0394154
0 0.876592 0.113637 0.0343497 0.0315026
0 0.171759 0.715515 0.0273591 0.0228527
0 0.665542 0.561312 0.165611 0.135445
0 0.536449 0.434567 0.0290556 0.0238543
0 0.0998296 0.528146 0.0280301 0.0230746
0 0.992616 0.245631 0.0147687 0.0258747
0 0.816063 0.789236 0.0253511 0.022109
0 0.529853 0.752322 0.0468828 0.0393481
0 0.349601 0.972245 0.0531503 0.0443127
0 0.516812 0.828144 0.0446363 0.0371513
0 0.775411 0.418734 0.0284696 0.023467
0 0.127455 0.745002 0.0263036 0.0222665
0 0.918711 0.199121 0.0294536 0.0267823
0 0.301918 0.0068842 0.0381695 0.0137521
0 0.216634 0.244993 0.0251183 0.0220466
0 0.301624 0.853851 0.0272709 0.0232391
0 0.666022 0.283098 0.0347791 0.0289608
0 0.572605 0.259976 0.0254612 0.0225111
0 0.030575 0.0156834 0.0611499 0.0313668
0 0.638634 0.748955 0.0246991 0.0223174
0 0.328132 0.888887 0.0365593 0.031258
0 0.613679 0.785676 0.0271375 0.0228238
0 0.37322 0.838373 0.0262229 0.0230268
0 0.996869 0.51987 0.00626297 0.0236755
