0 0.346154 0.437719 0.0373771 0.0297597
0 0.773226 0.0628252 0.0313218 0.0259877
0 0.434436 0.279041 0.0376694 0.028254
0 0.393437 0.15541 0.0326524 0.0261379
0 0.419347 0.261216 0.0387022 0.0287186
0 0.121091 0.555998 0.0329998 0.0258824
0 0.206955 0.739816 0.0386739 0.0308237
0 0.820982 0.991187 0.028974 0.0176252
0 0.535969 0.80142 0.0290916 0.0246103
0 0.0980737 0.859397 0.0329929 0.0264494
0 0.739671 0.843132 0.0284309 0.0234685
0 0.125568 0.181055 0.0281286 0.0234088
0 0.122102 0.779255 0.0276736 0.0230351
0 0.690676 0.238117 0.0285065 0.023442
0 0.156201 0.70917 0.0270113 0.0228678
0 0.20962 0.544228 0.0280167 0.0230668
