0 0.202758 0.114973 0.118442 0.114179
0 0.164735 0.523307 0.0731518 0.0699155
0 0.113344 0.22911 0.0567744 0.0558755
0 0.712099 0.447073 0.0434523 0.0418959
0 0.16455 0.904565 0.0415658 0.0405519
0 0.497525 0.586021 0.0767274 0.074595
0 0.24004 0.542025 0.0372586 0.0362061
0 0.526817 0.490648 0.0387886 0.0375075
0 0.75965 0.949387 0.0364056 0.0356445
0 0.592075 0.144923 0.0357498 0.0346473
0 0.555227 0.0313436 0.0312787 0.0302601
0 0.659232 0.822711 0.0321294 0.0318009
0 0.593044 0.892509 0.0305545 0.0296929
0 0.518964 0.0952654 0.0275685 0.0265583
0 0.527718 0.399678 0.0286825 0.0281477
0 0.544911 0.423775 0.0283454 0.0276188
0 0.026594 0.462027 0.0321135 0.0310139
0 0.628281 0.900455 0.0271691 0.0266051
0 0.564145 0.13774 0.0259361 0.0248818
0 0.596264 0.702373 0.0243392 0.0237968
0 0.571441 0.942404 0.0300715 0.0296192
0 0.373185 0.0615112 0.02655 0.0253832
0 0.493512 0.743304 0.0257874 0.0253227
0 0.887312 0.665788 0.0300853 0.0290162
0 0.727683 0.521096 0.0297461 0.0287467
0 0.520765 0.543006 0.0247804 0.0245175
0 0.188455 0.763141 0.0254718 0.0245469
0 0.934924 0.48896 0.0311045 0.0308286
0 0.514789 0.379479 0.0248925 0.0239517
0 0.38332 0.040775 0.0240799 0.0233634
0 0.625649 0.988543 0.0270674 0.0229139
0 0.570096 0.811861 0.0236368 0.0230452
0 0.250186 0.87674 0.0274737 0.0266388
0 0.68099 0.950088 0.023562 0.0230677
0 0.590776 0.54775 0.0591312 0.0581779
0 0.191962 0.934385 0.0288044 0.0280349
0 0.0889824 0.268801 0.02431 0.0238939
0 0.920531 0.67967 0.0233887 0.0227225
0 0.278551 0.662008 0.0229699 0.0227264
0 0.579612 0.593873 0.0232832 0.0227993
0 0.171763 0.258951 0.0791533 0.078273
0 0.482786 0.664173 0.0267425 0.0263362
0 0.924003 0.467905 0.0296972 0.0287569
0 0.519866 0.701364 0.0330172 0.0325489
0 0.538286 0.559148 0.0359194 0.0354671
0 0.229824 0.962228 0.0227359 0.0223225
0 0.534227 0.0237303 0.0243412 0.0237447
0 0.602582 0.940439 0.0243311 0.0234611
0 0.580517 0.107397 0.0235794 0.0228728
0 0.264984 0.299442 0.0367454 0.0363361
0 0.665117 0.791138 0.0248468 0.0246455
