0 0.981866 0.0194765 0.0358933 0.0387498
0 0.531735 0.636702 0.0410661 0.0398326
0 0.982589 0.284817 0.0348219 0.0373322
0 0.623254 0.328985 0.0365448 0.0356327
0 0.840298 0.0929674 0.0356807 0.0346922
0 0.753181 0.522674 0.0328071 0.032114
0 0.85617 0.817843 0.0322253 0.0309176
0 0.89761 0.559297 0.0299777 0.0294702
0 0.693005 0.232739 0.0327876 0.0318882
0 0.628403 0.258527 0.0254022 0.0246936
0 0.715691 0.376584 0.0266783 0.0259665
0 0.983269 0.762691 0.0268483 0.0255869
0 0.587126 0.00779366 0.0249613 0.0155873
0 0.81455 0.365645 0.0241084 0.0233123
0 0.990376 0.739284 0.0191334 0.024308
0 0.789694 0.821213 0.0234928 0.0228529
0 0.839454 0.271557 0.0231614 0.0227001
0 0.807661 0.545368 0.023315 0.0227587
0 0.852346 0.597985 0.0264001 0.0254829
0 0.496207 0.102902 0.0250579 0.0240114
