0 0.517347 0.770009 0.32076 0.263273
0 0.254952 0.774526 0.15267 0.132594
0 0.327834 0.294886 0.0725957 0.0591621
0 0.203696 0.912561 0.13852 0.117473
0 0.817087 0.335429 0.0617935 0.0500807
0 0.432225 0.906273 0.0908409 0.0799791
0 0.507723 0.160065 0.0334546 0.0273986
0 0.164801 0.0100678 0.0394428 0.0201058
0 0.33092 0.051081 0.0324197 0.0269595
0 0.096698 0.183868 0.0317505 0.0266968
0 0.297776 0.479473 0.0302618 0.0253074
0 0.268512 0.758578 0.0341887 0.0296101
0 0.312251 0.919908 0.0944686 0.0785936
0 0.209196 0.579509 0.0270193 0.0231074
0 0.449375 0.387509 0.027688 0.0237694
0 0.986396 0.831219 0.027077 0.0262767
0 0.129452 0.940132 0.122114 0.109589
0 0.706922 0.952548 0.0314424 0.0259525
0 0.0798834 0.00947049 0.0274999 0.0188729
0 0.108047 0.928898 0.0271064 0.0231825
0 0.483233 0.111801 0.0263023 0.0226943
0 0.693823 0.643959 0.0271099 0.0237341
0 0.207741 0.464171 0.0256625 0.0218527
0 0.73225 0.57532 0.0535013 0.0463698
0 0.267169 0.503633 0.0254617 0.0220253
0 0.551515 0.0889907 0.0259204 0.0217801
0 0.0510725 0.646284 0.102145 0.125105
0 0.779713 0.800596 0.0565505 0.0483692
0 0.990755 0.442609 0.0183539 0.0276738
0 0.781679 0.961226 0.073347 0.0620834
0 0.36567 0.474252 0.023947 0.0212882
0 0.903677 0.73075 0.0508409 0.0410307
0 0.238895 0.705361 0.0482482 0.041506
0 0.0791475 0.947629 0.0614751 0.0526018
