0 0.120514 0.163267 0.139939 0.128237
0 0.614263 0.208968 0.223083 0.209035
0 0.805626 0.526178 0.0751839 0.0723771
0 0.320231 0.751633 0.0867087 0.0780542
0 0.340985 0.275861 0.0618186 0.0586288
0 0.89877 0.21602 0.0608117 0.0568339
0 0.117562 0.310725 0.0605613 0.0562646
0 0.620806 0.47741 0.0943251 0.0879963
0 0.60385 0.319655 0.0581658 0.0548951
0 0.690388 0.0280522 0.0916157 0.0561045
0 0.902129 0.95337 0.0473902 0.0455338
0 0.810632 0.0270997 0.171951 0.054132
0 0.265083 0.712718 0.0583507 0.051263
0 0.679517 0.0861916 0.0296028 0.0285722
0 0.0793704 0.243532 0.0547655 0.0490003
0 0.462075 0.723259 0.0388583 0.0339963
0 0.0549704 0.758221 0.0334219 0.0310447
0 0.684148 0.115015 0.0306325 0.028826
0 0.548689 0.326803 0.047704 0.0449939
0 0.617663 0.689962 0.0270407 0.0256975
0 0.463581 0.487013 0.0452157 0.0417626
0 0.640864 0.226347 0.0254461 0.0253258
0 0.322697 0.989895 0.0276102 0.0201902
0 0.845742 0.518727 0.30185 0.280744
0 0.716314 0.795197 0.0739079 0.0695711
0 0.267583 0.150658 0.061745 0.0571378
0 0.555428 0.478062 0.0258224 0.0245702
0 0.911649 0.629225 0.111611 0.106482
0 0.257492 0.924233 0.0555592 0.0493027
0 0.395799 0.276802 0.0291083 0.0282143
0 0.315353 0.0449836 0.040099 0.0373126
0 0.743606 0.056752 0.0368416 0.0349983
0 0.160041 0.840655 0.0564529 0.0500825
0 0.447925 0.356396 0.0255831 0.0248896
0 0.371321 0.701223 0.0283532 0.0253857
0 0.658267 0.81775 0.0511206 0.0479805
0 0.374169 0.938963 0.0343575 0.0307039
0 0.159862 0.800696 0.0273451 0.0248199
0 0.335774 0.936867 0.0359942 0.0316062
0 0.597004 0.0719502 0.0423386 0.0403344
0 0.14041 0.403711 0.0259932 0.0244453
0 0.162805 0.627266 0.0250273 0.0236812
0 0.135499 0.524789 0.0879683 0.0797153
0 0.413884 0.765351 0.0257925 0.0234923
0 0.779442 0.23066 0.0357094 0.0338196
0 0.0183384 0.397196 0.0234209 0.022208
0 0.177097 0.73609 0.0367931 0.0329278
0 0.268402 0.634559 0.025377 0.0231361
0 0.0644776 0.0216749 0.0537671 0.0425096
0 0.815626 0.432375 0.0232409 0.0237165
0 0.38433 0.139806 0.0244604 0.0235922
0 0.538591 0.878096 0.0246062 0.0234436
0 0.591211 0.747927 0.0528884 0.0491198
0 0.564659 0.994279 0.0262146 0.0114428
0 0.491841 0.226438 0.0239637 0.0230392
0 0.498498 0.950153 0.0265595 0.024048
0 0.399369 0.736511 0.0267961 0.0239985
0 0.706981 0.674256 0.026179 0.0247009
0 0.447191 0.0883799 0.131985 0.121864
0 0.864588 0.327861 0.139817 0.131273
0 0.0476081 0.491277 0.094935 0.159665
0 0.842396 0.710174 0.115142 0.106305
0 0.296263 0.0341621 0.201123 0.0681556
0 0.285497 0.0336109 0.0238394 0.0223175
0 0.621396 0.882277 0.0331697 0.0306303
0 0.856527 0.0436179 0.0244316 0.0235794
0 0.937088 0.513846 0.125823 0.168641
0 0.0434197 0.976173 0.0499454 0.0458009
0 0.0936511 0.818994 0.0288208 0.0260321
