0 0.88824 0.575147 0.0720806 0.0695668
0 0.618749 0.243186 0.0684228 0.0648632
0 0.613988 0.522804 0.0408974 0.0394446
0 0.735238 0.46355 0.0425378 0.0405553
0 0.43468 0.50901 0.0442541 0.0429018
0 0.0767663 0.813079 0.0410224 0.0393534
0 0.439743 0.601287 0.0412307 0.0405438
0 0.916039 0.905861 0.0278354 0.0271959
0 0.72616 0.346098 0.0414147 0.039491
0 0.394449 0.649993 0.0414092 0.040064
0 0.645249 0.908839 0.0320176 0.0305293
0 0.862657 0.147154 0.0355467 0.0340019
0 0.206246 0.756649 0.0342491 0.0335015
0 0.568781 0.849131 0.0304076 0.0286951
0 0.442288 0.208973 0.0311621 0.0300096
0 0.910031 0.310891 0.0294679 0.0286302
0 0.988517 0.991861 0.0229656 0.0162788
0 0.98454 0.165472 0.0306033 0.137021
0 0.457085 0.32681 0.0430045 0.0411932
0 0.775628 0.641034 0.0279522 0.0269807
0 0.0376514 0.554202 0.0428659 0.0409513
0 0.571536 0.410897 0.0332553 0.0322882
0 0.612114 0.462005 0.0244625 0.0241982
0 0.460011 0.762595 0.0254816 0.0248116
0 0.494938 0.778323 0.0294258 0.028109
0 0.522114 0.0913535 0.0378833 0.0355532
0 0.358638 0.367512 0.0286102 0.027541
0 0.0716024 0.623159 0.0266823 0.0257829
0 0.370543 0.932691 0.0246534 0.024285
0 0.536152 0.243127 0.0291921 0.0275491
0 0.532812 0.446039 0.0251 0.0245042
0 0.368068 0.338828 0.0381209 0.0369795
0 0.539009 0.422819 0.0303705 0.030141
0 0.521917 0.713438 0.0236301 0.02301
0 0.518132 0.108227 0.0316391 0.0301837
0 0.678431 0.886944 0.0258443 0.02498
0 0.571716 0.0481344 0.033637 0.0318752
0 0.0773574 0.587565 0.0342888 0.0333874
0 0.824459 0.266333 0.0312519 0.0300533
0 0.331209 0.778909 0.028599 0.0276639
0 0.0126007 0.133022 0.0251896 0.0312042
0 0.906163 0.144033 0.0282658 0.0275771
0 0.887565 0.270311 0.0292747 0.0285704
0 0.418076 0.336105 0.0369806 0.0364733
0 0.821491 0.165006 0.0263599 0.0257813
0 0.887019 0.344345 0.0240591 0.0235194
0 0.475872 0.744262 0.0235398 0.0234613
0 0.666328 0.200832 0.0276366 0.0267823
0 0.690902 0.931781 0.0256766 0.0249801
0 0.0896902 0.116325 0.0228358 0.0223226
0 0.14198 0.884231 0.0313278 0.0303292
0 0.442005 0.722031 0.0252104 0.0246436
0 0.905663 0.19252 0.039155 0.0377393
0 0.586662 0.651381 0.0435631 0.0412037
0 0.454369 0.994905 0.0317718 0.01019
