0 0.400116 0.700776 0.184138 0.166243
0 0.32173 0.580386 0.0850019 0.0768024
0 0.697089 0.182127 0.0625935 0.0567219
0 0.476736 0.528211 0.0630375 0.0555785
0 0.231744 0.412445 0.0490972 0.0434854
0 0.14658 0.121486 0.0437642 0.0394488
0 0.0206143 0.230916 0.0408594 0.0368586
0 0.97192 0.658911 0.0340921 0.0316408
0 0.495738 0.133267 0.0316627 0.0292793
0 0.936629 0.401387 0.0340055 0.0314635
0 0.160303 0.0139472 0.0357404 0.0278931
0 0.547526 0.507772 0.0339323 0.030911
0 0.787038 0.272753 0.0366423 0.0336494
0 0.319331 0.342608 0.0276367 0.0256094
0 0.0102481 0.412539 0.0204804 0.0358748
0 0.778544 0.572747 0.035329 0.0325308
0 0.305735 0.956435 0.0483192 0.0458014
0 0.0107191 0.162599 0.0214383 0.0383482
0 0.968301 0.0816534 0.0337836 0.0297803
0 0.260216 0.430054 0.0336548 0.0301393
0 0.272164 0.387225 0.0319724 0.0282413
0 0.103533 0.394993 0.0341463 0.0314112
0 0.0115295 0.928852 0.0230589 0.0295726
0 0.754998 0.500174 0.0317318 0.0294284
0 0.773057 0.220336 0.0277922 0.0260158
0 0.713306 0.581127 0.0278218 0.0266224
0 0.737785 0.342568 0.02631 0.0246951
0 0.0462961 0.189771 0.0260486 0.0235716
0 0.0841873 0.932674 0.0346477 0.0326641
0 0.916978 0.592605 0.0279526 0.0262409
0 0.163261 0.824318 0.0327162 0.0299098
0 0.535157 0.245398 0.0264139 0.0243812
0 0.968557 0.555756 0.0247799 0.0233556
0 0.810645 0.27349 0.0269978 0.0250541
0 0.330915 0.321526 0.0267016 0.0240879
0 0.677728 0.307523 0.0372374 0.033065
0 0.124028 0.675989 0.0389236 0.0357886
0 0.58045 0.784836 0.0232182 0.0224372
0 0.187984 0.133118 0.0265861 0.0244587
0 0.964864 0.00911608 0.0371122 0.0181661
0 0.989131 0.946132 0.0217371 0.0225368
0 0.244023 0.949667 0.0241656 0.0226812
0 0.00717439 0.0100963 0.0143488 0.0201926
0 0.759515 0.244596 0.0331085 0.0304827
0 0.476486 0.573163 0.0363839 0.0329927
0 0.856429 0.37063 0.0246723 0.0231555
0 0.107952 0.433792 0.0264518 0.0252951
0 0.818925 0.487359 0.0303038 0.0277712
0 0.723909 0.669346 0.0256793 0.0233679
0 0.154529 0.332511 0.025278 0.023148
0 0.820524 0.900857 0.0233547 0.0217538
0 0.386954 0.975882 0.0250519 0.0242956
0 0.708387 0.539815 0.024043 0.0226889
0 0.545296 0.532795 0.0233498 0.0214789
0 0.592844 0.166791 0.0265179 0.024056
0 0.53124 0.162406 0.0257587 0.0238817
0 0.569514 0.542325 0.0239856 0.0217929
0 0.443547 0.271168 0.0242753 0.0227569
0 0.593164 0.3843 0.0243397 0.0225363
0 0.98941 0.434301 0.0211802 0.0221645
0 0.623426 0.15759 0.0325415 0.0304333
0 0.989282 0.529013 0.0214361 0.0266217
0 0.420368 0.564194 0.0251895 0.0229627
0 0.557338 0.230685 0.0277606 0.0259565
0 0.684568 0.287489 0.0236068 0.0222551
0 0.685697 0.662623 0.0279529 0.0257728
0 0.794313 0.477261 0.0240166 0.0226166
