0 0.903653 0.409047 0.134549 0.116201
0 0.818357 0.110765 0.0797152 0.0683105
0 0.846756 0.292998 0.0577538 0.0490866
0 0.849675 0.748527 0.201821 0.175271
0 0.543648 0.309906 0.0389931 0.0325027
0 0.767589 0.389745 0.0640595 0.0543685
0 0.164792 0.320856 0.123101 0.102817
0 0.091023 0.866241 0.0336273 0.0281704
0 0.923392 0.524472 0.0345168 0.0294211
0 0.131793 0.602359 0.0520727 0.0433359
0 0.246365 0.970803 0.0411307 0.034487
0 0.494642 0.105793 0.0378023 0.0310043
0 0.0303064 0.407041 0.037558 0.0316074
0 0.292879 0.575682 0.0405736 0.0336908
0 0.142431 0.990738 0.0528567 0.0185234
0 0.0573259 0.796405 0.0278288 0.0236425
0 0.640222 0.120975 0.0280323 0.0238883
0 0.593236 0.78817 0.0286987 0.0240268
0 0.919932 0.251606 0.0280224 0.0254401
0 0.209299 0.974782 0.0941032 0.0503316
0 0.320187 0.959575 0.0744068 0.0627548
0 0.822137 0.0311894 0.0640436 0.0553639
0 0.694658 0.691013 0.0296199 0.0245388
0 0.771673 0.2206 0.0332783 0.0285219
0 0.962999 0.708944 0.0740023 0.108609
0 0.388921 0.962259 0.0616922 0.0512284
0 0.965672 0.174571 0.0255971 0.0226672
0 0.867079 0.190272 0.0288063 0.0253944
0 0.947968 0.685145 0.0288517 0.0246906
0 0.630287 0.938937 0.0509373 0.0412276
0 0.741025 0.381275 0.0301184 0.0258342
