0 0.848686 0.308252 0.0678379 0.0608146
0 0.207012 0.264325 0.0357814 0.0286969
0 0.867598 0.678587 0.0335176 0.0278962
0 0.0155406 0.760416 0.0310812 0.0354706
0 0.0451142 0.577698 0.0369865 0.0305659
0 0.612311 0.58002 0.0377785 0.0312394
0 0.514034 0.842208 0.0320532 0.0257053
0 0.116413 0.769571 0.169672 0.145317
0 0.577411 0.494649 0.0293381 0.0241518
0 0.531066 0.82382 0.029106 0.0233931
0 0.67489 0.618299 0.0289637 0.023766
0 0.978351 0.20392 0.0432982 0.194303
0 0.377806 0.446403 0.0284874 0.0229165
0 0.521029 0.639983 0.0348173 0.0289796
0 0.975333 0.973311 0.028733 0.0252657
0 0.738421 0.938698 0.463871 0.122035
0 0.399068 0.949205 0.0288402 0.0234173
0 0.286107 0.24084 0.0276628 0.0223421
0 0.499529 0.867745 0.0287023 0.0231256
0 0.0190387 0.226178 0.0279854 0.0223274
0 0.420805 0.12917 0.0279788 0.023129
0 0.43902 0.704258 0.0265766 0.0218666
0 0.333921 0.0848174 0.174077 0.138044
0 0.149461 0.184518 0.0252497 0.0214047
0 0.462794 0.917431 0.0262347 0.0222757
