0 0.641416 0.432678 0.114582 0.0923151
0 0.924116 0.26217 0.0798397 0.0674075
0 0.260852 0.732365 0.0584569 0.0487614
0 0.607379 0.0588213 0.0941197 0.0811203
0 0.39177 0.742276 0.0461256 0.0379667
0 0.32487 0.649538 0.0405853 0.0344059
0 0.598592 0.859295 0.0361424 0.0296715
0 0.113182 0.864055 0.063815 0.049809
0 0.546585 0.740385 0.0491809 0.0383754
0 0.288564 0.0674283 0.0429806 0.0378208
0 0.182478 0.277652 0.0354485 0.0301304
0 0.0157308 0.984946 0.0314556 0.0288847
0 0.852704 0.725261 0.0679111 0.0568514
0 0.138372 0.490167 0.08843 0.0753181
0 0.387911 0.135753 0.0437735 0.0384842
0 0.580406 0.249035 0.1021 0.0876687
0 0.799506 0.262404 0.0334307 0.027562
0 0.0273288 0.839774 0.0428737 0.0345506
0 0.806948 0.323649 0.0651414 0.0536697
0 0.34328 0.332098 0.0433279 0.039307
0 0.759051 0.284448 0.0611269 0.0514574
0 0.0262856 0.957245 0.0387699 0.032087
0 0.0390693 0.315192 0.0592334 0.0504747
0 0.640688 0.230671 0.0427365 0.0346125
0 0.299648 0.433913 0.0361825 0.030982
0 0.253741 0.0933175 0.053545 0.0474772
0 0.382894 0.709534 0.0358498 0.0292578
0 0.0284357 0.437884 0.0281651 0.0240735
0 0.493068 0.0942252 0.0341793 0.0300657
0 0.819177 0.130214 0.0284115 0.023903
0 0.289955 0.32336 0.0410752 0.0351596
0 0.681118 0.158134 0.0474477 0.040413
0 0.636447 0.353181 0.0843008 0.0687065
0 0.634876 0.51966 0.0965223 0.0784295
0 0.0239879 0.925328 0.0369804 0.0304615
0 0.440582 0.131003 0.0437963 0.0389561
0 0.633183 0.579973 0.103033 0.0858627
0 0.995232 0.478406 0.0095356 0.0266446
0 0.440146 0.371548 0.0555403 0.0470235
0 0.493444 0.0380052 0.132445 0.0760105
0 0.584407 0.635383 0.0613696 0.0519254
0 0.600176 0.639495 0.0278444 0.0227263
0 0.0110117 0.610811 0.0219839 0.0275848
0 0.309498 0.0395751 0.0276773 0.0246063
0 0.270866 0.667216 0.0290375 0.0239627
0 0.227706 0.75994 0.0558548 0.0457327
0 0.217371 0.347844 0.0578352 0.049166
0 0.807039 0.457002 0.0295568 0.0241321
0 0.50378 0.653314 0.0287519 0.0230811
0 0.0060634 0.74918 0.0121268 0.0266674
0 0.540666 0.572713 0.0548612 0.0452688
0 0.413161 0.257728 0.0676377 0.0617503
0 0.230361 0.652386 0.0544636 0.0455596
0 0.707239 0.38087 0.0730708 0.0604311
0 0.488697 0.315811 0.0427445 0.037343
0 0.709767 0.805242 0.0349328 0.0284114
0 0.691006 0.69404 0.062443 0.0515628
