0 0.188621 0.244588 0.250124 0.244915
0 0.0878313 0.44299 0.067666 0.0644308
0 0.615611 0.729654 0.215052 0.20445
0 0.0584606 0.0950051 0.063475 0.0612827
0 0.203982 0.442259 0.176144 0.168768
0 0.792531 0.25301 0.17635 0.166675
0 0.495887 0.935367 0.0970836 0.0916961
0 0.0298423 0.957872 0.0595696 0.0841022
0 0.629711 0.0997793 0.0572106 0.0544315
0 0.154165 0.664271 0.0497137 0.0472817
0 0.777989 0.486862 0.048332 0.0458774
0 0.0565826 0.163673 0.0481893 0.0473853
0 0.609 0.476575 0.0526214 0.0497676
0 0.795656 0.806385 0.0437714 0.0416269
0 0.582945 0.169592 0.0452676 0.0429981
0 0.45842 0.368085 0.0482208 0.0452757
0 0.183683 0.116372 0.0335724 0.0329424
0 0.710091 0.665861 0.0364655 0.0352564
0 0.988676 0.235409 0.0226454 0.0442026
0 0.237162 0.0635923 0.0321486 0.0316616
0 0.826243 0.0136903 0.0314182 0.0273806
0 0.724163 0.395886 0.0355699 0.034419
0 0.0312067 0.420312 0.0286499 0.0276031
0 0.612455 0.958763 0.0501417 0.0468451
0 0.391229 0.146083 0.0311391 0.030387
0 0.358005 0.515259 0.0272217 0.0260024
0 0.402491 0.755229 0.0273955 0.0260222
0 0.421269 0.178116 0.0274978 0.0270263
0 0.0176282 0.327375 0.0324086 0.0317022
0 0.567025 0.975368 0.108002 0.0490001
0 0.0115965 0.453163 0.0231691 0.0340112
0 0.352201 0.838392 0.0282221 0.0273154
0 0.751832 0.801019 0.0440507 0.0416627
0 0.389453 0.903562 0.0507079 0.0486248
0 0.987858 0.912266 0.0242836 0.0246294
0 0.990735 0.34527 0.0185307 0.0275832
0 0.269226 0.613826 0.0516544 0.0489492
0 0.69308 0.975274 0.0498611 0.0465644
0 0.114149 0.832208 0.0293144 0.0281119
0 0.646327 0.257443 0.0307293 0.0288763
0 0.454277 0.856115 0.0251583 0.0240615
0 0.215919 0.250455 0.0450042 0.0450406
0 0.4784 0.607906 0.0333478 0.0318229
0 0.970319 0.340055 0.0308343 0.0291505
0 0.822606 0.0976853 0.031295 0.0306841
0 0.988644 0.509278 0.0226066 0.0437766
0 0.531494 0.296896 0.028902 0.027285
0 0.223232 0.636962 0.0415728 0.0397315
0 0.478437 0.723592 0.0973647 0.0945747
0 0.00464856 0.587331 0.00929712 0.0255718
0 0.00594936 0.70866 0.0118987 0.0298069
0 0.227999 0.796631 0.0254029 0.0245255
0 0.460826 0.0509554 0.039029 0.0373326
0 0.64871 0.466289 0.024797 0.0243079
0 0.15429 0.149085 0.0224988 0.0228776
0 0.602734 0.840471 0.02807 0.0274078
0 0.142549 0.855934 0.0246166 0.0235519
0 0.5025 0.0616847 0.0408736 0.0400245
0 0.771196 0.731738 0.0351958 0.0339432
0 0.49786 0.586963 0.0251965 0.0236341
0 0.0196803 0.0430796 0.0256692 0.0257371
0 0.234499 0.66252 0.0337582 0.0326219
0 0.753182 0.275369 0.0230571 0.0221019
0 0.962021 0.580279 0.0736868 0.0741258
0 0.753282 0.574827 0.0253333 0.0244595
0 0.00299934 0.345707 0.00599869 0.040289
0 0.70465 0.6113 0.0314356 0.029395
0 0.59979 0.888364 0.0372307 0.036485
0 0.581696 0.537853 0.0239545 0.0228704
0 0.509777 0.0464603 0.0266574 0.0264289
0 0.342312 0.0263842 0.172169 0.0527685
0 0.794265 0.396923 0.0454431 0.044385
0 0.103469 0.750098 0.0287215 0.0277917
0 0.809144 0.724415 0.0227892 0.0223658
0 0.277917 0.434581 0.0214522 0.0214386
0 0.865652 0.993086 0.0306169 0.0138275
0 0.80771 0.328277 0.0320048 0.030387
