0 0.840768 0.946522 0.0932149 0.0715235
0 0.0850748 0.507244 0.0958871 0.0770397
0 0.313202 0.138824 0.0953819 0.0785692
0 0.306429 0.208356 0.0714382 0.0594353
0 0.318816 0.366889 0.0781242 0.0636924
0 0.174452 0.114417 0.0975745 0.0807875
0 0.31718 0.300993 0.0662109 0.0551082
0 0.356384 0.823771 0.0355308 0.0282768
0 0.607289 0.936914 0.035896 0.0288674
0 0.592032 0.137639 0.0514698 0.0429808
0 0.289832 0.786045 0.0382174 0.0324994
0 0.744148 0.596321 0.0356996 0.0290656
0 0.662272 0.968008 0.0337291 0.0279033
0 0.365733 0.584218 0.0337756 0.0277008
0 0.945371 0.456701 0.0407835 0.0339863
0 0.824792 0.8164 0.0419813 0.0336609
0 0.656637 0.0783988 0.0336587 0.0275196
0 0.730113 0.416041 0.0420554 0.0345038
0 0.14193 0.686108 0.0678756 0.0535405
0 0.210032 0.162073 0.0625563 0.0508212
0 0.379581 0.116318 0.0616969 0.0509398
0 0.421588 0.77696 0.0391293 0.0326235
0 0.148171 0.282655 0.0986358 0.0799358
0 0.229892 0.939052 0.0346172 0.0286809
0 0.113649 0.324266 0.0493322 0.0415741
0 0.597815 0.247033 0.155859 0.122989
0 0.12229 0.614905 0.0387235 0.0313231
0 0.224837 0.623631 0.0338056 0.0272586
0 0.186552 0.641656 0.04189 0.0343411
0 0.103613 0.258535 0.0872469 0.0689501
0 0.542599 0.0297738 0.0360084 0.0301088
0 0.27915 0.733948 0.028039 0.0237041
0 0.156166 0.595262 0.0483073 0.0389174
0 0.695801 0.792248 0.0371242 0.0303958
0 0.819275 0.858589 0.0290782 0.0235949
0 0.380708 0.365368 0.0362275 0.0289863
0 0.385217 0.649706 0.0314125 0.0261831
0 0.0789718 0.76744 0.0285959 0.0241406
0 0.381185 0.715693 0.0315071 0.0259293
0 0.313471 0.587944 0.0277702 0.02291
0 0.852981 0.451248 0.0305185 0.0262705
0 0.329343 0.433175 0.0423153 0.0340779
0 0.0357246 0.208092 0.0270149 0.0230069
0 0.255057 0.364941 0.0477546 0.0395681
0 0.809635 0.707484 0.0315533 0.0266268
0 0.264423 0.208432 0.0614774 0.051084
0 0.114108 0.687709 0.0339986 0.0286646
0 0.686052 0.913468 0.0328673 0.0274477
0 0.88238 0.0183713 0.0459693 0.0362171
0 0.620858 0.20326 0.205264 0.183026
0 0.184297 0.41795 0.028618 0.0229143
0 0.0587684 0.227314 0.0588364 0.0484383
0 0.227162 0.303905 0.0532178 0.0433462
0 0.296417 0.886622 0.0375939 0.0305674
0 0.746134 0.594704 0.507732 0.448259
0 0.853338 0.678335 0.028626 0.0238562
0 0.287259 0.24845 0.0277382 0.0238063
0 0.0494283 0.424748 0.0313606 0.0249093
0 0.179471 0.231165 0.0440506 0.0353591
0 0.00655577 0.643301 0.0131115 0.0257063
0 0.234654 0.704453 0.0264268 0.0221842
0 0.238917 0.340238 0.0478297 0.0421933
0 0.433479 0.326436 0.0397072 0.0335774
0 0.476128 0.522374 0.0302343 0.0251067
0 0.220061 0.221961 0.0338348 0.028008
0 0.87356 0.271913 0.25288 0.218058
0 0.239592 0.252815 0.0557997 0.0454484
0 0.318783 0.539253 0.0261483 0.0223579
0 0.286557 0.477013 0.0309933 0.0256762
0 0.72962 0.483152 0.0306449 0.0253321
0 0.0974176 0.670241 0.0273034 0.0227184
0 0.926543 0.634844 0.0318619 0.0271375
0 0.229424 0.256128 0.0676761 0.0548525
0 0.125652 0.642589 0.0350844 0.0291102
0 0.623601 0.766447 0.0278063 0.0237136
0 0.203777 0.66699 0.0262754 0.0221435
0 0.643201 0.825686 0.0273795 0.0235089
0 0.0862061 0.361787 0.0798485 0.0652556
0 0.324156 0.403052 0.042131 0.0336024
0 0.76969 0.855506 0.0309102 0.0254619
0 0.35179 0.550408 0.0276368 0.022406
0 0.0590617 0.302345 0.0615625 0.0508345
0 0.799798 0.107221 0.026606 0.0222766
0 0.954092 0.56257 0.0259387 0.0218711
0 0.238536 0.896914 0.0292357 0.0243182
0 0.0912119 0.715594 0.180321 0.268337
0 0.304441 0.627612 0.0261345 0.0222376
0 0.362867 0.751571 0.0262486 0.0225492
0 0.280705 0.905995 0.0321515 0.0266933
0 0.100853 0.75835 0.0285075 0.0249697
0 0.0942335 0.934579 0.0318557 0.0249896
0 0.751986 0.737949 0.0266368 0.0232244
