0 0.33627 0.188724 0.0500772 0.0476143
0 0.510592 0.38425 0.0458698 0.0436422
0 0.29993 0.094251 0.0376682 0.0357341
0 0.252739 0.831969 0.0351177 0.0335708
0 0.961746 0.300399 0.0391342 0.0372876
0 0.255935 0.345582 0.030049 0.0285148
0 0.104523 0.705146 0.0382074 0.0367723
0 0.22343 0.632022 0.201464 0.195187
0 0.711791 0.273002 0.0310297 0.0302683
0 0.175969 0.815971 0.0304441 0.0291387
0 0.481039 0.238718 0.0293681 0.0282982
0 0.536994 0.672281 0.0278687 0.026963
0 0.381214 0.235234 0.0270288 0.0259246
0 0.166869 0.324177 0.0263166 0.0257568
0 0.188577 0.0221505 0.0267766 0.0260703
0 0.129813 0.24528 0.0288486 0.028095
0 0.472576 0.578418 0.027511 0.0262624
0 0.461251 0.886663 0.0253933 0.0244526
0 0.622017 0.926408 0.0282502 0.0267183
0 0.0714819 0.948972 0.0285551 0.0275836
0 0.428242 0.418752 0.0259855 0.0244187
0 0.366187 0.100651 0.0260991 0.0251634
0 0.404367 0.343443 0.0279944 0.0265654
0 0.886296 0.980566 0.0261673 0.0246767
0 0.848987 0.730416 0.161275 0.161785
0 0.0469084 0.81675 0.0235623 0.0233863
0 0.302075 0.468588 0.057005 0.0530522
0 0.939238 0.58297 0.0537421 0.052494
0 0.241204 0.00872964 0.025371 0.0174007
0 0.846198 0.910099 0.032251 0.0297134
0 0.149525 0.471069 0.122465 0.113756
0 0.537056 0.846659 0.0251697 0.0242825
0 0.789642 0.872181 0.023739 0.0232128
0 0.227664 0.0234329 0.0246465 0.0239255
0 0.245177 0.451368 0.0500734 0.0477993
0 0.535126 0.0508218 0.0395231 0.0372238
0 0.547233 0.82183 0.0240583 0.0237178
0 0.680442 0.211332 0.0239374 0.0228352
0 0.506515 0.872386 0.0289023 0.0267377
0 0.705358 0.417173 0.0232475 0.022245
0 0.877236 0.564104 0.0470757 0.0447234
0 0.33708 0.411539 0.0819626 0.076093
