0 0.740681 0.247191 0.383603 0.351643
0 0.213432 0.343835 0.18839 0.17135
0 0.333048 0.577584 0.182057 0.181021
0 0.112708 0.47953 0.18805 0.179238
0 0.135317 0.967658 0.054979 0.0522113
0 0.223547 0.339871 0.0412769 0.0391518
0 0.401164 0.106728 0.0983769 0.0857024
0 0.441499 0.210017 0.155466 0.137889
0 0.574849 0.747511 0.0397919 0.0357274
0 0.826951 0.492065 0.0330148 0.0307276
0 0.575359 0.491644 0.0275049 0.026361
0 0.263992 0.180774 0.0300414 0.0267093
0 0.371126 0.0357455 0.127117 0.0713856
0 0.061421 0.594581 0.0790338 0.0746021
0 0.929433 0.954265 0.0275385 0.0263297
0 0.687018 0.992488 0.0329292 0.0150232
0 0.738505 0.0216359 0.0533874 0.0432656
0 0.512691 0.0545865 0.183088 0.109173
0 0.790948 0.544695 0.0279887 0.0259409
0 0.118016 0.99009 0.0480465 0.0197832
0 0.962052 0.397054 0.0343472 0.0320316
0 0.664737 0.629161 0.0328765 0.0296979
0 0.467912 0.644665 0.0261377 0.02456
0 0.94916 0.144514 0.0301703 0.0286047
0 0.559113 0.0334739 0.0982263 0.0668043
0 0.967492 0.611007 0.0247024 0.0235172
0 0.593416 0.988132 0.0348799 0.023737
0 0.957734 0.732517 0.0281121 0.0260954
0 0.332693 0.562485 0.0242439 0.023632
0 0.285547 0.148033 0.0282175 0.0248844
0 0.41276 0.8414 0.0273704 0.0244057
0 0.857829 0.730345 0.0770573 0.0714283
0 0.992208 0.544447 0.0155849 0.0249347
0 0.631745 0.891135 0.51391 0.215628
0 0.598022 0.736418 0.0310394 0.0276077
0 0.535056 0.966567 0.030877 0.028393
0 0.329136 0.790676 0.0250826 0.0236632
0 0.266588 0.993481 0.029464 0.0130382
0 0.0490307 0.531972 0.0979366 0.236803
0 0.567961 0.0260984 0.0286617 0.0254255
0 0.0515464 0.0943359 0.10308 0.188672
0 0.896839 0.835497 0.0439367 0.0422378
0 0.706331 0.775816 0.0411468 0.0362501
0 0.739176 0.889293 0.0251528 0.0236307
0 0.032607 0.742093 0.0241776 0.0229828
0 0.808566 0.00948944 0.032721 0.0189789
0 0.667599 0.757349 0.0469413 0.041434
0 0.601144 0.0800001 0.0570087 0.0516884
0 0.911742 0.110118 0.0700237 0.0646199
0 0.981291 0.235087 0.0231853 0.0217609
0 0.0762824 0.188496 0.0235905 0.0221829
0 0.589963 0.686142 0.0245285 0.0233643
0 0.993291 0.406039 0.0134182 0.0229814
0 0.688708 0.928572 0.0241864 0.0220963
0 0.523771 0.39612 0.0244042 0.0230495
