0 0.0148492 0.503982 0.0296983 0.0263568
0 0.458055 0.488361 0.0335597 0.0285799
0 0.0736461 0.0803237 0.0348443 0.0291368
0 0.189547 0.0815358 0.0365068 0.031213
0 0.878788 0.0342407 0.0314421 0.0257235
0 0.111564 0.107358 0.0394319 0.0344425
0 0.989505 0.849792 0.0209436 0.041268
0 0.116569 0.130992 0.0371394 0.0332092
0 0.101287 0.309178 0.0320255 0.0273845
0 0.194643 0.181343 0.0543087 0.0452493
0 0.0518902 0.376867 0.0305812 0.0251271
0 0.145515 0.143979 0.0350675 0.0298757
0 0.257323 0.198836 0.0361152 0.03013
0 0.807172 0.922968 0.0341177 0.02968
0 0.463105 0.180384 0.0287674 0.0247492
0 0.724961 0.990322 0.0283773 0.0193556
0 0.940614 0.326663 0.0321366 0.0278629
0 0.975673 0.982329 0.048605 0.035237
0 0.0454356 0.986635 0.0582366 0.0266064
0 0.322632 0.183025 0.0271145 0.0232783
0 0.895375 0.306914 0.0367654 0.0310342
0 0.839994 0.881067 0.0264394 0.0234056
0 0.386111 0.69989 0.026517 0.0226998
0 0.229458 0.0244726 0.0264696 0.0230784
0 0.943822 0.14703 0.0269391 0.0227525
0 0.191808 0.15995 0.0343937 0.0290351
0 0.574276 0.452399 0.0257532 0.0233225
0 0.863785 0.405583 0.025186 0.0218045
0 0.61652 0.900638 0.0363325 0.0316895
0 0.271804 0.183737 0.0262189 0.0218091
0 0.739079 0.162994 0.496175 0.325988
