0 0.949473 0.733911 0.0338387 0.0327633
0 0.510278 0.811346 0.0491395 0.0474305
0 0.287988 0.42148 0.0283308 0.0277284
0 0.150991 0.57713 0.0388801 0.0384355
0 0.139921 0.417182 0.0320415 0.0313761
0 0.306673 0.214495 0.0293909 0.0290661
0 0.279071 0.315942 0.0260683 0.0252792
0 0.476272 0.862629 0.0397026 0.037824
0 0.40721 0.977621 0.0245418 0.0235813
0 0.83597 0.0515496 0.0270144 0.0260909
0 0.436886 0.923224 0.0320946 0.0304432
0 0.556531 0.936314 0.0265594 0.0250917
0 0.452341 0.206912 0.0248249 0.0241414
0 0.00874814 0.485444 0.0174401 0.0246156
0 0.876449 0.184858 0.023015 0.0220823
0 0.106414 0.522558 0.142687 0.138286
