0 0.698074 0.918412 0.125708 0.0985473
0 0.47538 0.688139 0.167915 0.126809
0 0.580559 0.569287 0.0644834 0.0507667
0 0.608483 0.370549 0.057627 0.0456235
0 0.0530965 0.814801 0.0789345 0.0619748
0 0.681844 0.343914 0.077639 0.0625958
0 0.517681 0.165182 0.051362 0.0421258
0 0.557907 0.459834 0.0420699 0.0331527
0 0.420002 0.200214 0.0427483 0.0351487
0 0.426943 0.854689 0.0391725 0.0316717
0 0.740652 0.101834 0.0574062 0.0454961
0 0.348697 0.444353 0.0560597 0.044226
0 0.788447 0.360051 0.0758843 0.0581841
0 0.92711 0.55298 0.145459 0.143998
0 0.901823 0.773294 0.0380804 0.0306859
0 0.374404 0.949231 0.0353061 0.0281734
0 0.265307 0.991016 0.0389971 0.0179687
0 0.775707 0.81853 0.0449126 0.0355396
0 0.799828 0.0399001 0.0437532 0.0345546
0 0.134844 0.348164 0.0702177 0.0551672
0 0.274122 0.372541 0.0372601 0.0295969
0 0.456291 0.440437 0.0452366 0.0354472
0 0.578386 0.158325 0.0388656 0.0312237
0 0.384461 0.886001 0.0758589 0.0598555
0 0.136974 0.770038 0.0468733 0.037294
0 0.142204 0.552527 0.030724 0.0247051
0 0.23992 0.355148 0.0383193 0.0299947
0 0.34525 0.418585 0.0337456 0.0270052
0 0.977739 0.526451 0.030565 0.0246222
0 0.728804 0.490754 0.0956252 0.074533
0 0.462348 0.361917 0.0763077 0.0598974
0 0.567805 0.202844 0.0335894 0.0267156
0 0.0632364 0.221314 0.0354486 0.0284277
0 0.67538 0.622442 0.0350235 0.0277147
0 0.66749 0.488165 0.0772161 0.0634751
0 0.176465 0.763177 0.0367694 0.0289122
0 0.425422 0.424346 0.0440063 0.0347224
0 0.27847 0.408781 0.0363613 0.029378
0 0.20039 0.68148 0.0426315 0.0334086
0 0.191213 0.0366167 0.0383914 0.0294411
0 0.939741 0.992386 0.0515683 0.0150936
0 0.961723 0.695355 0.0763152 0.0675685
0 0.566232 0.226575 0.0328865 0.0265954
0 0.911638 0.675108 0.0502742 0.0392528
0 0.21564 0.754006 0.0397886 0.0307446
0 0.500328 0.575262 0.160958 0.127242
0 0.356996 0.0907485 0.0309335 0.0243369
0 0.137726 0.72719 0.0557415 0.0445426
0 0.681371 0.580815 0.0305514 0.0238896
0 0.840618 0.605204 0.0786774 0.0632512
0 0.38346 0.416543 0.0384507 0.0303623
0 0.058984 0.34377 0.0691776 0.0546998
0 0.0980868 0.730677 0.0670753 0.0517007
0 0.227017 0.735908 0.030825 0.0245872
0 0.0386627 0.34203 0.0311772 0.0252185
0 0.822915 0.185527 0.0731919 0.0576302
0 0.504525 0.966452 0.0288882 0.0233671
0 0.229673 0.600175 0.135825 0.107778
0 0.723048 0.800195 0.133149 0.107273
0 0.48584 0.249312 0.0406958 0.0324749
0 0.681998 0.730246 0.0391114 0.0299938
0 0.491156 0.984906 0.0282219 0.0227722
0 0.882092 0.471419 0.0479231 0.0379472
0 0.268983 0.700229 0.0310143 0.0242471
0 0.448501 0.221539 0.0323269 0.025731
0 0.380898 0.601037 0.102998 0.0800431
0 0.305011 0.133678 0.027882 0.0230903
0 0.892744 0.427156 0.0350132 0.028579
0 0.99467 0.511708 0.010661 0.0514587
0 0.98138 0.638264 0.0372391 0.0997112
0 0.28608 0.730324 0.0301061 0.0235255
0 0.101471 0.684759 0.0279274 0.0225196
0 0.665276 0.211857 0.0338225 0.026843
0 0.0112981 0.436778 0.0225962 0.0421209
0 0.572984 0.258714 0.0278476 0.0227103
0 0.0217491 0.41908 0.0434982 0.0776367
0 0.979907 0.3789 0.0401869 0.116407
0 0.596786 0.754464 0.152171 0.118248
0 0.975016 0.465007 0.049695 0.0619794
