0 0.016804 0.485208 0.033608 0.0357355
0 0.486615 0.529891 0.0292811 0.0268269
0 0.00989122 0.415023 0.0197603 0.026254
0 0.571618 0.544197 0.0288644 0.0269089
0 0.852747 0.60483 0.0284097 0.0271835
0 0.302841 0.0277093 0.0271541 0.0256523
0 0.0328758 0.985409 0.0261133 0.0242899
0 0.124678 0.55391 0.0251523 0.0236561
0 0.500949 0.566493 0.0246104 0.0230556
0 0.446655 0.398027 0.0243207 0.022944
0 0.00889935 0.888971 0.0177987 0.022163
0 0.956043 0.00437751 0.0257215 0.00869521
0 0.840595 0.596452 0.0220633 0.0213156
0 0.115179 0.994205 0.0236691 0.0115911
0 0.345459 0.18244 0.0225063 0.0211863
0 0.0431456 0.697738 0.0235248 0.0225642
