0 0.49468 0.255216 0.0711699 0.0558496
0 0.858661 0.254185 0.0450974 0.0349629
0 0.0825622 0.0779958 0.0466051 0.0355211
0 0.261698 0.809091 0.0518239 0.0403028
0 0.437 0.454405 0.0528286 0.0397445
0 0.720197 0.900847 0.0403086 0.0312796
0 0.319357 0.918553 0.047375 0.035485
0 0.0392746 0.148568 0.0421425 0.0317933
0 0.881039 0.975826 0.0358976 0.0277102
0 0.807435 0.496106 0.0379126 0.0292359
0 0.911258 0.0740131 0.0568022 0.0451235
0 0.0949457 0.269606 0.0385579 0.0301694
0 0.253985 0.934422 0.0399788 0.0300984
0 0.731206 0.617905 0.038459 0.0293032
0 0.557485 0.254543 0.050899 0.0404575
0 0.284561 0.10177 0.0369658 0.0285457
0 0.788246 0.525615 0.0519609 0.0402262
0 0.736452 0.826121 0.0348001 0.0264788
0 0.526527 0.525247 0.0312564 0.023603
0 0.13895 0.608665 0.0421214 0.0316975
0 0.211286 0.454891 0.171335 0.132693
0 0.0619174 0.517951 0.0645448 0.0496702
0 0.90224 0.821053 0.144165 0.108319
0 0.122728 0.984832 0.0449442 0.0300832
0 0.479583 0.94097 0.0366488 0.0272102
0 0.0161584 0.992612 0.0323168 0.0147771
0 0.990538 0.60877 0.0189245 0.0306253
0 0.801583 0.992859 0.0295582 0.0142813
0 0.225876 0.229273 0.114477 0.0923701
0 0.335494 0.701524 0.404888 0.296291
0 0.994589 0.567638 0.0108217 0.0406268
0 0.15508 0.574602 0.0334627 0.0261861
0 0.426711 0.930479 0.0740401 0.0557823
0 0.283581 0.548875 0.0695464 0.053269
0 0.884871 0.0396177 0.0746378 0.05763
0 0.327847 0.359134 0.198815 0.156358
0 0.245363 0.91317 0.254241 0.1724
0 0.490102 0.815543 0.046665 0.0341696
0 0.985935 0.831526 0.0278236 0.0330262
0 0.757781 0.721197 0.0281919 0.0224802
0 0.119578 0.503434 0.0329553 0.0261965
0 0.0214832 0.471111 0.0333492 0.0280979
0 0.728605 0.790967 0.0482129 0.0382552
0 0.822882 0.088201 0.0304294 0.0237057
0 0.77167 0.502834 0.0332742 0.0267544
0 0.297997 0.882034 0.0322692 0.0246523
0 0.162507 0.992488 0.0421072 0.0150232
0 0.0453231 0.702946 0.0657852 0.0524797
0 0.425355 0.2639 0.0396866 0.0308855
0 0.506795 0.174595 0.0406359 0.0316383
0 0.456032 0.291552 0.0381946 0.0289458
0 0.307976 0.399354 0.0299265 0.0228803
0 0.927241 0.0398899 0.145518 0.0797368
0 0.0535229 0.566558 0.0657662 0.0542157
0 0.873948 0.0195059 0.0494445 0.038122
0 0.0404972 0.401262 0.0277785 0.0231351
0 0.598885 0.773836 0.0383279 0.0294085
