0 0.950655 0.911174 0.0542155 0.0531044
0 0.217896 0.208319 0.0492134 0.0485693
0 0.512285 0.955477 0.0412528 0.0406178
0 0.628339 0.450873 0.0294733 0.0287037
0 0.62705 0.840959 0.0355506 0.0346298
0 0.236262 0.249186 0.0422249 0.0415459
0 0.926685 0.532456 0.0307145 0.0299828
0 0.609846 0.986808 0.0333957 0.0263842
0 0.0955724 0.793924 0.039735 0.0391845
0 0.410548 0.64568 0.0316664 0.0312823
0 0.376856 0.694472 0.0287473 0.0280905
0 0.17212 0.66845 0.0488207 0.0488172
0 0.280999 0.895354 0.0278441 0.026726
0 0.653852 0.0811462 0.0368879 0.0361734
0 0.212998 0.940784 0.0320776 0.031452
0 0.847092 0.818277 0.0278649 0.0275779
0 0.260176 0.481029 0.0254623 0.0250748
0 0.519582 0.80117 0.0252557 0.0249057
0 0.845898 0.74087 0.0251192 0.0247617
0 0.958875 0.947499 0.0251454 0.0242485
0 0.872966 0.834141 0.0306184 0.0302395
0 0.310592 0.189763 0.0288385 0.0281546
0 0.0742231 0.834158 0.0336109 0.0332859
0 0.141384 0.182092 0.0252766 0.0245007
0 0.832695 0.309065 0.0250649 0.0241091
0 0.264994 0.169401 0.0352287 0.0343655
0 0.452714 0.767856 0.0249216 0.0246201
0 0.103025 0.865163 0.0372456 0.0365481
0 0.086926 0.164737 0.0270592 0.0260674
0 0.148085 0.135397 0.0283014 0.0276614
0 0.607006 0.772059 0.024053 0.0235939
0 0.519855 0.185023 0.0273818 0.026248
0 0.207528 0.8782 0.0352135 0.0350729
0 0.0910107 0.326176 0.0269842 0.0265934
0 0.234695 0.539782 0.0238259 0.0234377
0 0.133682 0.518745 0.0291765 0.0284607
0 0.0796313 0.764964 0.0231397 0.023152
0 0.543741 0.861363 0.0254388 0.0252977
0 0.0869194 0.817284 0.031961 0.0310969
0 0.203421 0.366573 0.0247716 0.0244157
0 0.0367592 0.110597 0.0245364 0.0239422
0 0.117305 0.181737 0.0259652 0.0250875
0 0.47094 0.185734 0.0286504 0.0281633
0 0.00737248 0.202813 0.014745 0.0269869
0 0.462671 0.276218 0.0286753 0.0283053
0 0.117541 0.715469 0.0272693 0.0264666
