0 0.644093 0.420511 0.0775754 0.0714036
0 0.169005 0.36302 0.195889 0.185034
0 0.0805075 0.572629 0.0897452 0.0826824
0 0.47962 0.583582 0.0629475 0.0585218
0 0.792444 0.13429 0.106059 0.0992404
0 0.779929 0.838346 0.149584 0.139626
0 0.110695 0.719306 0.0586257 0.0550235
0 0.445531 0.861101 0.0501951 0.0460529
0 0.918668 0.349703 0.061188 0.0562717
0 0.165747 0.21005 0.0531662 0.0491998
0 0.0715657 0.313228 0.0384005 0.0361109
0 0.655021 0.985888 0.0648353 0.0281608
0 0.0787227 0.671555 0.0714324 0.0668589
0 0.236912 0.497814 0.0318459 0.0299201
0 0.571441 0.519411 0.0774949 0.0713503
0 0.932487 0.449781 0.0494884 0.0457374
0 0.0595046 0.285724 0.0431374 0.0392146
0 0.952097 0.313967 0.055607 0.0517527
0 0.985583 0.180668 0.0288344 0.046111
0 0.703636 0.124077 0.106829 0.0978501
0 0.0774784 0.0830696 0.109103 0.103038
0 0.0204607 0.773578 0.0408856 0.0538106
0 0.252791 0.436499 0.0392766 0.0374527
0 0.1096 0.191285 0.0569486 0.052555
0 0.227448 0.127473 0.0266155 0.025054
0 0.581216 0.218992 0.0335515 0.0306219
0 0.287362 0.29919 0.0418868 0.0388573
0 0.91725 0.752961 0.0722125 0.0667671
0 0.100998 0.831116 0.0291792 0.027785
0 0.114203 0.77232 0.030441 0.0290998
0 0.27456 0.0948728 0.027589 0.0262188
0 0.899069 0.930471 0.0293887 0.0279115
0 0.468529 0.80845 0.0384607 0.0365966
0 0.188642 0.158585 0.0307328 0.0286179
0 0.168885 0.0258226 0.0280629 0.0266504
0 0.564375 0.317311 0.030807 0.0291888
0 0.135379 0.824984 0.0558097 0.052905
0 0.729513 0.192435 0.0440361 0.0419684
0 0.614601 0.923121 0.0333249 0.0310559
0 0.381844 0.337866 0.0350853 0.0326139
0 0.107884 0.289707 0.0491989 0.0447866
0 0.21881 0.102537 0.0285096 0.0267135
0 0.323324 0.830172 0.0905307 0.0862591
0 0.0245168 0.202332 0.0296004 0.0272508
0 0.970568 0.782573 0.0584825 0.0687299
0 0.947606 0.952679 0.104788 0.0945972
0 0.510284 0.207752 0.0414526 0.0385864
0 0.602223 0.889562 0.0325708 0.0301661
0 0.289424 0.0383311 0.0322595 0.0298044
0 0.303781 0.22988 0.0253822 0.0238144
0 0.445899 0.464812 0.0296654 0.0273417
0 0.656891 0.0837179 0.0881915 0.0826929
0 0.775147 0.649792 0.110221 0.102617
0 0.855648 0.915463 0.0244923 0.0236633
0 0.701802 0.0181065 0.101138 0.0361053
0 0.0195047 0.0379297 0.0278565 0.0264189
0 0.669227 0.494198 0.0307007 0.0284598
0 0.43245 0.114878 0.0281073 0.0270301
0 0.881951 0.51714 0.0392795 0.0367617
0 0.539584 0.582157 0.0520652 0.0489883
0 0.884349 0.653691 0.0608847 0.0550592
0 0.922346 0.857057 0.139923 0.128884
0 0.568585 0.473348 0.0535703 0.0489461
0 0.836945 0.0220464 0.0252864 0.0246586
0 0.952419 0.487108 0.0270376 0.0254984
0 0.104525 0.992787 0.0252439 0.0144266
0 0.157383 0.704833 0.0354931 0.0334513
0 0.274218 0.85632 0.0307903 0.0292632
0 0.454045 0.00562964 0.0478837 0.0112593
0 0.531483 0.692392 0.0253706 0.0244024
0 0.750584 0.031193 0.0638685 0.0588226
0 0.453091 0.640789 0.0276673 0.0257931
0 0.413372 0.230829 0.023586 0.0224896
0 0.763145 0.241314 0.0340617 0.0320027
0 0.209847 0.87568 0.0340646 0.0330203
0 0.419835 0.0526582 0.0394386 0.0362955
0 0.356305 0.0151464 0.169831 0.0301599
0 0.195561 0.952103 0.0235449 0.0224729
0 0.612113 0.787974 0.0250769 0.024069
0 0.233947 0.165281 0.0236692 0.0229711
0 0.454818 0.624357 0.025902 0.0250325
0 0.996373 0.595353 0.00725422 0.0236136
0 0.353001 0.412716 0.0434338 0.0407017
0 0.510816 0.760386 0.0981843 0.0922306
0 0.916253 0.589164 0.0240125 0.022196
0 0.430461 0.582786 0.037782 0.036154
0 0.514455 0.848669 0.107634 0.100642
0 0.235638 0.74932 0.46672 0.50136
0 0.23326 0.0106041 0.0423258 0.0211599
