0 0.804245 0.630508 0.0702444 0.0695207
0 0.0566449 0.798937 0.0703022 0.0693645
0 0.153984 0.588713 0.0591083 0.0583098
0 0.761701 0.764288 0.0522451 0.0516834
0 0.865696 0.0344122 0.0306344 0.0302266
0 0.619097 0.647865 0.0728514 0.0704794
0 0.145048 0.341852 0.048679 0.0483227
0 0.131331 0.284513 0.0339725 0.0338907
0 0.70636 0.923729 0.049998 0.0482626
0 0.514169 0.780499 0.038143 0.0373371
0 0.325735 0.714267 0.0417553 0.0410224
0 0.982503 0.592857 0.0349945 0.0545123
0 0.082821 0.842485 0.0347122 0.0342375
0 0.288237 0.592007 0.0544245 0.0521141
0 0.136238 0.442607 0.0421636 0.0422691
0 0.377284 0.956146 0.0356576 0.035449
0 0.410605 0.964619 0.0400257 0.0399954
0 0.788707 0.942574 0.0380815 0.0374681
0 0.639209 0.576529 0.0691109 0.0656085
0 0.27563 0.0625868 0.027076 0.02646
0 0.451387 0.125178 0.0428646 0.0409007
0 0.851674 0.886989 0.0276218 0.0270038
0 0.239107 0.902164 0.0345386 0.0341322
0 0.193228 0.718633 0.0309304 0.0306181
0 0.562464 0.692669 0.0299316 0.0288908
0 0.0876221 0.338095 0.0281853 0.0279236
0 0.360727 0.648911 0.0303951 0.0292928
0 0.582125 0.830335 0.039253 0.0380748
0 0.408847 0.717323 0.0265357 0.0266144
0 0.0419541 0.342141 0.0493548 0.048146
0 0.380066 0.792322 0.0323775 0.0318195
0 0.383635 0.887932 0.026426 0.0264499
0 0.897549 0.85985 0.0286865 0.0285177
0 0.509459 0.21632 0.0273129 0.0263763
0 0.178379 0.778083 0.0261776 0.0261331
0 0.700605 0.82721 0.0309224 0.0304372
0 0.746748 0.253593 0.025341 0.0252696
0 0.689062 0.772737 0.0393583 0.0386173
0 0.960625 0.507546 0.0307434 0.0302755
0 0.0669924 0.441383 0.0298101 0.0295636
0 0.832519 0.734096 0.0283217 0.0278172
0 0.25485 0.802501 0.028586 0.0279789
0 0.779284 0.574692 0.0283134 0.0277593
0 0.593311 0.8983 0.0274477 0.0271561
0 0.0632673 0.646033 0.0351986 0.0351391
0 0.176745 0.514153 0.0341548 0.0329958
0 0.446149 0.478905 0.0250999 0.0241795
0 0.00895153 0.579081 0.0178676 0.0452498
0 0.387591 0.746783 0.0474198 0.0467772
0 0.975467 0.275648 0.0421906 0.0392761
0 0.162448 0.92035 0.0689128 0.0669209
0 0.330397 0.812062 0.0322529 0.0317331
0 0.722949 0.801191 0.0347967 0.0340228
0 0.905174 0.655399 0.0282606 0.0283294
0 0.250276 0.73352 0.0242314 0.0240309
0 0.99253 0.0322893 0.0149393 0.05712
0 0.981685 0.994433 0.0285074 0.0111336
0 0.971623 0.697984 0.0567545 0.0643153
0 0.946473 0.910218 0.106943 0.162139
0 0.290623 0.800072 0.0317345 0.0309207
0 0.205471 0.153049 0.410496 0.304044
0 0.615319 0.124652 0.118128 0.108119
0 0.557697 0.90244 0.0246181 0.0241476
0 0.971716 0.657336 0.0242743 0.0243728
0 0.399728 0.552655 0.0324614 0.0310653
0 0.21 0.23932 0.0430198 0.0419719
0 0.277713 0.141203 0.0236696 0.0235518
0 0.290458 0.424428 0.0408116 0.0383542
0 0.858403 0.656969 0.0282728 0.0281844
0 0.157259 0.659916 0.0250729 0.024164
0 0.060379 0.908946 0.0242765 0.0239193
0 0.938654 0.661841 0.0359414 0.0353038
0 0.235752 0.701382 0.0239426 0.0232813
0 0.562668 0.633945 0.0486228 0.0473648
0 0.389133 0.892633 0.264466 0.214734
0 0.357841 0.773362 0.0266318 0.0266612
0 0.14574 0.243824 0.033382 0.032289
0 0.96987 0.00602865 0.0241687 0.0120438
0 0.0138643 0.829091 0.0226184 0.0223918
0 0.773099 0.509943 0.0269217 0.0259705
0 0.859748 0.586152 0.0275065 0.027379
0 0.1595 0.471946 0.0244053 0.0237653
0 0.864109 0.375071 0.054682 0.0517527
0 0.723475 0.631145 0.0240863 0.0241365
0 0.887534 0.792466 0.0348122 0.0341908
0 0.200246 0.472275 0.0262596 0.0264262
0 0.837823 0.986536 0.0260118 0.0251068
0 0.399266 0.0989364 0.0549751 0.0531147
0 0.85404 0.839619 0.0291469 0.0286283
0 0.849974 0.670028 0.0248876 0.0244625
0 0.90963 0.69229 0.038517 0.0380075
0 0.00433317 0.336574 0.00866634 0.0236562
0 0.619876 0.0576574 0.0419662 0.0390817
