0 0.310168 0.147719 0.0966856 0.0833551
0 0.864665 0.57919 0.0380532 0.03353
0 0.0141876 0.309993 0.0283752 0.0365226
0 0.962936 0.827483 0.0441418 0.0387806
0 0.8484 0.839394 0.0420047 0.0365468
0 0.622454 0.099419 0.0307343 0.0278362
0 0.513619 0.711127 0.0355376 0.0292091
0 0.584041 0.762207 0.0276606 0.0238787
0 0.866082 0.706312 0.0327693 0.0289011
0 0.115982 0.8325 0.0247824 0.0222135
0 0.541241 0.652521 0.0261695 0.0224145
0 0.615723 0.702633 0.0255551 0.0226746
0 0.44131 0.708061 0.025914 0.0225999
0 0.822489 0.800526 0.0230985 0.0214879
0 0.910974 0.777759 0.0224957 0.0208911
