0 0.247266 0.730311 0.0696181 0.064706
0 0.0779911 0.505407 0.0522465 0.0508531
0 0.812461 0.554497 0.0445013 0.043573
0 0.940707 0.576257 0.0421781 0.0416567
0 0.101286 0.117729 0.0400612 0.0385087
0 0.448613 0.417262 0.0312757 0.029956
0 0.392414 0.353195 0.0333072 0.032465
0 0.541151 0.623985 0.0594685 0.0570817
0 0.55191 0.436306 0.0253677 0.0248011
0 0.64957 0.227281 0.0272019 0.0264967
0 0.171283 0.0790402 0.0262588 0.0249138
0 0.0782765 0.0182563 0.0473599 0.0364474
0 0.888136 0.264463 0.0253526 0.0244079
0 0.82869 0.0838615 0.0283529 0.027443
0 0.900044 0.614627 0.0290799 0.0280931
0 0.15156 0.687253 0.029439 0.0286177
0 0.303822 0.442485 0.0245632 0.0237945
0 0.023732 0.241191 0.0465594 0.0474051
0 0.60662 0.00934961 0.0265419 0.0186503
0 0.582985 0.600586 0.0361857 0.0348986
0 0.363086 0.76658 0.0272573 0.0261397
0 0.897038 0.453947 0.023627 0.0228717
0 0.970736 0.717502 0.0239291 0.0228372
0 0.285708 0.36066 0.0239277 0.0231601
0 0.243738 0.0942293 0.0246172 0.0240616
0 0.344452 0.397827 0.0327991 0.0315003
0 0.286575 0.147588 0.0263441 0.0252944
0 0.769966 0.511955 0.0259139 0.0250777
0 0.90197 0.302879 0.02443 0.0240939
0 0.0735296 0.139741 0.023733 0.0232499
0 0.365108 0.539543 0.0236096 0.0227798
0 0.334778 0.24652 0.0656757 0.0636934
0 0.801043 0.0807432 0.0234238 0.0227662
0 0.112096 0.0752438 0.0242356 0.0232084
0 0.311583 0.395251 0.0325154 0.0312472
0 0.656534 0.795582 0.0257436 0.0232677
0 0.618138 0.982213 0.0277231 0.026351
0 0.281074 0.843641 0.0237778 0.0237295
