0 0.19597 0.250195 0.1288 0.102389
0 0.81977 0.102343 0.112321 0.0887209
0 0.126745 0.40248 0.216743 0.168531
0 0.209805 0.793814 0.0875572 0.0665746
0 0.916881 0.511658 0.0909286 0.074731
0 0.409837 0.490046 0.0859562 0.0694753
0 0.792038 0.566194 0.0552872 0.045013
0 0.0533878 0.796101 0.0683265 0.0543436
0 0.875464 0.228971 0.0729058 0.0576123
0 0.808451 0.825883 0.0631021 0.048589
0 0.2952 0.40752 0.0589602 0.0473786
0 0.9676 0.695026 0.0647995 0.0706306
0 0.924265 0.365103 0.0411668 0.032891
0 0.279277 0.158062 0.0611205 0.0466749
0 0.216792 0.545798 0.069276 0.0548768
0 0.267303 0.968715 0.0471699 0.0362633
0 0.424768 0.6093 0.0334567 0.0268642
0 0.294317 0.552631 0.03657 0.0288994
0 0.172825 0.658626 0.0774749 0.0609373
0 0.394779 0.772572 0.0518986 0.0391453
0 0.27653 0.289698 0.0522009 0.0411077
0 0.735394 0.822883 0.171402 0.139102
0 0.871954 0.838711 0.0550537 0.0419291
0 0.253544 0.0787981 0.0501769 0.0375058
0 0.131919 0.292112 0.0400791 0.0317954
0 0.379157 0.870016 0.0654582 0.0510964
0 0.770059 0.640877 0.0618681 0.0481083
0 0.26383 0.487612 0.0527124 0.0418699
0 0.0747364 0.85037 0.0625281 0.0517094
0 0.122653 0.86885 0.0484433 0.0368673
0 0.644165 0.429497 0.0314138 0.0257157
0 0.595875 0.0293452 0.0362773 0.0297456
0 0.627207 0.318686 0.0349903 0.0268507
0 0.13054 0.938882 0.063872 0.0482479
0 0.109307 0.832583 0.0325945 0.0254292
0 0.837871 0.801019 0.0302187 0.0235257
0 0.892742 0.638868 0.0574561 0.0464943
0 0.848376 0.74396 0.0467523 0.0362542
0 0.237957 0.439337 0.040576 0.0322686
0 0.382095 0.453953 0.0454812 0.0382726
0 0.273161 0.844165 0.0438896 0.0340105
0 0.0884392 0.894741 0.0491516 0.0397201
0 0.1566 0.416581 0.0597076 0.0485159
0 0.906162 0.407989 0.0307343 0.0254385
0 0.168858 0.312041 0.0411205 0.0334001
0 0.504848 0.601921 0.0446414 0.033787
0 0.982938 0.985711 0.0341232 0.0279516
0 0.63689 0.0767933 0.0373209 0.0295579
0 0.0228514 0.0176988 0.0456392 0.0353903
0 0.864893 0.372438 0.0324933 0.0263608
0 0.376884 0.121302 0.0320519 0.025299
0 0.518468 0.167252 0.06436 0.0516494
0 0.782881 0.152186 0.0512171 0.0406356
0 0.969093 0.547036 0.061074 0.0567005
0 0.16658 0.895592 0.0672796 0.0511662
0 0.870124 0.778859 0.0485436 0.0373711
0 0.947711 0.229539 0.0324416 0.0265141
0 0.851317 0.337869 0.0388452 0.0304553
0 0.236108 0.128755 0.0427897 0.0346548
0 0.829345 0.365433 0.0374327 0.0293608
0 0.754793 0.270335 0.0378394 0.028813
0 0.0989396 0.319957 0.045295 0.0370072
0 0.687718 0.266997 0.033902 0.0260734
0 0.105553 0.758194 0.0717654 0.0550222
0 0.138867 0.346634 0.0274241 0.0225194
0 0.907107 0.201149 0.041027 0.0325255
0 0.429938 0.796807 0.031325 0.0248583
0 0.478257 0.683087 0.0294998 0.0237978
0 0.0800204 0.556309 0.0757259 0.059237
0 0.212254 0.0389982 0.0293258 0.022849
0 0.037834 0.9102 0.0441497 0.0339334
0 0.240297 0.645419 0.0518009 0.0404763
0 0.433036 0.357444 0.0291102 0.0227312
0 0.64592 0.747475 0.096161 0.076478
0 0.0666267 0.173387 0.0560924 0.0430858
0 0.41247 0.0553175 0.0366086 0.0289215
0 0.46117 0.834646 0.0296378 0.023091
0 0.239619 0.358059 0.0263339 0.0220146
0 0.0772603 0.391213 0.028569 0.0239269
0 0.229025 0.700115 0.0809102 0.0627089
0 0.973526 0.915018 0.0260112 0.0215283
0 0.28183 0.447419 0.0434112 0.0344315
0 0.334875 0.223844 0.0298656 0.0238363
0 0.770387 0.436142 0.084422 0.0683852
0 0.586615 0.986986 0.0306385 0.0247431
0 0.451705 0.646787 0.0678639 0.052761
0 0.223078 0.7443 0.0804825 0.0621557
0 0.0575675 0.651941 0.0261683 0.0212936
0 0.501392 0.658118 0.0289331 0.0233243
0 0.606234 0.729564 0.185069 0.15562
0 0.0930499 0.0468266 0.0359476 0.0287979
0 0.495663 0.495901 0.0862549 0.0677463
0 0.140829 0.373389 0.036413 0.0285902
0 0.952227 0.191237 0.0437119 0.0346473
0 0.0235454 0.85459 0.0470907 0.123551
0 0.447322 0.821755 0.0376813 0.0290566
0 0.906639 0.966454 0.0370244 0.0302789
0 0.301036 0.717616 0.0330858 0.026685
0 0.367847 0.994029 0.0271667 0.0119413
0 0.635654 0.0391602 0.0367856 0.0298135
0 0.828166 0.477857 0.0614672 0.0519921
0 0.469869 0.195034 0.100008 0.0806876
0 0.407048 0.665071 0.0272403 0.0223212
0 0.720937 0.740435 0.0445469 0.034931
0 0.647361 0.15059 0.0292923 0.0233602
0 0.0081302 0.254471 0.0162604 0.0444505
0 0.982865 0.391905 0.0340676 0.056033
0 0.562305 0.981491 0.0449253 0.0352528
0 0.784901 0.183819 0.0497426 0.0421887
0 0.351249 0.935927 0.0519997 0.0393183
0 0.231033 0.721118 0.120441 0.100022
0 0.257275 0.874531 0.0313209 0.0245998
