0 0.911481 0.656883 0.177038 0.32233
0 0.293604 0.419676 0.0421064 0.0401264
0 0.464295 0.623662 0.0448193 0.0444894
0 0.344622 0.704331 0.0289453 0.0275037
0 0.0560395 0.0118393 0.0368211 0.0236252
0 0.692263 0.273338 0.0332844 0.0328159
0 0.0229434 0.859198 0.0270179 0.0260489
0 0.727923 0.139652 0.0802264 0.0777931
0 0.936295 0.0853428 0.0410758 0.0398595
0 0.329423 0.679961 0.0285294 0.0269878
0 0.265986 0.850071 0.0252541 0.0246434
0 0.360175 0.0803863 0.0360458 0.0341153
0 0.412961 0.138221 0.0369986 0.03453
0 0.0597438 0.256127 0.0326182 0.0313867
0 0.0925031 0.585698 0.0263261 0.0253751
0 0.00791352 0.921842 0.0158202 0.0283291
0 0.365808 0.0551662 0.0310441 0.0296213
0 0.626828 0.783585 0.0245155 0.0241957
0 0.436134 0.139116 0.0322319 0.031919
0 0.153308 0.988693 0.0250759 0.0224325
0 0.750266 0.823229 0.0306451 0.0302243
0 0.196981 0.811866 0.0377838 0.0368911
0 0.828988 0.157223 0.114576 0.107549
0 0.613784 0.956962 0.0261122 0.0255275
0 0.904119 0.271949 0.0465271 0.0443284
0 0.546262 0.994947 0.0323036 0.0101068
0 0.398115 0.440808 0.0238415 0.0231812
0 0.224311 0.68262 0.0282948 0.0272126
0 0.381229 0.0152193 0.0266072 0.0264942
0 0.245697 0.350759 0.0258167 0.0252553
0 0.817546 0.236131 0.208184 0.223255
0 0.0308076 0.956201 0.0229821 0.0220953
0 0.8962 0.303723 0.207599 0.34542
0 0.64304 0.24255 0.132106 0.124409
0 0.700314 0.971816 0.0292606 0.0283967
0 0.2192 0.812356 0.0260696 0.0256577
0 0.63856 0.765942 0.0335915 0.0334744
0 0.401467 0.529023 0.0239631 0.0236527
0 0.844664 0.212651 0.0301114 0.0299043
0 0.0904704 0.994468 0.0296722 0.0110635
0 0.929787 0.560534 0.0236595 0.0227968
0 0.161385 0.803434 0.0261882 0.0254756
0 0.147366 0.951372 0.0248017 0.0245322
