0 0.898488 0.366655 0.203025 0.231756
0 0.537845 0.539086 0.201909 0.185971
0 0.885906 0.918033 0.168201 0.158191
0 0.876022 0.059221 0.222784 0.117916
0 0.448105 0.451172 0.111841 0.107011
0 0.0717699 0.957758 0.0974205 0.0844842
0 0.958834 0.732621 0.0823311 0.0883949
0 0.0790535 0.100439 0.0471261 0.0439568
0 0.113567 0.0395784 0.0587475 0.0547176
0 0.0208229 0.285295 0.0367789 0.0341765
0 0.46166 0.211205 0.0410842 0.0392202
0 0.826769 0.239706 0.0343726 0.031716
0 0.165513 0.581724 0.0429421 0.0405215
0 0.399637 0.499717 0.0319874 0.0309973
0 0.19482 0.440572 0.122649 0.11648
0 0.379507 0.0712338 0.0337751 0.0322734
0 0.770108 0.859912 0.0362592 0.0329903
0 0.666358 0.0720722 0.0771782 0.0727084
0 0.222379 0.29047 0.195251 0.175457
0 0.365837 0.676331 0.0306125 0.0298736
0 0.702904 0.807746 0.026597 0.025261
0 0.413429 0.968386 0.0326812 0.030827
0 0.0246132 0.13612 0.0312819 0.0296557
0 0.487786 0.0495884 0.0303339 0.0290908
0 0.0649699 0.283364 0.0299308 0.0282926
0 0.364645 0.181546 0.02649 0.0252913
0 0.837165 0.670583 0.0280231 0.0263998
0 0.845802 0.475961 0.0273851 0.0264806
0 0.794805 0.959387 0.181338 0.0812259
0 0.638826 0.278183 0.0972688 0.0905868
0 0.445254 0.111578 0.024929 0.0241468
0 0.737638 0.292537 0.0273833 0.0257663
0 0.134345 0.326168 0.106393 0.102179
0 0.0709688 0.527132 0.026072 0.0244265
0 0.528028 0.18752 0.0927314 0.0887589
0 0.0787726 0.444584 0.0249091 0.0235023
0 0.529917 0.0133348 0.0384207 0.0266589
0 0.769747 0.532644 0.0254364 0.0246944
0 0.0674053 0.79566 0.0601302 0.0556873
0 0.960152 0.165465 0.0583646 0.054358
0 0.804234 0.989804 0.0267979 0.0203576
0 0.557662 0.939549 0.0282041 0.0265037
0 0.301162 0.829497 0.0852996 0.0780586
0 0.316983 0.212164 0.024507 0.0232021
0 0.102333 0.178376 0.0265482 0.025344
0 0.638367 0.398005 0.0261426 0.0251647
0 0.0418923 0.740252 0.0833644 0.0835554
0 0.13465 0.0484202 0.0347515 0.0323689
0 0.988326 0.993647 0.0230461 0.0127058
0 0.816652 0.52123 0.0239432 0.0235057
0 0.123333 0.911782 0.0562876 0.0516258
0 0.989312 0.515928 0.0213765 0.0308468
0 0.0882007 0.272075 0.0262868 0.0249971
0 0.300686 0.892895 0.0663564 0.0625872
0 0.830375 0.611969 0.0276666 0.0272775
0 0.896083 0.572499 0.0514805 0.0507979
0 0.243789 0.524189 0.0872701 0.0840539
0 0.306321 0.930375 0.0285261 0.0279236
0 0.188379 0.0110098 0.0572834 0.0220105
