0 0.750709 0.765822 0.0500388 0.0372079
0 0.128502 0.679498 0.0696872 0.0487916
0 0.763751 0.17081 0.075089 0.0559088
0 0.650415 0.223025 0.0492678 0.036679
0 0.570198 0.200159 0.0393244 0.0287989
0 0.89437 0.92193 0.0379222 0.0280147
0 0.317611 0.278052 0.061885 0.0456206
0 0.879901 0.198673 0.0692395 0.0522339
0 0.757391 0.208546 0.0538373 0.0404302
0 0.302155 0.019026 0.0447995 0.034983
0 0.720328 0.364432 0.0356941 0.0264372
0 0.817708 0.226157 0.0387104 0.0290292
0 0.010178 0.94248 0.0202286 0.0382037
0 0.317358 0.197586 0.0383468 0.0285826
0 0.297753 0.214604 0.0487207 0.0374369
0 0.614697 0.598229 0.0322758 0.0244832
0 0.192077 0.780228 0.0317632 0.022819
0 0.276223 0.242299 0.0415232 0.0314473
0 0.368075 0.278614 0.0438039 0.0333749
0 0.443673 0.16291 0.0317526 0.0242062
0 0.261135 0.137806 0.0305049 0.0231824
0 0.405347 0.421915 0.111244 0.0808919
0 0.372442 0.47449 0.0295449 0.022857
0 0.786613 0.233785 0.0344162 0.0251184
0 0.688884 0.404113 0.0290902 0.0217659
0 0.617336 0.216667 0.0288603 0.0222636
0 0.00857772 0.146662 0.0171554 0.0241962
0 0.781977 0.858038 0.0373204 0.0284142
0 0.681521 0.60251 0.0311618 0.0240594
0 0.857323 0.317746 0.0295279 0.0233148
0 0.445296 0.669671 0.0302001 0.0231254
0 0.655039 0.988325 0.0284812 0.0220575
0 0.849258 0.600054 0.0877852 0.0648727
0 0.381358 0.212373 0.0287671 0.0219883
0 0.327594 0.320926 0.0344142 0.0267135
0 0.413161 0.90252 0.0286856 0.0216093
0 0.854803 0.37336 0.0464675 0.0344322
0 0.81316 0.188807 0.0317039 0.0242321
0 0.504221 0.529073 0.0294291 0.0221156
0 0.570867 0.00754009 0.0304015 0.0150305
0 0.245841 0.84639 0.0294488 0.0221138
0 0.8301 0.832786 0.0279273 0.0219674
0 0.0761035 0.851151 0.0282694 0.0217098
