0 0.257872 0.440669 0.154471 0.150635
0 0.909418 0.153725 0.0575236 0.0552161
0 0.10396 0.840763 0.0599585 0.0579047
0 0.318505 0.209112 0.0578141 0.055669
0 0.947255 0.274237 0.0800253 0.077044
0 0.827238 0.201332 0.0478139 0.0463503
0 0.95907 0.442341 0.0498276 0.049146
0 0.873169 0.801375 0.0541673 0.0530331
0 0.687637 0.74568 0.0373034 0.0372656
0 0.292941 0.900198 0.0618372 0.0600498
0 0.907788 0.0203744 0.0583064 0.040657
0 0.508161 0.132364 0.0444968 0.0436638
0 0.468947 0.689258 0.0321016 0.032119
0 0.882682 0.370702 0.0460987 0.0453151
0 0.251259 0.656825 0.045583 0.0448696
0 0.668994 0.125831 0.0398638 0.0390921
0 0.164768 0.403292 0.0394688 0.0386622
0 0.230561 0.746886 0.0491823 0.0477279
0 0.67782 0.811572 0.0410565 0.0404969
0 0.530136 0.302411 0.0523627 0.0517714
0 0.122125 0.562679 0.0586361 0.0576737
0 0.283679 0.045638 0.042155 0.0406033
0 0.120322 0.516145 0.0489181 0.0483935
0 0.366883 0.305544 0.0324545 0.0313116
0 0.836723 0.468719 0.0387361 0.037662
0 0.96426 0.394404 0.0372891 0.0362728
0 0.675044 0.555711 0.0259395 0.0256908
0 0.890907 0.542876 0.0290593 0.0283162
0 0.595266 0.236508 0.0331415 0.0328223
0 0.711647 0.107389 0.0274085 0.0270128
0 0.643001 0.333414 0.0504845 0.0491168
0 0.787856 0.119053 0.0357116 0.0350707
0 0.389035 0.268097 0.0303098 0.0295343
0 0.446388 0.498581 0.039801 0.0387239
0 0.061134 0.313197 0.0327156 0.0318113
0 0.950409 0.916476 0.0343815 0.0333887
0 0.190954 0.632538 0.0263398 0.0256705
0 0.171049 0.105636 0.0297406 0.0288232
0 0.622442 0.38959 0.0271513 0.0268714
0 0.181462 0.543942 0.0297923 0.0291351
0 0.199222 0.110266 0.033565 0.0325524
0 0.482435 0.558148 0.0410619 0.0397633
0 0.554166 0.893394 0.040628 0.0394605
0 0.559546 0.657774 0.0369981 0.0364727
0 0.171728 0.0177891 0.0394909 0.0355781
0 0.641037 0.615447 0.0259862 0.0252226
0 0.12042 0.606635 0.0288858 0.0286111
0 0.17181 0.265161 0.0270018 0.0267326
0 0.493826 0.711302 0.0397062 0.0393702
0 0.253641 0.350257 0.0303318 0.0292416
0 0.0518292 0.640516 0.0348294 0.0341251
0 0.279748 0.23963 0.0357416 0.034326
0 0.0610198 0.211338 0.0280996 0.0278894
0 0.408474 0.588196 0.0336766 0.033335
0 0.0805952 0.259421 0.0278594 0.0274022
0 0.613817 0.100074 0.0256993 0.024979
0 0.332154 0.613445 0.048988 0.0482502
0 0.656421 0.439246 0.065007 0.0656092
0 0.902431 0.310527 0.030279 0.029657
0 0.59993 0.87893 0.053709 0.0532649
0 0.336791 0.421465 0.0237215 0.0235192
0 0.79528 0.146965 0.0270775 0.0265875
0 0.453403 0.643865 0.0391612 0.0388579
0 0.496117 0.504907 0.0274085 0.0268655
0 0.23752 0.0449837 0.0309792 0.0291296
0 0.488368 0.299391 0.0309553 0.0303435
0 0.427167 0.717556 0.0276562 0.0272724
0 0.320557 0.649649 0.031577 0.0309815
0 0.532832 0.237417 0.162694 0.162504
0 0.0864022 0.0912743 0.0233704 0.0232111
0 0.0561476 0.490801 0.0255001 0.0251238
0 0.787909 0.991023 0.0268488 0.0179544
0 0.471757 0.126484 0.420032 0.252303
0 0.374408 0.489871 0.0273836 0.0266896
0 0.880482 0.693431 0.0528121 0.0514361
0 0.804817 0.454687 0.0234514 0.0234589
0 0.0743069 0.650782 0.0247901 0.0242529
0 0.170983 0.295402 0.0276566 0.0268911
0 0.818125 0.586237 0.0267412 0.02627
0 0.619927 0.305204 0.0604711 0.0585914
0 0.855918 0.839837 0.0230197 0.0228214
0 0.663802 0.0969096 0.0257324 0.0254904
0 0.0151575 0.157155 0.0248299 0.0244107
0 0.876164 0.129118 0.0278344 0.0267516
0 0.699814 0.535778 0.0390041 0.0384893
0 0.0063467 0.785702 0.0126934 0.0445008
0 0.769849 0.473303 0.029133 0.0286933
0 0.0169776 0.890792 0.0255201 0.0248831
0 0.150885 0.536922 0.0222692 0.0223619
0 0.0730138 0.232364 0.0268451 0.0267553
0 0.678552 0.413037 0.0488477 0.0479442
0 0.789621 0.434308 0.0223587 0.0221823
0 0.611643 0.553812 0.0245802 0.0242612
