0 0.298087 0.694858 0.0719999 0.0636396
0 0.404823 0.833567 0.0559883 0.0486422
0 0.539577 0.438054 0.0570328 0.0536776
0 0.382376 0.585303 0.0344039 0.0305684
0 0.299377 0.197891 0.0459828 0.0428766
0 0.0601677 0.315312 0.029955 0.0260623
0 0.0321108 0.786293 0.0378724 0.0339606
0 0.533587 0.990817 0.0410541 0.0183668
0 0.984187 0.417651 0.0316052 0.0371176
0 0.0538091 0.292195 0.0254597 0.0226634
0 0.659824 0.363731 0.0296764 0.0284072
0 0.315098 0.370759 0.0285872 0.0266721
0 0.183133 0.0472066 0.0278739 0.0271306
0 0.342121 0.623677 0.0253128 0.0229552
0 0.46998 0.502527 0.0473035 0.0428126
0 0.518968 0.468528 0.0369534 0.0347631
0 0.0481657 0.468497 0.0374318 0.0334373
0 0.488806 0.057927 0.0343131 0.0311353
0 0.578822 0.0174145 0.0512997 0.034829
0 0.957915 0.904569 0.0375998 0.0308447
0 0.465898 0.0377874 0.0380356 0.0350827
0 0.575512 0.54122 0.0236585 0.0221374
0 0.905434 0.41249 0.0646705 0.0580458
0 0.682179 0.177999 0.0306396 0.0280761
0 0.5961 0.655963 0.024389 0.0225966
0 0.444276 0.33385 0.0290088 0.0263763
