0 0.170244 0.371581 0.0392797 0.0351236
0 0.315336 0.019427 0.0416111 0.0382237
0 0.459659 0.629513 0.0395386 0.0350387
0 0.702346 0.769971 0.0388597 0.0351039
0 0.304926 0.0660173 0.0437427 0.0398676
0 0.551883 0.648658 0.0354056 0.0316342
0 0.211445 0.29897 0.0301868 0.0271293
0 0.834036 0.961442 0.0337958 0.0306346
0 0.975158 0.647217 0.0292597 0.0275247
0 0.263187 0.613934 0.0311641 0.0279128
0 0.37255 0.0349909 0.0322124 0.0290631
0 0.776461 0.033505 0.0349874 0.0326391
0 0.267465 0.27332 0.0282024 0.0257134
0 0.846756 0.369954 0.0503507 0.0471318
0 0.969671 0.346441 0.0332829 0.030823
0 0.661031 0.773384 0.0532741 0.0490881
0 0.965454 0.429242 0.0295167 0.0280157
0 0.315275 0.483769 0.0255131 0.0234515
0 0.80792 0.335421 0.0308289 0.0290338
0 0.36299 0.169569 0.0288558 0.0262114
0 0.561712 0.772757 0.0396061 0.0364695
0 0.214331 0.960002 0.0244581 0.0235546
0 0.315497 0.437054 0.025486 0.0237466
0 0.897715 0.684965 0.0261065 0.0244198
0 0.920574 0.741572 0.0287644 0.0275598
0 0.251802 0.548037 0.0262541 0.0241044
0 0.834416 0.253918 0.0252753 0.0236446
0 0.570149 0.904722 0.029237 0.0258344
0 0.198601 0.178687 0.0357648 0.0335813
0 0.516482 0.104006 0.0251991 0.0227184
0 0.420469 0.833086 0.0416482 0.0384674
0 0.332386 0.529738 0.0253457 0.0231256
0 0.625655 0.917557 0.0256893 0.0230527
0 0.0277171 0.28547 0.0237404 0.0221409
0 0.875266 0.148094 0.0515578 0.0489955
0 0.24695 0.528125 0.0284655 0.02551
