0 0.738055 0.595548 0.33953 0.287257
0 0.888342 0.200204 0.0558838 0.0513823
0 0.858916 0.367721 0.0574976 0.0530175
0 0.98285 0.181848 0.0342999 0.037743
0 0.0364531 0.749132 0.0311744 0.0286269
0 0.764688 0.919489 0.0449457 0.0419174
0 0.0322107 0.1166 0.0352341 0.0321021
0 0.257757 0.19089 0.029089 0.027535
0 0.125126 0.575386 0.0328574 0.030742
0 0.432953 0.115076 0.0418231 0.0392176
0 0.982284 0.661871 0.0354322 0.036725
0 0.0612522 0.0884615 0.034513 0.0313968
0 0.101303 0.296966 0.0411034 0.0393842
0 0.535082 0.596478 0.0276866 0.0252476
0 0.165217 0.375583 0.330434 0.431889
0 0.650373 0.700913 0.0390913 0.0350649
0 0.928511 0.969433 0.0329127 0.0303052
0 0.777 0.875184 0.0363877 0.0350419
0 0.201883 0.490009 0.0326594 0.030426
0 0.914055 0.943951 0.0259717 0.0244323
0 0.887418 0.852298 0.0516762 0.0485613
0 0.240409 0.249038 0.0331031 0.0309639
0 0.36 0.282278 0.026167 0.0254449
0 0.403078 0.457991 0.0273354 0.0268263
0 0.438516 0.888192 0.0513971 0.0476414
0 0.0514569 0.574799 0.0472499 0.0447922
0 0.0519781 0.974706 0.0650455 0.0503278
0 0.00473009 0.323487 0.00946017 0.0238686
0 0.461548 0.319318 0.0268862 0.0257389
0 0.136455 0.0948432 0.271824 0.189012
0 0.839995 0.127052 0.0315072 0.0291778
0 0.550853 0.917115 0.139248 0.129294
0 0.169227 0.150083 0.0255723 0.0248051
0 0.846408 0.104117 0.025918 0.0246765
0 0.466931 0.268067 0.0264348 0.0246953
0 0.731025 0.653574 0.0419493 0.0400154
0 0.306748 0.917303 0.0263437 0.0255733
0 0.320051 0.769911 0.0269269 0.0248441
