0 0.312006 0.385363 0.162674 0.168604
0 0.329082 0.688926 0.0495472 0.0486245
0 0.345432 0.219358 0.0552846 0.054642
0 0.563786 0.748535 0.0436008 0.0424811
0 0.874556 0.568456 0.0369345 0.0359247
0 0.114594 0.15965 0.03611 0.0356382
0 0.724301 0.808224 0.030889 0.0304813
0 0.250085 0.151008 0.0318318 0.0311713
0 0.825035 0.964944 0.0340734 0.0338478
0 0.347547 0.731011 0.0302263 0.0291314
0 0.159722 0.922758 0.0345167 0.0336218
0 0.859745 0.765852 0.0294741 0.0289662
0 0.908821 0.828506 0.0281231 0.027775
0 0.811599 0.0947367 0.026335 0.0259973
0 0.564552 0.715308 0.0346861 0.0348008
0 0.64652 0.603857 0.0265862 0.0261259
0 0.481481 0.563257 0.029933 0.0293194
0 0.181326 0.194042 0.11453 0.112299
0 0.94179 0.365959 0.0253999 0.02509
0 0.949508 0.606455 0.0295051 0.0287584
0 0.342624 0.880574 0.0292422 0.0286798
0 0.352695 0.809413 0.0253735 0.0248016
0 0.0636455 0.730194 0.026643 0.0262918
0 0.392236 0.77031 0.0278986 0.0277341
0 0.439631 0.56263 0.0290052 0.0284262
0 0.594614 0.87685 0.0255383 0.0253053
0 0.492174 0.768575 0.025817 0.0250871
0 0.390932 0.696997 0.0286622 0.0282359
0 0.645366 0.730051 0.0236905 0.0233355
0 0.880851 0.117513 0.0249168 0.0243796
0 0.546263 0.847742 0.299771 0.29587
0 0.750299 0.396195 0.204456 0.217615
0 0.500977 0.440802 0.0245482 0.024131
0 0.769695 0.978141 0.0266447 0.0259867
0 0.551825 0.237974 0.0259474 0.0248525
0 0.0413326 0.264774 0.0411692 0.0393584
0 0.131885 0.115445 0.0269594 0.0266956
0 0.289167 0.0889487 0.0222522 0.0219892
0 0.21123 0.386419 0.0568647 0.0542151
0 0.00589703 0.269912 0.0117941 0.0365947
0 0.733779 0.646629 0.0245837 0.0240971
0 0.414482 0.925033 0.0402144 0.0384346
0 0.991601 0.472884 0.0167981 0.0245105
0 0.46388 0.0917246 0.0275237 0.0271364
0 0.786545 0.135839 0.0228922 0.0226292
0 0.296781 0.818386 0.0282522 0.0276247
0 0.03176 0.907365 0.0423745 0.0409346
0 0.692752 0.264109 0.0234051 0.0231078
0 0.419812 0.532866 0.0763104 0.0736774
0 0.591522 0.636063 0.0284791 0.0275216
0 0.813842 0.48207 0.0325458 0.0321871
