0 0.84193 0.0251084 0.0698183 0.0501233
0 0.785642 0.97522 0.0448093 0.0413362
0 0.269734 0.83718 0.0471045 0.0419481
0 0.341655 0.0370187 0.0374227 0.0321145
0 0.491301 0.759119 0.0399962 0.0371687
0 0.675154 0.528379 0.0330169 0.0294058
0 0.666769 0.729725 0.0326808 0.0305862
0 0.526824 0.862536 0.037117 0.0345781
0 0.50141 0.871075 0.0377921 0.0356712
0 0.542822 0.615002 0.027727 0.0246804
0 0.0387948 0.776566 0.0324245 0.030468
0 0.0711598 0.71191 0.0582218 0.0520349
0 0.594339 0.44102 0.0261539 0.0238402
0 0.614946 0.959064 0.0370713 0.0355967
0 0.611135 0.156337 0.0302558 0.0264753
0 0.231492 0.720956 0.0498166 0.0437802
0 0.568695 0.599853 0.0260952 0.0238563
0 0.234463 0.649746 0.0248471 0.0223217
0 0.64747 0.484418 0.0243859 0.0222843
0 0.567382 0.977526 0.0472519 0.0438616
0 0.350136 0.941463 0.0383701 0.0359595
0 0.538904 0.943305 0.0513129 0.0492668
0 0.495058 0.810093 0.0411399 0.0379182
0 0.200859 0.913191 0.0477586 0.0431269
0 0.352522 0.721425 0.0627291 0.0581267
0 0.474372 0.709937 0.0431204 0.0385473
0 0.729178 0.260704 0.0247344 0.0221638
0 0.28403 0.671522 0.0248694 0.0223123
0 0.314099 0.784303 0.0244787 0.0230396
0 0.877332 0.852379 0.0234855 0.0220764
