0 0.57294 0.317097 0.33875 0.271016
0 0.358911 0.806879 0.319042 0.207221
0 0.953797 0.732413 0.0912447 0.0750562
0 0.259956 0.396111 0.0618483 0.0467547
0 0.134611 0.731086 0.0549118 0.0411457
0 0.960142 0.40672 0.0498631 0.0391878
0 0.330503 0.629917 0.0688406 0.0526432
0 0.246088 0.189391 0.052489 0.0404849
0 0.822223 0.352703 0.0609846 0.0466459
0 0.419099 0.211813 0.050631 0.0391963
0 0.518638 0.486773 0.0479434 0.0351047
0 0.0897069 0.668423 0.0940061 0.0693948
0 0.651973 0.497174 0.056107 0.0437836
0 0.266735 0.615821 0.0496437 0.0365129
0 0.808047 0.779111 0.0406394 0.032246
0 0.918374 0.16681 0.0442698 0.0345176
0 0.370284 0.0538819 0.379023 0.107764
0 0.238627 0.645057 0.0372627 0.0287726
0 0.913188 0.314358 0.0508585 0.0392321
0 0.699316 0.52631 0.0735382 0.056907
0 0.470855 0.564353 0.0390777 0.0297975
0 0.112658 0.526459 0.0415527 0.0312619
0 0.386639 0.627416 0.0412008 0.0313162
0 0.753406 0.771455 0.047508 0.0375984
0 0.132252 0.828627 0.12563 0.0934398
0 0.609889 0.471703 0.0540028 0.0419719
0 0.176454 0.182104 0.201174 0.156629
0 0.23383 0.298038 0.0392904 0.0299437
0 0.178014 0.91703 0.031392 0.0239842
0 0.772822 0.296243 0.0428077 0.0333195
0 0.779793 0.0760691 0.440415 0.152138
0 0.145126 0.930275 0.0372701 0.0286887
0 0.0539724 0.686382 0.0359469 0.0287927
0 0.719173 0.847361 0.074458 0.0605778
0 0.727727 0.504031 0.0538248 0.0418367
0 0.951792 0.470762 0.0705417 0.0540396
0 0.0923972 0.743965 0.0305398 0.0241976
0 0.94861 0.143458 0.0396743 0.030269
0 0.920075 0.514442 0.0479286 0.0383994
0 0.317353 0.341182 0.0286417 0.0223377
0 0.948904 0.289187 0.0288883 0.0227961
0 0.825987 0.525645 0.129974 0.099323
0 0.732581 0.385096 0.0531068 0.0420582
0 0.194002 0.274322 0.0426639 0.0323806
0 0.709184 0.140942 0.0573413 0.0435008
0 0.00782396 0.34126 0.0156047 0.0358223
0 0.250157 0.561793 0.0301988 0.0235295
0 0.061985 0.767217 0.123842 0.110994
0 0.73704 0.554969 0.0337842 0.0264044
0 0.825429 0.303486 0.0318574 0.0242836
0 0.135873 0.399844 0.0342455 0.0265038
0 0.0125414 0.294041 0.0250829 0.0235785
0 0.670037 0.733941 0.0501978 0.0398049
0 0.298092 0.672509 0.106978 0.0816839
0 0.378035 0.339227 0.0306023 0.0237244
0 0.195955 0.635183 0.0489115 0.037691
0 0.0191597 0.646414 0.0383195 0.0610476
0 0.667453 0.160799 0.0331213 0.0249553
0 0.130883 0.432501 0.260777 0.406535
0 0.955579 0.529252 0.0372169 0.0291526
0 0.375119 0.511387 0.180449 0.141302
0 0.773921 0.826608 0.0476419 0.0371019
0 0.96965 0.266061 0.0339977 0.0272836
0 0.758463 0.876337 0.153208 0.123802
0 0.0272588 0.775134 0.0545176 0.0575976
