0 0.204192 0.814043 0.321828 0.277792
0 0.741132 0.818819 0.0823929 0.073754
0 0.517816 0.442369 0.171225 0.159096
0 0.95825 0.737839 0.0794541 0.0739766
0 0.277656 0.557029 0.106852 0.0985325
0 0.444574 0.225583 0.060298 0.0556378
0 0.783782 0.308095 0.164094 0.152647
0 0.241785 0.471398 0.0586991 0.0558136
0 0.535479 0.195755 0.0474029 0.0442733
0 0.166781 0.358324 0.1923 0.182757
0 0.941162 0.919778 0.0556578 0.0527149
0 0.137362 0.465559 0.0525129 0.0465181
0 0.0332668 0.71632 0.0664288 0.0947411
0 0.199013 0.162831 0.0462599 0.0435226
0 0.255733 0.00961883 0.0291569 0.0192377
0 0.65256 0.244366 0.17308 0.153544
0 0.372708 0.504835 0.0672383 0.0624828
0 0.897329 0.28793 0.0314305 0.0300431
0 0.40334 0.462213 0.0450095 0.041622
0 0.30626 0.465548 0.0675263 0.0634155
0 0.387993 0.554415 0.0405293 0.0367613
0 0.292863 0.680151 0.0310279 0.0283444
0 0.780591 0.61292 0.0312469 0.0293296
0 0.874256 0.0253906 0.0403337 0.0390436
0 0.374318 0.925683 0.0364922 0.0342402
0 0.852694 0.0120426 0.0624262 0.0240245
0 0.194569 0.502459 0.0583477 0.0522155
0 0.2327 0.624519 0.0474743 0.0439699
0 0.959603 0.844924 0.0313213 0.0297543
0 0.798292 0.049945 0.0353537 0.0339343
0 0.929473 0.819035 0.0373399 0.0355472
0 0.975045 0.982776 0.0283929 0.0270576
0 0.386035 0.33095 0.0525871 0.0498787
0 0.506596 0.719849 0.0322177 0.029325
0 0.918714 0.797062 0.027659 0.0259539
0 0.775241 0.168751 0.0252581 0.0245647
0 0.507212 0.294673 0.0326422 0.0308737
0 0.213965 0.658225 0.0695163 0.0620944
0 0.609296 0.684185 0.0418018 0.0378556
0 0.485626 0.0236332 0.0631619 0.0471994
0 0.539751 0.344676 0.025002 0.0235207
0 0.173959 0.543098 0.0963585 0.0875749
0 0.725607 0.0154849 0.0448747 0.0309698
0 0.0212487 0.224474 0.0415735 0.0409904
0 0.393333 0.428121 0.0290921 0.0270112
0 0.0452425 0.971283 0.0322056 0.0301655
0 0.733241 0.756337 0.0347636 0.0319257
0 0.752493 0.0288688 0.0259531 0.0249265
0 0.713467 0.7204 0.0486917 0.0452719
0 0.320094 0.0108551 0.0595361 0.0216181
0 0.377953 0.256297 0.0924306 0.0828019
0 0.270579 0.497322 0.0390859 0.0374092
0 0.382914 0.956765 0.0244305 0.0235098
0 0.954742 0.894935 0.0356037 0.0332114
0 0.095043 0.973306 0.0712399 0.0529822
0 0.602668 0.782211 0.0415001 0.0383751
0 0.898923 0.395969 0.023663 0.0226818
0 0.412201 0.160689 0.0251551 0.0235736
0 0.19721 0.273454 0.027966 0.0261957
0 0.377203 0.405628 0.0256218 0.0239543
0 0.53553 0.00644372 0.046675 0.0128874
0 0.347737 0.366398 0.0589597 0.0548845
0 0.189178 0.605601 0.0679961 0.0619807
0 0.808083 0.933024 0.0383554 0.0368355
0 0.979309 0.380392 0.0412725 0.0880977
0 0.396145 0.567843 0.0721437 0.0650247
0 0.0434896 0.927403 0.024628 0.0234304
0 0.361159 0.0909364 0.0533935 0.0495862
0 0.0317826 0.379863 0.0350717 0.0322068
0 0.663377 0.985283 0.0346759 0.0294323
0 0.582638 0.426802 0.048179 0.044095
0 0.652805 0.00451286 0.042826 0.00898489
0 0.338497 0.326662 0.0336546 0.0312705
0 0.416484 0.628258 0.0280179 0.0262456
0 0.140595 0.0470954 0.0716271 0.0662998
0 0.394 0.0458634 0.112687 0.0917268
0 0.441847 0.585983 0.0286018 0.0264135
0 0.596044 0.3965 0.0296881 0.0276791
0 0.441697 0.367664 0.0371131 0.0337118
0 0.598892 0.116282 0.041899 0.0392744
0 0.333264 0.131755 0.0241238 0.0231707
0 0.563721 0.967868 0.0353937 0.0339422
0 0.976905 0.869798 0.0273596 0.0252933
0 0.190883 0.45872 0.0452689 0.0422182
0 0.00657137 0.255495 0.0131377 0.0374278
0 0.945162 0.0678518 0.0311091 0.0295148
0 0.1848 0.122625 0.0567361 0.0530136
0 0.647834 0.587125 0.0439267 0.041068
0 0.531945 0.247707 0.0544299 0.051457
0 0.43523 0.731669 0.0746794 0.0675013
0 0.99561 0.612961 0.00877943 0.026176
0 0.342772 0.55958 0.0320644 0.0301144
0 0.243343 0.938822 0.304401 0.121787
0 0.140943 0.217614 0.0380216 0.0350702
0 0.513471 0.218172 0.0234887 0.0232587
0 0.567864 0.796589 0.0344055 0.0330121
