0 0.385017 0.516559 0.0652466 0.0520468
0 0.820325 0.0601649 0.0415883 0.0325375
0 0.655441 0.474854 0.0370173 0.0295691
0 0.587759 0.660689 0.0327695 0.0254223
0 0.088958 0.992369 0.044666 0.0152616
0 0.14697 0.459354 0.0294071 0.0234996
0 0.154018 0.152818 0.0304798 0.0249469
0 0.24561 0.457476 0.0299999 0.0245027
0 0.257049 0.347359 0.0287414 0.0234874
0 0.288197 0.0105933 0.0277872 0.0210569
0 0.243384 0.861322 0.027979 0.0223535
0 0.0532163 0.750057 0.0270826 0.0219746
0 0.132375 0.303092 0.0287562 0.0229824
0 0.959698 0.889809 0.0226471 0.0213644
0 0.1403 0.0867246 0.0268237 0.0219596
0 0.134894 0.118703 0.0262298 0.0223813
0 0.116862 0.0480706 0.0272262 0.0214499
