0 0.173332 0.213851 0.0488841 0.0427283
0 0.186289 0.747961 0.0314345 0.0261083
0 0.0637488 0.648451 0.127498 0.164281
0 0.368392 0.0577519 0.143222 0.114343
0 0.885494 0.277286 0.0344383 0.0309362
0 0.487469 0.849299 0.0380579 0.0313164
0 0.187635 0.943562 0.0346446 0.0293642
0 0.114336 0.0929115 0.0328901 0.0286205
0 0.239152 0.944162 0.031297 0.0264614
0 0.927755 0.964918 0.0773724 0.0636181
0 0.445358 0.230685 0.0315437 0.0263183
0 0.661469 0.595979 0.0345195 0.0297942
0 0.289843 0.0770496 0.0282667 0.0247335
0 0.44306 0.440471 0.0618783 0.0525051
0 0.867666 0.941621 0.264669 0.116758
0 0.789814 0.52241 0.0325195 0.0294805
0 0.0645495 0.808715 0.128932 0.190177
0 0.350969 0.886757 0.028556 0.0240083
0 0.59369 0.0607808 0.0613425 0.0478451
0 0.693537 0.678594 0.157537 0.138165
0 0.0111882 0.776393 0.0223516 0.0230265
0 0.544335 0.665661 0.0266907 0.0236028
0 0.250051 0.334691 0.120295 0.0965421
0 0.0190343 0.81661 0.0378969 0.036083
0 0.373165 0.563848 0.293302 0.235235
0 0.818759 0.48209 0.113646 0.0986479
0 0.920473 0.0658208 0.15885 0.131483
0 0.458178 0.115804 0.0964471 0.0817629
0 0.684882 0.173379 0.195342 0.168025
0 0.394433 0.653189 0.0593334 0.0486691
0 0.541119 0.406503 0.0436448 0.0375932
0 0.627311 0.351772 0.0263894 0.0221504
0 0.26517 0.0488261 0.0256935 0.0226329
0 0.526335 0.459386 0.0559606 0.0472803
0 0.940175 0.814842 0.119651 0.362737
0 0.340959 0.372752 0.0256119 0.022539
0 0.467078 0.306649 0.0272624 0.0228718
0 0.203984 0.486138 0.257955 0.226513
