0 0.328076 0.242372 0.0446871 0.0429549
0 0.373801 0.98461 0.031641 0.0297174
0 0.251199 0.519437 0.029342 0.0283209
0 0.306242 0.0160315 0.0303069 0.0289328
0 0.441386 0.0166327 0.025447 0.0243999
0 0.719228 0.665577 0.0250793 0.0240161
0 0.84263 0.719901 0.0249646 0.0240737
0 0.704714 0.103384 0.0235342 0.0219329
0 0.438469 0.900878 0.0241144 0.0225353
0 0.38338 0.565813 0.0230951 0.0222187
0 0.701186 0.530356 0.0236214 0.0229657
0 0.736503 0.266491 0.0234828 0.0223989
0 0.69714 0.868672 0.0230494 0.0220602
0 0.805239 0.625392 0.022813 0.0215497
