0 0.128924 0.436353 0.0555686 0.0536467
0 0.878452 0.320982 0.0427302 0.0414822
0 0.801267 0.702612 0.0380671 0.0366297
0 0.076747 0.418452 0.0444044 0.0428219
0 0.504183 0.960808 0.0405486 0.0375669
0 0.376862 0.147247 0.0294755 0.0283557
0 0.0707907 0.229359 0.0594044 0.0559684
0 0.641576 0.650637 0.0411519 0.0394974
0 0.316862 0.71339 0.0293965 0.0284561
0 0.538744 0.701287 0.0661635 0.0628362
0 0.224331 0.829337 0.0250562 0.0244228
0 0.987356 0.574088 0.0250542 0.0264835
0 0.818673 0.192303 0.0614859 0.0601315
0 0.524256 0.861029 0.0753231 0.0706331
0 0.418132 0.136703 0.0225941 0.0217351
0 0.519989 0.341982 0.0380766 0.0362091
0 0.686612 0.411225 0.0234788 0.0226251
0 0.515644 0.654748 0.0232835 0.0229657
0 0.503589 0.896996 0.06246 0.0597743
0 0.748212 0.0319752 0.0229844 0.0220061
0 0.348393 0.237113 0.0229362 0.0221283
