0 0.547626 0.664854 0.295089 0.234369
0 0.218134 0.721127 0.262707 0.211135
0 0.669143 0.439717 0.0837626 0.0688686
0 0.333693 0.245287 0.407817 0.27179
0 0.573643 0.0869385 0.0854406 0.0677044
0 0.589677 0.542372 0.219367 0.173737
0 0.865739 0.64901 0.106643 0.0856017
0 0.0875037 0.644954 0.0358904 0.0297565
0 0.310382 0.938515 0.0883352 0.0699776
0 0.723933 0.0604235 0.0790154 0.0597918
0 0.832461 0.155133 0.0437613 0.034052
0 0.0759159 0.257319 0.076878 0.0602252
0 0.260532 0.314299 0.0378836 0.0296539
0 0.223888 0.435249 0.0303729 0.0251161
0 0.927643 0.769044 0.0831311 0.069416
0 0.0945317 0.0542541 0.0416787 0.0322522
0 0.0874714 0.175498 0.167945 0.122803
0 0.305324 0.0920028 0.0725768 0.0565932
0 0.862251 0.922325 0.0284583 0.0237217
0 0.930652 0.653949 0.0588589 0.0459132
0 0.0511382 0.326066 0.0820799 0.0656404
0 0.457249 0.950762 0.029812 0.0239763
0 0.395705 0.504897 0.0780394 0.0610418
0 0.664725 0.0183384 0.0347786 0.0275307
0 0.201877 0.469235 0.192098 0.150772
0 0.511319 0.0408882 0.0539012 0.0433732
0 0.682035 0.775619 0.0327094 0.0255114
0 0.98934 0.545309 0.0213192 0.0745459
0 0.0385663 0.444504 0.076978 0.18154
0 0.716363 0.0977783 0.0532167 0.0407667
0 0.727095 0.468098 0.0320988 0.0255964
0 0.366089 0.0157708 0.0352725 0.0281515
0 0.788599 0.558737 0.0548897 0.0439866
0 0.171779 0.444933 0.256947 0.218961
0 0.191434 0.888476 0.169059 0.141598
0 0.720273 0.883964 0.559454 0.230289
0 0.848161 0.449082 0.0266643 0.0219248
0 0.914446 0.593807 0.0333796 0.0268571
0 0.201438 0.397495 0.0288506 0.0231707
0 0.183574 0.522007 0.101874 0.0846493
0 0.896493 0.808317 0.0334078 0.026928
0 0.564765 0.576987 0.0253754 0.0222079
0 0.0377066 0.0168602 0.0754131 0.0337203
0 0.746501 0.633455 0.143473 0.114038
0 0.781916 0.729833 0.0300091 0.0244555
0 0.867604 0.416184 0.264792 0.21353
0 0.829199 0.255819 0.341602 0.474581
0 0.31298 0.202395 0.272866 0.193445
0 0.322672 0.0617905 0.0319906 0.0260883
0 0.190839 0.930075 0.121332 0.0983377
0 0.332354 0.979588 0.0296441 0.024708
0 0.336386 0.445172 0.17378 0.132267
