0 0.278483 0.380282 0.389229 0.392205
0 0.122839 0.181284 0.0768585 0.0746322
0 0.0603564 0.420338 0.0565755 0.0546458
0 0.322261 0.0395076 0.0686378 0.0665615
0 0.761479 0.186927 0.170491 0.169102
0 0.776905 0.450076 0.156401 0.157821
0 0.94364 0.874277 0.049987 0.0490432
0 0.941123 0.724077 0.0686924 0.0675206
0 0.694847 0.360661 0.149726 0.14602
0 0.428297 0.612444 0.0421494 0.0405903
0 0.0593257 0.5931 0.0439517 0.0424416
0 0.0458587 0.147949 0.0916075 0.12868
0 0.555381 0.219399 0.0394127 0.0382917
0 0.47797 0.0360568 0.0351263 0.0342767
0 0.664135 0.521897 0.0279923 0.0273924
0 0.40471 0.825462 0.208312 0.202305
0 0.0871511 0.993535 0.0294064 0.0129291
0 0.644936 0.0899618 0.0322525 0.0315163
0 0.247781 0.812188 0.0945428 0.0887654
0 0.255815 0.0695229 0.0323603 0.0313912
0 0.599157 0.246069 0.0778379 0.0780194
0 0.810404 0.0821363 0.0443709 0.0437193
0 0.845943 0.690509 0.180375 0.178904
0 0.417488 0.991981 0.0327965 0.0160385
0 0.571519 0.0999203 0.028352 0.028527
0 0.95451 0.897749 0.0295861 0.0291775
0 0.663393 0.0727037 0.0252376 0.0244117
0 0.488898 0.990393 0.031677 0.0192147
0 0.521753 0.0611591 0.0250083 0.0247314
0 0.734406 0.919424 0.0279525 0.0273218
0 0.895844 0.55948 0.0240592 0.0238714
0 0.645563 0.255381 0.0257282 0.0254698
0 0.704517 0.538644 0.0262902 0.0254883
0 0.679465 0.556764 0.0276101 0.0272342
0 0.757917 0.984683 0.0680591 0.0306349
0 0.937611 0.0703727 0.0303615 0.0301599
0 0.922768 0.0879422 0.0300374 0.029929
0 0.594553 0.277766 0.129323 0.129183
0 0.034511 0.358625 0.0247538 0.0241152
0 0.3603 0.437519 0.0201408 0.0208169
0 0.0315079 0.49717 0.0411296 0.0387435
0 0.689012 0.685183 0.0738335 0.0696906
0 0.11118 0.177162 0.22236 0.354324
0 0.745692 0.832546 0.0322928 0.0326131
0 0.00598756 0.966324 0.0119751 0.0255335
0 0.249181 0.341697 0.0218086 0.0213988
0 0.990316 0.806732 0.0193674 0.0464108
0 0.0770828 0.856719 0.0704622 0.0665588
0 0.350694 0.902428 0.171644 0.163328
0 0.530238 0.106201 0.0593946 0.0572971
0 0.271729 0.883366 0.101542 0.0978019
0 0.615205 0.0958137 0.0247953 0.0245383
0 0.833994 0.831491 0.0264032 0.026279
0 0.0630077 0.733613 0.024228 0.0234777
0 0.509616 0.660361 0.029861 0.028547
0 0.861931 0.111915 0.0230211 0.0228498
0 0.411417 0.208926 0.0237429 0.0234548
0 0.667243 0.645078 0.159737 0.157677
0 0.975244 0.949317 0.0492351 0.100139
0 0.957371 0.774422 0.0257236 0.0250747
