0 0.0672946 0.240302 0.134589 0.147336
0 0.758756 0.247635 0.479215 0.49527
0 0.464282 0.860387 0.426249 0.279143
0 0.761376 0.968216 0.0379443 0.037553
0 0.921035 0.51154 0.0272298 0.0263549
0 0.361775 0.57566 0.0395294 0.0394735
0 0.234238 0.204915 0.0400712 0.0391269
0 0.727325 0.771032 0.192441 0.18885
0 0.0117976 0.812849 0.0235953 0.0471544
0 0.929778 0.45693 0.0402198 0.0386663
0 0.190419 0.872593 0.0268508 0.026861
0 0.195091 0.80688 0.0404528 0.0392391
0 0.248259 0.169638 0.0470614 0.0454096
0 0.817103 0.461501 0.035625 0.0349847
0 0.0499084 0.502163 0.0324662 0.0324942
0 0.377314 0.679978 0.0388258 0.0384233
0 0.685483 0.573211 0.0298791 0.0291733
0 0.00489985 0.0511649 0.0097997 0.0322807
0 0.0105289 0.860028 0.0210454 0.0488868
0 0.134343 0.356115 0.0273384 0.0272279
0 0.00845851 0.52683 0.016917 0.0280303
0 0.509741 0.521723 0.0306452 0.0301726
0 0.967862 0.662715 0.0270858 0.0267046
0 0.0401821 0.793264 0.0453156 0.0443128
0 0.0332354 0.833181 0.0284934 0.0279891
0 0.0948193 0.77542 0.0576408 0.0563769
0 0.303037 0.328444 0.036957 0.0368054
0 0.278559 0.30229 0.0333048 0.0328591
0 0.254328 0.544585 0.0309149 0.0310147
0 0.511269 0.30549 0.0330634 0.0320233
0 0.142976 0.135354 0.0270187 0.0257569
0 0.244603 0.559424 0.0305166 0.0295556
0 0.269607 0.124364 0.0260726 0.0256932
0 0.170101 0.13417 0.0288779 0.0278969
0 0.213668 0.654927 0.0307682 0.0308019
0 0.868624 0.331326 0.0371466 0.0371059
0 0.913383 0.691387 0.0282885 0.027864
0 0.265759 0.414518 0.0253479 0.0253276
0 0.106639 0.366282 0.0299997 0.0299115
0 0.0491315 0.454727 0.0303985 0.0302272
0 0.921715 0.806234 0.0255664 0.0253647
0 0.70198 0.858712 0.025156 0.0250587
0 0.113493 0.771982 0.0281651 0.0284276
0 0.106014 0.0275159 0.0285038 0.0282759
0 0.164831 0.499395 0.0246329 0.024738
0 0.573121 0.38232 0.0328582 0.0317199
0 0.90396 0.232312 0.157094 0.14934
