0 0.318236 0.638168 0.0422534 0.0408522
0 0.444909 0.41794 0.0517177 0.0512531
0 0.734166 0.919091 0.0335488 0.0323229
0 0.242306 0.409667 0.0311326 0.0301442
0 0.580997 0.173256 0.0372006 0.036436
0 0.126679 0.293076 0.041868 0.0399849
0 0.927435 0.937917 0.041728 0.039955
0 0.460714 0.384256 0.0530047 0.0512821
0 0.456457 0.62333 0.0241214 0.0236775
0 0.236242 0.458829 0.0233702 0.0227327
0 0.249719 0.825522 0.0289937 0.0285594
0 0.326579 0.40763 0.0237425 0.022912
0 0.99102 0.932891 0.0179596 0.0255401
0 0.904301 0.585624 0.054364 0.0522685
0 0.481873 0.39995 0.0233699 0.023224
0 0.197098 0.334224 0.023251 0.0226847
0 0.801054 0.144534 0.0251899 0.0239781
0 0.485125 0.717813 0.0237553 0.0231102
0 0.911293 0.881224 0.0275397 0.0269537
0 0.956071 0.985674 0.0239572 0.0232272
0 0.833903 0.120399 0.0266785 0.0252407
0 0.171609 0.66613 0.0508481 0.0494435
0 0.288251 0.630022 0.0297743 0.0292513
0 0.0090363 0.640581 0.0180726 0.0689553
