0 0.257105 0.717851 0.139319 0.116532
0 0.834891 0.846596 0.330218 0.306808
0 0.920116 0.909936 0.103666 0.0892946
0 0.97007 0.227628 0.0595655 0.0710262
0 0.412272 0.816611 0.0476763 0.0392312
0 0.473978 0.577171 0.119033 0.0989454
0 0.638138 0.275016 0.0429396 0.0350447
0 0.111392 0.673191 0.0617356 0.0504685
0 0.371066 0.878478 0.0357358 0.029756
0 0.194341 0.760262 0.0390678 0.0331465
0 0.949498 0.372399 0.0759227 0.0631298
0 0.803188 0.849047 0.0361487 0.0310128
0 0.1511 0.914758 0.0342018 0.0283885
0 0.134918 0.348868 0.0825521 0.0697979
0 0.401031 0.0822183 0.0369948 0.0320992
0 0.121736 0.71175 0.0378014 0.0310798
0 0.582682 0.873193 0.0571153 0.0499535
0 0.90926 0.310225 0.0502234 0.0423739
0 0.251248 0.22806 0.0319449 0.0273833
0 0.445333 0.633575 0.0289351 0.0246329
0 0.449842 0.487067 0.0431786 0.0362988
0 0.764613 0.326631 0.0780205 0.0623844
0 0.177657 0.472832 0.0374441 0.0306886
0 0.37247 0.695985 0.0418746 0.0354074
0 0.513873 0.893832 0.0366611 0.0319288
0 0.333734 0.00559588 0.0339646 0.0111591
0 0.314858 0.752921 0.028799 0.0237117
0 0.604331 0.857189 0.0349889 0.0294883
0 0.337013 0.919423 0.0301654 0.0244767
0 0.472123 0.379615 0.037331 0.0307292
0 0.4969 0.658175 0.0295684 0.0244546
0 0.408824 0.219808 0.031515 0.0287387
0 0.908684 0.622812 0.0345119 0.0289998
0 0.438219 0.354524 0.0327413 0.0279058
0 0.703618 0.343931 0.0302885 0.0246501
0 0.729562 0.494422 0.0381904 0.0301104
0 0.934107 0.650657 0.0412275 0.0345786
0 0.824355 0.690467 0.0415052 0.034952
0 0.457523 0.924428 0.119441 0.103914
0 0.478673 0.505374 0.0311419 0.0255798
0 0.901244 0.6774 0.0471929 0.0407012
0 0.195377 0.398408 0.0326861 0.0281104
0 0.202896 0.863588 0.0302604 0.0261342
0 0.890167 0.704708 0.0458645 0.0386677
0 0.410312 0.062509 0.0298274 0.0262666
0 0.0596185 0.300139 0.0600264 0.0499372
0 0.508358 0.430597 0.106003 0.0857895
0 0.992188 0.443491 0.0156232 0.0874719
0 0.278915 0.822198 0.102811 0.0883534
0 0.413291 0.96231 0.0260206 0.0227461
0 0.82691 0.0793074 0.0990267 0.0798026
0 0.262507 0.594246 0.0266715 0.0227206
0 0.963486 0.141368 0.0279142 0.0241263
0 0.793088 0.715619 0.0342935 0.0276892
0 0.641232 0.448936 0.242808 0.203131
0 0.68119 0.214218 0.0271821 0.0224745
0 0.38395 0.184938 0.0259265 0.0229355
0 0.771278 0.262893 0.0505245 0.0409297
0 0.830194 0.387835 0.0344281 0.0276635
