0 0.752047 0.7087 0.0537561 0.0392053
0 0.0228526 0.550994 0.0457052 0.0407109
0 0.620565 0.62955 0.0494517 0.0373514
0 0.290694 0.366282 0.0583594 0.043381
0 0.451375 0.941854 0.054587 0.040364
0 0.902444 0.146662 0.0349962 0.026843
0 0.224217 0.562788 0.0539106 0.0411007
0 0.7638 0.946764 0.0457962 0.0345062
0 0.783492 0.330096 0.048892 0.035929
0 0.660765 0.608033 0.0322287 0.0233402
0 0.707359 0.991964 0.0306692 0.015961
0 0.947028 0.00491158 0.0330827 0.00980088
0 0.65122 0.573444 0.0303986 0.0227764
0 0.0187203 0.522788 0.0373423 0.0318729
0 0.115374 0.533701 0.0288898 0.022347
0 0.801005 0.0420448 0.163208 0.0840895
0 0.236988 0.523889 0.04566 0.034363
0 0.972388 0.362064 0.0552233 0.0577479
0 0.349929 0.552793 0.0291843 0.0223661
0 0.337888 0.291003 0.164444 0.121464
