0 0.285942 0.617132 0.115477 0.110219
0 0.406169 0.934516 0.167674 0.130615
0 0.408396 0.786675 0.0654543 0.0634809
0 0.577171 0.701586 0.153443 0.146533
0 0.117972 0.62669 0.235413 0.359396
0 0.911964 0.174017 0.133068 0.126111
0 0.102685 0.909266 0.0823374 0.0804828
0 0.825472 0.963761 0.121883 0.0724775
0 0.54673 0.910737 0.0941884 0.0913662
0 0.33342 0.750395 0.0403644 0.0395405
0 0.322726 0.117705 0.0305823 0.0299491
0 0.0553718 0.97781 0.0544296 0.0443015
0 0.296239 0.925591 0.0434194 0.0421447
0 0.984171 0.805125 0.0250973 0.0251231
0 0.956417 0.52078 0.0869715 0.114372
0 0.217067 0.962609 0.0972523 0.0747816
0 0.203564 0.713259 0.112524 0.107214
0 0.24434 0.527282 0.0256676 0.0248682
0 0.619031 0.731992 0.0270179 0.0263952
0 0.699674 0.72905 0.0262467 0.0260506
0 0.865526 0.171396 0.0527782 0.0508164
0 0.278184 0.471453 0.0261512 0.0252731
0 0.973986 0.761408 0.0520156 0.0560522
0 0.490888 0.00901734 0.028979 0.0179843
0 0.952637 0.806204 0.0228202 0.0227305
0 0.145248 0.438397 0.0268518 0.0257003
0 0.603706 0.777696 0.0257255 0.025495
0 0.00780778 0.964516 0.0156156 0.0441958
0 0.433448 0.322073 0.0255206 0.0252469
0 0.240086 0.349468 0.029755 0.0293118
0 0.0564833 0.319385 0.0549307 0.0515127
0 0.495809 0.752536 0.0280747 0.027654
0 0.156231 0.888765 0.0646782 0.0636276
0 0.787968 0.62866 0.0309126 0.0301881
0 0.177785 0.924894 0.0694766 0.0655796
0 0.726944 0.504774 0.0631883 0.0617667
0 0.14098 0.368643 0.0296551 0.0283873
0 0.908755 0.416131 0.0268361 0.0257815
0 0.505416 0.57138 0.0298941 0.0296335
0 0.0804046 0.962785 0.030266 0.0293708
0 0.0391344 0.891215 0.0439212 0.0422112
0 0.721479 0.899394 0.0230975 0.022744
0 0.131812 0.971189 0.068818 0.0567338
0 0.680892 0.933725 0.0233467 0.0228148
0 0.2461 0.90807 0.055678 0.051877
0 0.115468 0.861424 0.0270468 0.0263498
0 0.916855 0.303138 0.0856534 0.0815347
