0 0.542497 0.708471 0.360982 0.268792
0 0.738255 0.374643 0.194887 0.155899
0 0.406098 0.322241 0.130926 0.10924
0 0.342169 0.648116 0.126595 0.102158
0 0.752601 0.490524 0.048639 0.0414138
0 0.518175 0.241481 0.0598658 0.0466573
0 0.945005 0.752956 0.0518462 0.0406343
0 0.652369 0.505412 0.0526944 0.0433763
0 0.888506 0.920443 0.222247 0.15866
0 0.733585 0.336123 0.0376632 0.0305638
0 0.970296 0.560508 0.0591895 0.102901
0 0.958774 0.882675 0.0494452 0.0384345
0 0.955899 0.185025 0.0468864 0.0383344
0 0.620894 0.609625 0.0543234 0.0436876
0 0.466201 0.417966 0.0519063 0.0421212
0 0.599856 0.705757 0.04024 0.0318067
0 0.0190998 0.748924 0.0381739 0.120793
0 0.336194 0.20948 0.0547018 0.0438311
0 0.396409 0.156362 0.0414627 0.0331866
0 0.939151 0.27408 0.0403357 0.0327282
0 0.551923 0.0336018 0.137951 0.0672037
0 0.723457 0.59037 0.0428154 0.0337977
0 0.257184 0.378794 0.0432876 0.0345939
0 0.29793 0.703548 0.0311961 0.0246377
0 0.55221 0.690348 0.0324881 0.0261364
0 0.417737 0.769543 0.0869638 0.0690832
0 0.987552 0.194894 0.0246178 0.0291842
0 0.502355 0.467044 0.064057 0.0522588
0 0.326475 0.264892 0.03576 0.0280823
0 0.324596 0.317295 0.110886 0.0923335
0 0.753324 0.748511 0.0948322 0.0756584
0 0.85333 0.367035 0.0350913 0.0293318
0 0.37218 0.553932 0.041413 0.0331004
0 0.510597 0.524392 0.035952 0.0284863
0 0.78798 0.375002 0.0346998 0.0291524
0 0.838207 0.137206 0.130293 0.104305
0 0.569585 0.992036 0.0363094 0.0159271
0 0.796827 0.496023 0.0309322 0.0253722
0 0.278462 0.0943497 0.0306089 0.0250461
0 0.711724 0.492964 0.0359635 0.030637
0 0.79581 0.520396 0.0351352 0.0283381
0 0.595352 0.937229 0.0291272 0.0240068
0 0.95086 0.112146 0.0313867 0.0247835
0 0.753998 0.0746286 0.0811591 0.0639494
0 0.98583 0.749303 0.0282104 0.0276396
0 0.5503 0.0902923 0.0303412 0.0242013
0 0.853391 0.26231 0.0322448 0.0255331
0 0.849865 0.204661 0.036408 0.0294793
0 0.863255 0.161837 0.0824842 0.0674934
0 0.143767 0.645608 0.0565885 0.045635
0 0.406688 0.00583363 0.0350719 0.0116582
0 0.672765 0.601385 0.0367514 0.0296189
0 0.837927 0.708447 0.0323497 0.0263348
0 0.851246 0.623374 0.029852 0.0242577
0 0.84538 0.325289 0.0359985 0.0291613
0 0.402029 0.244122 0.0272403 0.0218716
0 0.817148 0.235345 0.0781103 0.0643663
0 0.510604 0.0306892 0.0326319 0.0260708
0 0.118854 0.577286 0.0302157 0.0241795
0 0.986761 0.717107 0.0264784 0.046859
0 0.100144 0.514658 0.0290312 0.0236027
0 0.412728 0.619893 0.0293863 0.024134
0 0.92662 0.068531 0.0323999 0.0256217
0 0.608293 0.431431 0.0379615 0.0296587
0 0.396197 0.130923 0.0314171 0.025526
0 0.439218 0.450575 0.066819 0.0552933
0 0.17359 0.0171471 0.101249 0.0342474
0 0.0793298 0.376944 0.0275702 0.0223068
0 0.992254 0.978592 0.0154915 0.0415211
0 0.223172 0.348681 0.0356906 0.0292192
0 0.295937 0.606201 0.04862 0.0393074
0 0.0783258 0.668086 0.048669 0.0392114
0 0.187678 0.0191199 0.141995 0.0382399
0 0.101084 0.799776 0.145783 0.114748
0 0.0857054 0.814702 0.170817 0.159244
0 0.924399 0.500266 0.0267139 0.0224461
0 0.28096 0.229909 0.027518 0.0223596
0 0.791253 0.692894 0.072412 0.0590409
0 0.861174 0.432649 0.0261011 0.0219104
0 0.556486 0.739175 0.0273569 0.0223138
