0 0.283314 0.0728697 0.112765 0.101792
0 0.450525 0.242054 0.0868563 0.0782931
0 0.189953 0.649612 0.0602934 0.051744
0 0.0206847 0.914739 0.0413693 0.0483074
0 0.886788 0.708168 0.0517421 0.045748
0 0.340867 0.355211 0.0603481 0.052699
0 0.402705 0.67685 0.0337283 0.0295082
0 0.641365 0.284705 0.0475172 0.043604
0 0.502174 0.611572 0.0418787 0.0376985
0 0.343519 0.50032 0.0308732 0.0273854
0 0.206756 0.495669 0.0331939 0.0304506
0 0.690319 0.728559 0.0316145 0.0293685
0 0.202985 0.346106 0.0338003 0.0297611
0 0.0797107 0.122969 0.0339078 0.0296363
0 0.349809 0.0120369 0.0404443 0.0240552
0 0.218178 0.749399 0.0438091 0.0371253
0 0.0936161 0.14833 0.0268904 0.0240725
0 0.0489227 0.87356 0.0317924 0.0271144
0 0.700006 0.800615 0.0286582 0.026032
0 0.778611 0.990681 0.0590625 0.0186204
0 0.715566 0.959341 0.0359756 0.0321795
0 0.861502 0.938546 0.0420504 0.0375753
0 0.768145 0.318094 0.0298829 0.0273029
0 0.302372 0.585047 0.0303032 0.0251485
0 0.293544 0.393206 0.0263317 0.0237271
0 0.0884444 0.532973 0.176889 0.240491
0 0.26493 0.137621 0.0323862 0.0291572
0 0.419471 0.324161 0.0325049 0.0295413
0 0.112633 0.250545 0.0259324 0.0231516
0 0.498113 0.228982 0.0301709 0.0280089
0 0.658762 0.777523 0.0250378 0.0228486
0 0.939852 0.971935 0.0710297 0.0560602
0 0.441082 0.290836 0.0276922 0.0252332
0 0.567296 0.795059 0.0245974 0.0225761
0 0.251827 0.887148 0.0262603 0.0231118
0 0.452608 0.124929 0.0362204 0.0344664
0 0.633732 0.00857428 0.0283001 0.0170585
0 0.977072 0.985866 0.0454365 0.028269
0 0.384923 0.246005 0.0311812 0.0277579
0 0.383225 0.34546 0.0268432 0.0238314
0 0.863673 0.278207 0.175189 0.157298
0 0.389714 0.263591 0.0264491 0.0236051
0 0.814508 0.623269 0.0265435 0.0235197
0 0.307923 0.954224 0.0258648 0.0230667
0 0.710887 0.437923 0.0269444 0.0248247
