0 0.897146 0.245691 0.203159 0.179313
0 0.148665 0.205748 0.0384771 0.0331805
0 0.757427 0.12997 0.0362924 0.0309427
0 0.986655 0.632151 0.0266904 0.0769298
0 0.0588555 0.0342905 0.0331931 0.0291685
0 0.932347 0.910759 0.0936022 0.080646
0 0.21157 0.300369 0.0297527 0.0263621
0 0.296544 0.836124 0.041707 0.0373464
0 0.439739 0.85636 0.0404363 0.0354608
0 0.9366 0.470156 0.0514786 0.0451247
0 0.266803 0.709127 0.0684937 0.0618155
0 0.649408 0.883965 0.0380422 0.0323406
0 0.606322 0.888787 0.0269772 0.0235488
0 0.601989 0.913893 0.029751 0.0259428
0 0.0718616 0.346221 0.034999 0.0304911
0 0.981466 0.939561 0.0369678 0.120444
0 0.0868626 0.219404 0.0258177 0.0226065
0 0.380316 0.415914 0.0254603 0.0233013
0 0.275148 0.264591 0.0254769 0.0227683
0 0.408811 0.718866 0.0342099 0.0300092
0 0.254982 0.850461 0.0472277 0.0413845
0 0.450998 0.585605 0.0254232 0.0228739
0 0.576414 0.899799 0.0294478 0.0254709
0 0.983828 0.56212 0.0323442 0.0636097
0 0.622011 0.941892 0.0261011 0.0234148
0 0.647532 0.109241 0.0268681 0.023261
0 0.235763 0.758237 0.0440094 0.0381458
0 0.18218 0.231639 0.024461 0.0222846
0 0.519702 0.396697 0.0255458 0.0225019
0 0.325508 0.0190205 0.0253793 0.0222838
0 0.961412 0.440359 0.041989 0.0377063
0 0.238647 0.0685318 0.0301353 0.0273674
0 0.244265 0.0351134 0.027462 0.0249389
0 0.612668 0.781268 0.065254 0.055747
0 0.907184 0.100882 0.030385 0.0263417
0 0.0166647 0.45132 0.026099 0.0224673
0 0.980586 0.692225 0.0388279 0.0399117
