0 0.870476 0.120583 0.0547945 0.0532958
0 0.470784 0.937983 0.0468812 0.0456246
0 0.246231 0.464319 0.0446071 0.0427675
0 0.986822 0.224319 0.026302 0.0372915
0 0.665001 0.514339 0.0328786 0.0319723
0 0.405416 0.0395709 0.035591 0.0344545
0 0.4717 0.0136589 0.0479853 0.0273178
0 0.413946 0.835735 0.0285533 0.0276587
0 0.553845 0.515508 0.0530598 0.0508902
0 0.793065 0.161067 0.0281483 0.0273692
0 0.128816 0.0315691 0.0440428 0.0432462
0 0.704981 0.710958 0.0285139 0.0278561
0 0.808742 0.585063 0.035137 0.0338594
0 0.454511 0.783142 0.0324919 0.0320185
0 0.0555095 0.337236 0.0350025 0.0340713
0 0.866366 0.593208 0.0340591 0.0332874
0 0.0841478 0.896967 0.0253141 0.0247231
0 0.987905 0.83845 0.0236921 0.0236539
0 0.525459 0.642332 0.0272043 0.0270343
0 0.579472 0.986927 0.0286108 0.025816
0 0.850285 0.574072 0.0294266 0.0287615
0 0.677336 0.808927 0.0842009 0.0820749
0 0.484905 0.378406 0.0403547 0.0390455
0 0.108866 0.0557283 0.0246748 0.0239711
0 0.294435 0.755055 0.0253561 0.0248024
0 0.00624691 0.490663 0.0124938 0.0281835
0 0.568333 0.158241 0.0474841 0.0463243
0 0.228306 0.0831458 0.0736687 0.0702588
0 0.550761 0.29081 0.23308 0.217458
0 0.895971 0.600523 0.0267874 0.0266631
0 0.732693 0.925325 0.285585 0.148318
0 0.784866 0.954379 0.0244058 0.0240473
0 0.442506 0.992813 0.0325907 0.0143742
0 0.835728 0.0165483 0.0265069 0.0255541
0 0.178092 0.980398 0.0246338 0.0240569
0 0.237194 0.305479 0.0251615 0.0245838
0 0.177154 0.746218 0.0236425 0.0230637
0 0.0201009 0.875274 0.0401301 0.24007
0 0.532828 0.581186 0.0242935 0.0232979
0 0.913289 0.305957 0.0242341 0.0240767
0 0.466167 0.880619 0.0249691 0.0244073
0 0.146166 0.439606 0.0740139 0.0712129
0 0.785057 0.731263 0.022438 0.0221207
0 0.0246643 0.609684 0.0491206 0.0550577
0 0.980404 0.353991 0.0391684 0.0483346
0 0.975182 0.612384 0.0316927 0.030849
0 0.469172 0.34934 0.0249862 0.0246792
0 0.00668655 0.0581998 0.0133731 0.0254759
0 0.22149 0.691687 0.0277065 0.0269175
0 0.00699858 0.800909 0.0139972 0.0258773
0 0.107316 0.853365 0.0368604 0.0359183
0 0.0630927 0.0235266 0.11977 0.0469564
0 0.758427 0.503495 0.0343592 0.033728
0 0.587185 0.493229 0.0268299 0.0259674
0 0.498524 0.143743 0.0277369 0.0270551
0 0.605356 0.602127 0.0231308 0.0227182
0 0.17447 0.920959 0.0469983 0.0450329
0 0.61606 0.488996 0.0242121 0.0236263
0 0.235909 0.712186 0.0226412 0.0219817
0 0.142964 0.248525 0.0803697 0.0791058
0 0.916957 0.61107 0.0242128 0.0236886
0 0.794792 0.547414 0.0223963 0.0217068
0 0.726304 0.392512 0.259567 0.274986
