0 0.208137 0.628165 0.251892 0.226987
0 0.089142 0.523265 0.178284 0.219918
0 0.448492 0.457489 0.0735675 0.0681915
0 0.561447 0.311937 0.0483787 0.0448277
0 0.458889 0.886823 0.058426 0.0522669
0 0.613592 0.585593 0.0961442 0.0850127
0 0.42579 0.157724 0.0514266 0.0484687
0 0.711122 0.00835364 0.0297254 0.0166618
0 0.299571 0.090361 0.0319752 0.0307297
0 0.805311 0.24359 0.0626092 0.0588821
0 0.746461 0.276508 0.0334504 0.0317144
0 0.615316 0.413749 0.0455582 0.042276
0 0.108637 0.399511 0.0310793 0.0292239
0 0.633655 0.0121432 0.0665128 0.0242863
0 0.0803346 0.26189 0.0300102 0.0277358
0 0.210345 0.0770828 0.028845 0.0273368
0 0.394969 0.836723 0.129777 0.115687
0 0.626883 0.0834235 0.0252227 0.0238535
0 0.89362 0.612755 0.0436184 0.039799
0 0.274576 0.0389104 0.0294178 0.0282767
0 0.489684 0.724944 0.0264951 0.0242369
0 0.535909 0.53983 0.0536489 0.0504866
0 0.589208 0.488454 0.0244279 0.0232243
0 0.472827 0.564199 0.0388108 0.0359901
0 0.208938 0.843231 0.0256249 0.0238515
0 0.607395 0.231855 0.544301 0.46371
0 0.335801 0.0189584 0.0283113 0.0269847
0 0.814274 0.299403 0.0299439 0.0282723
0 0.344273 0.882725 0.322204 0.233628
0 0.800471 0.541592 0.0272927 0.0251601
0 0.838561 0.940173 0.0290064 0.0270677
0 0.353154 0.382166 0.0304166 0.0277127
0 0.379715 0.303589 0.0801531 0.0717951
0 0.896923 0.768137 0.0663464 0.0622819
0 0.688513 0.334236 0.0478736 0.0443186
