0 0.949804 0.248133 0.0459484 0.0357673
0 0.850506 0.297665 0.0341769 0.0261517
0 0.869327 0.190831 0.0339365 0.0261794
0 0.618222 0.895186 0.0324023 0.0256237
0 0.111874 0.309547 0.0298497 0.0234369
0 0.870624 0.230531 0.0322034 0.0247317
0 0.418916 0.911656 0.284314 0.176687
0 0.275931 0.507875 0.0698109 0.0526989
0 0.207782 0.387067 0.117184 0.0936538
0 0.0433362 0.902227 0.0264558 0.0216141
0 0.00338181 0.324409 0.00676361 0.0420505
0 0.375776 0.248321 0.5455 0.339318
0 0.236954 0.461194 0.0855388 0.0699954
