0 0.804827 0.59595 0.130556 0.11133
0 0.0214277 0.683626 0.040345 0.0360923
0 0.411901 0.499283 0.0412314 0.0367729
0 0.504743 0.903018 0.0341743 0.0316059
0 0.347052 0.49033 0.0334912 0.029597
0 0.303912 0.534894 0.0386307 0.0344447
0 0.971768 0.308605 0.0410967 0.0359331
0 0.208247 0.872962 0.0289338 0.0257703
0 0.640489 0.0433484 0.0318563 0.0277017
0 0.548772 0.23108 0.0377238 0.0341871
0 0.476166 0.0714678 0.0294744 0.0267189
0 0.230636 0.630156 0.0274765 0.0250773
0 0.7787 0.737709 0.0383348 0.0340155
0 0.709622 0.19718 0.0288007 0.0269081
0 0.885613 0.466394 0.0644934 0.0570349
0 0.0755854 0.246859 0.0270556 0.0239911
0 0.932318 0.0830763 0.045265 0.0408735
0 0.0389958 0.404359 0.0276883 0.0248616
0 0.360966 0.146811 0.0296619 0.0255662
0 0.187153 0.131689 0.0265319 0.0243057
0 0.0159758 0.130874 0.0318187 0.029851
0 0.0350997 0.495453 0.0253589 0.0225925
0 0.789262 0.0109448 0.0338643 0.021789
0 0.0705903 0.98275 0.0263546 0.024299
0 0.667098 0.12437 0.0288336 0.0266892
0 0.648768 0.00513361 0.0342474 0.0102605
0 0.852138 0.139807 0.0261939 0.0240603
0 0.659316 0.294501 0.0239241 0.0224696
0 0.771537 0.808483 0.117604 0.100836
0 0.751977 0.525766 0.0330112 0.0293032
0 0.926287 0.53374 0.0352322 0.0305338
0 0.149539 0.362021 0.0238902 0.0218183
0 0.985095 0.391407 0.0296094 0.0538124
0 0.920535 0.888991 0.148265 0.126562
0 0.972319 0.122014 0.0552527 0.0659225
0 0.440864 0.062039 0.0244557 0.02229
