0 0.334261 0.677249 0.0578148 0.05179
0 0.760275 0.471071 0.04484 0.0424843
0 0.984904 0.705338 0.0301926 0.0375699
0 0.771066 0.648569 0.0501618 0.047897
0 0.190046 0.170586 0.0340173 0.0318811
0 0.0929642 0.717859 0.0264491 0.0250519
0 0.303799 0.98824 0.0354217 0.0235199
0 0.366102 0.70924 0.0346404 0.0306641
0 0.258803 0.12358 0.250273 0.237393
0 0.949883 0.778749 0.0759041 0.0704288
0 0.269136 0.0894039 0.0253646 0.0240471
0 0.602969 0.291611 0.0293949 0.0272508
0 0.251464 0.496513 0.0277786 0.0252337
0 0.143309 0.325694 0.0253805 0.0242847
0 0.826807 0.759913 0.0249513 0.0236826
0 0.67907 0.685364 0.0311561 0.0285708
0 0.712782 0.97236 0.0579337 0.0520193
0 0.739421 0.634256 0.0285213 0.0270313
0 0.602189 0.846964 0.0371919 0.0339852
0 0.827247 0.120248 0.0253462 0.0240991
0 0.0291844 0.0553294 0.030167 0.0286753
0 0.855329 0.988988 0.0393579 0.0220241
0 0.626873 0.492729 0.0472372 0.0433684
