0 0.539801 0.293165 0.0552532 0.0470897
0 0.396904 0.744812 0.0414104 0.0375626
0 0.35555 0.623191 0.0429406 0.0395396
0 0.211396 0.78673 0.053037 0.0456758
0 0.143423 0.417832 0.0334454 0.031237
0 0.191943 0.296312 0.0367077 0.0329444
0 0.266647 0.540597 0.0257183 0.0236748
0 0.52112 0.0176193 0.0286798 0.0255938
0 0.344986 0.0229338 0.0280952 0.0237637
0 0.592549 0.717282 0.0242232 0.0294221
0 0.283025 0.32234 0.0255144 0.0238652
0 0.484082 0.68442 0.0250144 0.0239285
0 0.0924704 0.380318 0.0485642 0.0456249
0 0.443751 0.121403 0.0290495 0.0260915
