0 0.936034 0.433435 0.127547 0.117108
0 0.433261 0.0210789 0.0508164 0.0421579
0 0.745132 0.464314 0.0966887 0.0831676
0 0.360291 0.355046 0.0607749 0.0524158
0 0.168027 0.192395 0.113137 0.102198
0 0.481701 0.401596 0.0486392 0.0423632
0 0.489876 0.19446 0.0985488 0.0845289
0 0.490831 0.932046 0.035251 0.0305972
0 0.45376 0.0556519 0.0314967 0.0270723
0 0.144878 0.870214 0.128856 0.105376
0 0.112022 0.922 0.0972119 0.0781686
0 0.788337 0.773557 0.0342984 0.0309434
0 0.197321 0.197651 0.0367429 0.0331406
0 0.117246 0.346209 0.0374776 0.0334518
0 0.798985 0.404253 0.0334601 0.0284824
0 0.89088 0.142753 0.0342575 0.0297626
0 0.187957 0.619499 0.0436978 0.0370892
0 0.288959 0.312993 0.0298712 0.0261735
0 0.130776 0.797134 0.0327576 0.0276015
0 0.201373 0.453982 0.0372664 0.0326083
0 0.0896982 0.187395 0.0417761 0.0375346
0 0.104011 0.975763 0.0625389 0.0484747
0 0.669733 0.148813 0.0286606 0.0254679
0 0.26999 0.201836 0.0385015 0.0337904
0 0.901563 0.970451 0.0308764 0.0279481
0 0.250322 0.93469 0.0452628 0.0378763
0 0.519978 0.630663 0.0412753 0.0343523
0 0.922878 0.11001 0.0738647 0.066021
0 0.443489 0.378208 0.0342089 0.0298057
0 0.113856 0.385074 0.0301514 0.026594
0 0.826947 0.415463 0.0330157 0.0277353
0 0.367713 0.31807 0.0305938 0.0268681
0 0.609961 0.245421 0.0455296 0.0389698
0 0.149138 0.709612 0.0450814 0.0374501
0 0.804213 0.0193146 0.059863 0.0385828
0 0.333889 0.0572503 0.0291961 0.0246733
0 0.102235 0.275379 0.0274309 0.0249481
0 0.0614604 0.171092 0.0345114 0.0314019
0 0.308187 0.0511275 0.0296415 0.0248623
0 0.473332 0.545438 0.0830232 0.071444
0 0.904781 0.116288 0.190179 0.23114
0 0.794747 0.0439852 0.0262072 0.0229026
0 0.574026 0.206486 0.075949 0.0637154
0 0.549906 0.131421 0.0270903 0.0226954
0 0.899984 0.550789 0.0304074 0.0273089
0 0.288231 0.394561 0.0259763 0.0229955
0 0.851768 0.0365306 0.0543008 0.047012
0 0.458508 0.713672 0.0260299 0.0226595
0 0.457979 0.283212 0.0302093 0.0262808
0 0.502323 0.595639 0.0248246 0.0222782
0 0.850415 0.625393 0.0323174 0.0288432
0 0.250314 0.197362 0.0465734 0.0423899
0 0.583396 0.302222 0.167838 0.131392
0 0.509103 0.720295 0.0245663 0.0220899
0 0.121218 0.653849 0.0661925 0.0550147
0 0.979148 0.610459 0.0417041 0.0503228
0 0.557374 0.376427 0.0278511 0.0244834
0 0.643491 0.870115 0.0246892 0.0219037
0 0.105723 0.147314 0.0523052 0.04697
0 0.848709 0.700799 0.0262518 0.0242233
0 0.977951 0.774326 0.0319142 0.0277667
0 0.775107 0.587606 0.0252362 0.023034
0 0.0570884 0.376016 0.0238822 0.0221984
0 0.773284 0.119528 0.0625783 0.0525662
0 0.0650638 0.208274 0.0238479 0.0217218
