0 0.601263 0.249973 0.12497 0.119701
0 0.589041 0.0903691 0.0995337 0.0949772
0 0.198138 0.272308 0.0817682 0.0793543
0 0.441909 0.602915 0.0410011 0.0397103
0 0.258159 0.0693275 0.0440124 0.0438279
0 0.0795204 0.865453 0.0491207 0.047336
0 0.0173643 0.242411 0.0347172 0.0371281
0 0.161977 0.211506 0.0407792 0.0403152
0 0.0159008 0.0560399 0.0318017 0.0404292
0 0.116393 0.988713 0.0482616 0.0225281
0 0.93905 0.804306 0.112753 0.110352
0 0.0631226 0.354357 0.0462204 0.0448462
0 0.158103 0.81095 0.0608908 0.0584688
0 0.455719 0.458023 0.0477965 0.0456563
0 0.475823 0.176521 0.0498378 0.0489827
0 0.521116 0.048279 0.0522237 0.0510495
0 0.018042 0.550789 0.0360839 0.040194
0 0.495059 0.157584 0.0333853 0.0325101
0 0.630556 0.343689 0.028139 0.027284
0 0.400903 0.559704 0.0315944 0.030515
0 0.0347737 0.752376 0.0308729 0.0300309
0 0.861183 0.711536 0.0685227 0.0689517
0 0.0987907 0.043393 0.0264685 0.0260226
0 0.680235 0.857212 0.0269653 0.0262301
0 0.680151 0.420744 0.175707 0.159887
0 0.530611 0.153653 0.0404241 0.0399581
0 0.580424 0.556162 0.0346935 0.033734
0 0.524963 0.864826 0.0368463 0.0366465
0 0.374053 0.0531574 0.031674 0.030913
0 0.0330044 0.530782 0.0263877 0.0254153
0 0.0652872 0.815408 0.0307497 0.0300474
0 0.268003 0.289291 0.0340815 0.0337297
0 0.80868 0.678827 0.0740633 0.0731947
0 0.0120726 0.323518 0.0241283 0.0373932
0 0.488726 0.516779 0.039646 0.0388001
0 0.0998895 0.412551 0.0301755 0.0292808
0 0.958421 0.560967 0.0489163 0.0475014
0 0.0155287 0.34892 0.0303303 0.0308138
0 0.285099 0.0479902 0.027216 0.0269367
0 0.919698 0.631864 0.0414324 0.041182
0 0.227237 0.930761 0.0437022 0.0426678
0 0.317577 0.578488 0.046341 0.045253
0 0.512953 0.773937 0.0296597 0.0296524
0 0.281831 0.430361 0.023858 0.0233803
0 0.570603 0.0268737 0.0340392 0.0331961
0 0.42445 0.320833 0.0345483 0.0335997
0 0.740789 0.0104299 0.0276524 0.0208577
0 0.294104 0.311711 0.0324969 0.031674
0 0.89854 0.940792 0.0256826 0.0253988
0 0.322841 0.840448 0.0253341 0.0251711
0 0.849276 0.888167 0.023892 0.0239317
0 0.292064 0.714146 0.0390851 0.038059
0 0.677717 0.62891 0.0298173 0.0299509
0 0.0350253 0.290683 0.0242903 0.023806
0 0.164368 0.40643 0.0245272 0.0245728
0 0.278027 0.347622 0.0231828 0.023139
0 0.417928 0.109707 0.0283863 0.0273447
0 0.358544 0.0332703 0.0330741 0.0321104
0 0.306677 0.283457 0.0354082 0.0344235
0 0.947469 0.666579 0.0298007 0.0291014
0 0.00511492 0.797717 0.0102188 0.0244782
0 0.932866 0.583747 0.0524927 0.0526842
0 0.29374 0.557517 0.0356485 0.034374
0 0.477261 0.0557292 0.0352547 0.0342727
0 0.209564 0.0778844 0.0256153 0.025125
0 0.0301713 0.271194 0.0251538 0.0246447
0 0.508081 0.54387 0.0257777 0.0250611
0 0.324064 0.314329 0.0268182 0.0259525
0 0.480503 0.272888 0.0287764 0.0280129
0 0.571476 0.720098 0.029957 0.0295494
0 0.0704594 0.654326 0.0255703 0.0249545
0 0.340598 0.289258 0.0258493 0.0253817
0 0.673616 0.592255 0.0386846 0.0382371
0 0.811718 0.466028 0.0751209 0.0733563
0 0.0472705 0.645901 0.0246531 0.0240712
0 0.444777 0.575893 0.0249465 0.0238523
0 0.033613 0.69122 0.0268765 0.025713
0 0.0624784 0.565033 0.0274686 0.0265467
0 0.495582 0.655453 0.0430729 0.0430666
0 0.68229 0.0386624 0.027216 0.0265661
0 0.460029 0.117828 0.0250052 0.0242696
0 0.977044 0.6552 0.0261288 0.0257008
0 0.404066 0.161747 0.0283489 0.0279825
0 0.533889 0.674053 0.0374906 0.0363853
0 0.269542 0.548339 0.0343469 0.0337625
0 0.0720216 0.713159 0.0233028 0.0227571
0 0.363579 0.117498 0.0282999 0.0279612
0 0.935447 0.442506 0.0290335 0.0294724
0 0.352037 0.416611 0.0262262 0.0253373
0 0.418022 0.698277 0.0433613 0.041767
0 0.956516 0.203944 0.0408979 0.0394913
0 0.380981 0.707074 0.03761 0.0360575
0 0.929682 0.413883 0.0254364 0.0258828
0 0.209297 0.0554759 0.0241053 0.0247762
0 0.17997 0.322637 0.0227743 0.022491
0 0.128216 0.666973 0.0382911 0.0384302
0 0.955279 0.485466 0.0354337 0.0348226
0 0.382571 0.730764 0.0320375 0.0315144
0 0.931208 0.957438 0.0230627 0.0224517
0 0.672682 0.0195167 0.030045 0.030966
0 0.219507 0.893347 0.0416063 0.0414412
