0 0.568479 0.669014 0.0812176 0.0723324
0 0.762214 0.296489 0.0524197 0.0481228
0 0.121691 0.342698 0.0487226 0.0420636
0 0.448093 0.0317169 0.0422061 0.0366663
0 0.865133 0.591904 0.0465696 0.0417026
0 0.179029 0.988646 0.0447473 0.0227078
0 0.702169 0.127158 0.041795 0.0381692
0 0.948941 0.488424 0.0340666 0.0315212
0 0.662514 0.0336134 0.032938 0.0296667
0 0.672844 0.822939 0.0306087 0.0279409
0 0.551884 0.828767 0.0295377 0.0274078
0 0.0514203 0.867507 0.0300562 0.0270357
0 0.539073 0.0259096 0.0295703 0.0267251
0 0.58703 0.993586 0.0368261 0.0128277
0 0.147414 0.2007 0.0287856 0.024823
0 0.661182 0.157444 0.0258429 0.0240698
0 0.308171 0.469828 0.0257429 0.0236041
0 0.456646 0.715994 0.0270935 0.0258442
0 0.152458 0.113176 0.0280914 0.024984
0 0.157191 0.236789 0.0253783 0.0224809
0 0.441685 0.140877 0.0241831 0.0215996
0 0.695355 0.108234 0.0240715 0.0220488
