0 0.666398 0.735259 0.115343 0.0919368
0 0.481634 0.500748 0.0685817 0.0562268
0 0.642957 0.0677626 0.0892871 0.0703234
0 0.496617 0.184501 0.0732573 0.0576925
0 0.378671 0.444225 0.057256 0.046037
0 0.928049 0.0565022 0.059125 0.0459909
0 0.765914 0.801618 0.0631903 0.0482641
0 0.512339 0.907516 0.0651149 0.0503174
0 0.987369 0.504781 0.0252601 0.0364906
0 0.58029 0.102254 0.0544853 0.0436186
0 0.745051 0.067201 0.0449321 0.0352408
0 0.429775 0.777901 0.0378967 0.0292833
0 0.242398 0.36696 0.0395203 0.0308836
0 0.541305 0.866401 0.0474596 0.0368803
0 0.820395 0.79083 0.0373106 0.0287372
0 0.371292 0.597234 0.0381711 0.0306433
0 0.0405658 0.317511 0.0350084 0.0280873
0 0.841856 0.0139122 0.044555 0.0278244
0 0.211295 0.454066 0.0323703 0.0255977
0 0.612724 0.0168069 0.0975119 0.0335143
0 0.4468 0.527246 0.0358474 0.0291121
0 0.155289 0.884613 0.0369682 0.0308676
0 0.963669 0.556322 0.0334167 0.0267141
0 0.0301023 0.632589 0.0288389 0.0235624
0 0.573367 0.169241 0.0363009 0.0281061
0 0.731126 0.268299 0.0300939 0.0237006
0 0.500189 0.543936 0.0311868 0.0249642
0 0.278752 0.557047 0.0340583 0.027766
0 0.266531 0.690937 0.0356559 0.0287945
0 0.402596 0.0595063 0.0494236 0.0399929
0 0.408192 0.357841 0.0381619 0.031069
0 0.531323 0.972693 0.034411 0.0267572
0 0.641735 0.833957 0.0320061 0.0259713
0 0.920725 0.120808 0.0440593 0.0355169
0 0.410639 0.0990734 0.033108 0.0255832
0 0.753326 0.307966 0.0281506 0.0226335
0 0.274523 0.945038 0.0286171 0.0222993
0 0.770199 0.903936 0.0651042 0.0513097
0 0.977745 0.84621 0.0445094 0.0466692
0 0.700895 0.221555 0.0309349 0.0249743
0 0.186362 0.594758 0.189179 0.148382
0 0.559574 0.132327 0.056448 0.0476484
0 0.437702 0.616992 0.030865 0.0253252
0 0.815995 0.224526 0.0265603 0.021892
