0 0.261861 0.285685 0.0739964 0.0682148
0 0.324791 0.152683 0.0622965 0.0582529
0 0.235379 0.102433 0.0498018 0.0464795
0 0.405059 0.123106 0.0529477 0.0483113
0 0.745151 0.217743 0.0486785 0.0442724
0 0.553389 0.609344 0.039708 0.0356779
0 0.543619 0.548924 0.0410104 0.0369905
0 0.68228 0.757256 0.0424337 0.0387318
0 0.520557 0.355932 0.0327921 0.0299779
0 0.574645 0.108297 0.0314148 0.0280601
0 0.351137 0.448258 0.0293864 0.0271224
0 0.467433 0.756542 0.0336517 0.0310917
0 0.0622708 0.0627456 0.0287062 0.0269184
0 0.451488 0.333354 0.0358208 0.0330976
0 0.552931 0.00737664 0.0390522 0.0146966
0 0.888971 0.554669 0.0307495 0.0283525
0 0.710148 0.00905729 0.044559 0.018077
0 0.164121 0.204055 0.0391178 0.0368736
0 0.477336 0.990224 0.0433793 0.0195526
0 0.315852 0.538468 0.0270061 0.0252857
0 0.665111 0.205212 0.0260429 0.0239567
0 0.563531 0.812125 0.151804 0.14077
0 0.365896 0.0858262 0.0292504 0.0274865
0 0.67526 0.344207 0.0297107 0.0269539
0 0.668836 0.177286 0.0288275 0.0263056
0 0.476116 0.687543 0.0315052 0.0290416
0 0.385361 0.921933 0.0558383 0.051105
0 0.38177 0.392887 0.029351 0.0273161
0 0.115005 0.630987 0.230011 0.251782
0 0.738347 0.0409546 0.0314572 0.0291426
0 0.248685 0.0114422 0.0256971 0.0226405
0 0.791868 0.291905 0.0770086 0.0659769
0 0.477861 0.263966 0.0257505 0.0240725
0 0.696543 0.611971 0.0319556 0.0283745
0 0.596801 0.148175 0.040174 0.0366813
0 0.354895 0.114717 0.0263896 0.0250255
0 0.894301 0.832228 0.0471159 0.0415335
0 0.129485 0.740652 0.146822 0.136181
0 0.585963 0.294435 0.025859 0.0238785
0 0.0985075 0.83382 0.107003 0.0969776
0 0.151036 0.232479 0.0242526 0.0233601
0 0.562001 0.046914 0.0707659 0.0625122
