0 0.502574 0.0216722 0.0717115 0.0430513
0 0.814306 0.420375 0.0524153 0.0398144
0 0.884324 0.306903 0.0437341 0.0323381
0 0.807679 0.206997 0.0389161 0.0295316
0 0.248324 0.314725 0.0390343 0.0295921
0 0.422013 0.144157 0.0502485 0.0382585
0 0.146328 0.377383 0.0697288 0.0504277
0 0.160963 0.755293 0.0309182 0.0231597
0 0.222188 0.785005 0.0359614 0.0277246
0 0.611077 0.0190397 0.0303283 0.022194
0 0.859051 0.334419 0.0317185 0.0238754
0 0.212514 0.631566 0.0293829 0.0222376
0 0.581691 0.229494 0.041676 0.0308739
0 0.118064 0.297575 0.0411321 0.0306872
0 0.269327 0.115205 0.0366997 0.0273668
0 0.701183 0.596548 0.028373 0.0219865
0 0.8527 0.757743 0.178685 0.127385
0 0.410643 0.521742 0.0286946 0.0219908
