0 0.78679 0.751962 0.339752 0.299107
0 0.360973 0.617669 0.131755 0.119947
0 0.344906 0.660276 0.0528416 0.0470617
0 0.174726 0.216897 0.349451 0.37754
0 0.600433 0.564676 0.115541 0.102187
0 0.681432 0.345855 0.188806 0.16056
0 0.659833 0.942742 0.289642 0.114248
0 0.79943 0.0736585 0.17019 0.147124
0 0.669521 0.0441175 0.032927 0.03079
0 0.732721 0.27764 0.0296936 0.0260057
0 0.803467 0.929466 0.180631 0.141068
0 0.691051 0.445623 0.177441 0.149319
0 0.8928 0.107385 0.198985 0.195872
0 0.0980353 0.599411 0.0271397 0.0252565
0 0.393159 0.14434 0.11561 0.107999
0 0.299726 0.831724 0.0259905 0.0231535
0 0.263404 0.549565 0.0768125 0.0696492
0 0.330837 0.066108 0.02526 0.0242685
0 0.470458 0.738242 0.0830402 0.0749354
0 0.895649 0.915895 0.131487 0.113455
0 0.57005 0.824274 0.196492 0.17579
0 0.974391 0.703649 0.0508769 0.0642983
0 0.547742 0.104256 0.0377448 0.0332319
0 0.985478 0.0678365 0.0286792 0.0763184
0 0.457485 0.497468 0.0886449 0.0767519
0 0.906998 0.236789 0.048461 0.0437873
0 0.117453 0.607619 0.234606 0.289637
0 0.819459 0.330784 0.0665986 0.0568434
0 0.493048 0.111196 0.0637544 0.0576378
0 0.00946345 0.447598 0.0189269 0.0256244
0 0.903955 0.892784 0.0857912 0.0738236
0 0.575544 0.465241 0.0682789 0.0584337
0 0.244275 0.834349 0.488551 0.330588
0 0.617759 0.650666 0.0610365 0.0534322
0 0.357222 0.131102 0.0271834 0.0245472
0 0.987243 0.162873 0.0255132 0.0526789
0 0.568552 0.499652 0.0521771 0.0463964
