0 0.701216 0.433674 0.0761272 0.0734366
0 0.357307 0.648737 0.0411981 0.0395913
0 0.0288249 0.774896 0.0443002 0.0423019
0 0.221234 0.705445 0.0287712 0.0275375
0 0.0405004 0.587364 0.0282761 0.0273218
0 0.0580939 0.695791 0.027673 0.0267197
0 0.327183 0.827875 0.0335866 0.0328409
0 0.946989 0.717071 0.0254808 0.0245741
0 0.222184 0.898376 0.024223 0.0233581
0 0.164191 0.654644 0.0235231 0.0231828
0 0.298906 0.816088 0.0297832 0.0293852
0 0.8211 0.747504 0.023766 0.0230038
0 0.90234 0.809817 0.103304 0.0984637
0 0.121989 0.683606 0.0221267 0.0212059
0 0.321162 0.792285 0.0273284 0.0264619
