0 0.0799842 0.975253 0.0731887 0.0494939
0 0.115424 0.748318 0.0929484 0.0714258
0 0.182859 0.114171 0.0363005 0.028269
0 0.146705 0.721591 0.0381183 0.0285666
0 0.092015 0.8838 0.18403 0.173289
0 0.229516 0.777112 0.0825189 0.0637455
0 0.366104 0.349103 0.0521501 0.0397156
0 0.212463 0.810921 0.0507885 0.0380595
0 0.309419 0.273603 0.038947 0.0288211
0 0.620734 0.758248 0.0405049 0.0308391
0 0.576067 0.791984 0.0372143 0.0282264
0 0.801012 0.204184 0.0337893 0.0253069
0 0.12346 0.458941 0.0401487 0.0302095
0 0.30064 0.317845 0.0316076 0.0235888
0 0.374394 0.30666 0.030707 0.0229974
0 0.171162 0.82858 0.0315958 0.0230067
0 0.54061 0.491315 0.0787029 0.0609983
0 0.738465 0.216195 0.0293038 0.0218109
0 0.178534 0.552209 0.357067 0.305988
0 0.592651 0.188132 0.0681853 0.0510324
0 0.0545239 0.778989 0.0405073 0.0302836
0 0.0669822 0.154978 0.0292702 0.0223404
