0 0.882408 0.982584 0.0591839 0.0348153
0 0.45844 0.23002 0.270419 0.21598
0 0.105906 0.84047 0.0445469 0.0346775
0 0.581555 0.91826 0.0404501 0.0303318
0 0.745362 0.784558 0.0360252 0.0279508
0 0.223887 0.00854998 0.0324753 0.0170988
0 0.389007 0.989543 0.0405768 0.0209139
0 0.444134 0.763706 0.0338035 0.0245051
0 0.907526 0.474822 0.0339862 0.0270217
0 0.444437 0.243414 0.0302187 0.0239453
0 0.843837 0.520219 0.0312416 0.024894
0 0.637125 0.872107 0.034566 0.025944
0 0.0260208 0.011177 0.0319602 0.0222491
0 0.616636 0.835468 0.0301355 0.0235274
0 0.260051 0.525145 0.0295886 0.0227096
0 0.974172 0.817642 0.0292933 0.0235365
0 0.640874 0.1597 0.0323228 0.0255896
0 0.0684104 0.336137 0.136821 0.122256
0 0.406092 0.632516 0.030686 0.023403
0 0.779023 0.824775 0.0287624 0.0218606
0 0.922408 0.582394 0.154411 0.272293
0 0.233208 0.354003 0.0281834 0.0218346
0 0.391718 0.268455 0.0274914 0.0221099
0 0.239834 0.533478 0.0290874 0.0224283
0 0.0779123 0.0773351 0.0270364 0.0220621
0 0.675692 0.695272 0.0281081 0.0215857
0 0.861996 0.320287 0.0281947 0.0232084
0 0.477206 0.772868 0.0290504 0.0219487
0 0.426206 0.147222 0.0271501 0.0218214
0 0.533071 0.787847 0.030164 0.0239313
0 0.920147 0.905415 0.0271695 0.0214767
0 0.174508 0.0415613 0.0649682 0.0513434
0 0.241926 0.0857005 0.0264355 0.022219
0 0.591426 0.224122 0.0298068 0.0240697
