0 0.493399 0.860377 0.288738 0.263233
0 0.0657672 0.525431 0.131534 0.185336
0 0.323021 0.88036 0.0831466 0.0806743
0 0.157068 0.529998 0.0453051 0.0435657
0 0.889012 0.689547 0.0446032 0.0438559
0 0.931213 0.772326 0.0463151 0.0450942
0 0.590425 0.354446 0.0490507 0.0469988
0 0.523214 0.297825 0.0343001 0.0336499
0 0.483992 0.605522 0.0912265 0.0857418
0 0.0676363 0.0132485 0.0405929 0.026497
0 0.568596 0.197627 0.0277356 0.0276415
0 0.537846 0.657975 0.0663301 0.0621111
0 0.215623 0.983926 0.0283472 0.0272973
0 0.267238 0.616413 0.0478311 0.0461628
0 0.365056 0.338033 0.0621843 0.0610861
0 0.0340976 0.313936 0.068086 0.122125
0 0.022129 0.176279 0.0282011 0.0274229
0 0.323727 0.154706 0.0948739 0.0925579
0 0.295101 0.390791 0.0406812 0.0400239
0 0.121118 0.682308 0.0249535 0.0242198
0 0.110239 0.0571007 0.0330721 0.0313118
0 0.0617599 0.324688 0.0463046 0.0455604
0 0.719657 0.964795 0.0372275 0.0375495
0 0.186189 0.808384 0.0299524 0.0286844
0 0.969837 0.683337 0.0261801 0.0254498
0 0.0412012 0.475984 0.0573714 0.0563666
0 0.254577 0.504702 0.031575 0.0313823
0 0.108718 0.40198 0.0350517 0.0335851
0 0.0529683 0.246085 0.0303341 0.0295412
0 0.382632 0.414888 0.0740976 0.0714772
0 0.685463 0.977198 0.0431492 0.0410578
0 0.267362 0.135041 0.0291533 0.028197
0 0.819681 0.456758 0.0469203 0.0468195
0 0.966718 0.610716 0.0265935 0.0260546
0 0.435655 0.631741 0.0502507 0.0476789
0 0.151614 0.904346 0.0277756 0.0265906
0 0.588863 0.490091 0.0334911 0.0318462
0 0.441826 0.987586 0.0326676 0.0248281
0 0.109924 0.445605 0.028698 0.0275277
0 0.918614 0.453013 0.0250297 0.024742
0 0.927267 0.651112 0.0249437 0.02422
0 0.742601 0.62677 0.0344777 0.0336459
0 0.13576 0.878562 0.0244297 0.0239671
0 0.660792 0.990275 0.0588629 0.0193338
0 0.0724129 0.132922 0.0285089 0.0277531
0 0.96174 0.424346 0.0258703 0.0254997
0 0.727133 0.925906 0.0346169 0.0333082
0 0.0222818 0.34574 0.0444397 0.0557084
0 0.152514 0.54966 0.233688 0.232723
0 0.720701 0.251723 0.558597 0.503446
0 0.180783 0.833504 0.106212 0.104946
0 0.121796 0.208065 0.0303817 0.0297502
0 0.920022 0.483957 0.037474 0.0357705
0 0.0831181 0.837013 0.036439 0.0342842
0 0.0751326 0.0813482 0.0282517 0.0264301
0 0.42535 0.697504 0.0290585 0.0271764
