0 0.770665 0.811184 0.0788063 0.0741282
0 0.350333 0.660721 0.104868 0.0986248
0 0.746201 0.0526806 0.0514429 0.0499277
0 0.558718 0.756197 0.0504846 0.0482943
0 0.243843 0.717277 0.0357897 0.0346487
0 0.0713321 0.456947 0.0344701 0.0334363
0 0.847778 0.0894818 0.0390089 0.0372638
0 0.726863 0.140242 0.0302481 0.0288387
0 0.972287 0.266354 0.0305776 0.0292811
0 0.657192 0.0835731 0.034777 0.0333613
0 0.71816 0.195335 0.0347898 0.0324432
0 0.0392315 0.861155 0.0311007 0.0297008
0 0.0200907 0.390251 0.032577 0.0309314
0 0.124164 0.099301 0.0300172 0.0261082
0 0.426635 0.756434 0.0263746 0.0253479
0 0.380088 0.277799 0.0384943 0.034027
0 0.932835 0.811381 0.0264008 0.0255605
0 0.815522 0.0748851 0.0311065 0.0299519
0 0.121705 0.87154 0.0264756 0.0255025
0 0.481461 0.627042 0.0346241 0.0328253
0 0.471023 0.259373 0.0304558 0.0276999
0 0.846964 0.293302 0.0252326 0.0235831
0 0.693692 0.10063 0.0262003 0.025346
0 0.277933 0.983439 0.0245898 0.0236348
0 0.680558 0.851037 0.0265673 0.0257525
0 0.380114 0.895517 0.0247686 0.0239396
0 0.848964 0.269285 0.0289349 0.0274416
0 0.279774 0.879119 0.0253031 0.0242252
0 0.846882 0.411724 0.0246568 0.0234496
0 0.496132 0.580377 0.0241769 0.0232246
0 0.794003 0.17705 0.0247459 0.0241877
0 0.961945 0.845518 0.0245237 0.0234154
0 0.955142 0.668836 0.0430122 0.0420741
0 0.0113648 0.838591 0.0227295 0.061963
0 0.508407 0.504665 0.0498002 0.046418
0 0.0743194 0.111243 0.148639 0.217275
0 0.252372 0.884693 0.031383 0.0304809
0 0.205446 0.952345 0.0242212 0.0234241
0 0.969492 0.546299 0.0235713 0.0223787
0 0.734482 0.426993 0.0437024 0.0404033
0 0.641418 0.80801 0.0350957 0.0336578
