0 0.922849 0.8853 0.0851068 0.0814096
0 0.29545 0.664615 0.0289811 0.0281956
0 0.306951 0.110346 0.0385769 0.0356323
0 0.483346 0.869701 0.0357959 0.0348309
0 0.539026 0.424818 0.0369534 0.035498
0 0.349676 0.980325 0.0388696 0.036516
0 0.0355275 0.207904 0.0417998 0.0399898
0 0.420965 0.811187 0.0285625 0.0278054
0 0.831103 0.121607 0.0396961 0.0362671
0 0.41941 0.277516 0.0363779 0.0330146
0 0.0166122 0.614816 0.0331544 0.0413616
0 0.351247 0.295708 0.0376767 0.034349
0 0.741947 0.823204 0.0304594 0.0293584
0 0.266176 0.789169 0.0304236 0.0298471
0 0.707694 0.757604 0.0302639 0.0291438
0 0.204631 0.745512 0.0310927 0.0309393
0 0.397755 0.583845 0.0342898 0.0334888
0 0.851881 0.657971 0.0273114 0.0260333
0 0.7137 0.730815 0.0393233 0.038322
0 0.878749 0.196972 0.0240658 0.0216229
0 0.616263 0.219348 0.0235438 0.0224721
0 0.0684567 0.272184 0.0293949 0.0269683
0 0.894199 0.666079 0.0767706 0.0718064
0 0.0324798 0.15977 0.0383016 0.0354201
0 0.325921 0.928919 0.0240879 0.0230761
0 0.124527 0.312156 0.0347087 0.0313358
0 0.206436 0.0454074 0.0280469 0.0267938
0 0.266362 0.259608 0.0396621 0.0358117
0 0.952946 0.941694 0.028018 0.0271888
0 0.705931 0.430702 0.0245674 0.023298
