0 0.782111 0.80145 0.145943 0.137302
0 0.419122 0.465744 0.330186 0.315662
0 0.0296784 0.725762 0.0286381 0.0277603
0 0.386685 0.451376 0.0279435 0.0266373
0 0.422214 0.698461 0.0473442 0.04547
0 0.682644 0.503617 0.0263751 0.0250001
0 0.597655 0.156924 0.0270937 0.0263596
0 0.134127 0.983974 0.0417367 0.0319775
0 0.107891 0.469272 0.0235432 0.0227642
0 0.345504 0.606181 0.032714 0.030553
0 0.936659 0.681955 0.0257543 0.0245181
0 0.558228 0.0780443 0.0295193 0.0284416
0 0.940625 0.601786 0.0294491 0.0270615
0 0.512316 0.927279 0.025795 0.02509
0 0.675194 0.0129652 0.0346892 0.0258232
0 0.640504 0.634589 0.0243683 0.0231323
