0 0.795118 0.577674 0.0432003 0.0359149
0 0.525608 0.0627417 0.0474873 0.0406955
0 0.029425 0.283449 0.0411738 0.0368118
0 0.686751 0.794893 0.0450194 0.038327
0 0.628988 0.323911 0.0363797 0.029634
0 0.741382 0.826917 0.0476061 0.0416782
0 0.0132197 0.257001 0.0264301 0.0274781
0 0.467536 0.101748 0.0319474 0.0276068
0 0.0243207 0.21394 0.0313441 0.0273503
0 0.907669 0.850276 0.0654562 0.0556397
0 0.441447 0.765105 0.0277474 0.0237017
0 0.627064 0.702732 0.033608 0.0291704
0 0.680384 0.901859 0.0417523 0.0353761
0 0.909914 0.680101 0.0334218 0.0295365
0 0.0285336 0.496292 0.0493802 0.0423045
0 0.71981 0.810398 0.0355209 0.0301755
0 0.933055 0.605064 0.0277025 0.0238328
0 0.057808 0.955645 0.115217 0.0885122
0 0.717395 0.931947 0.0659615 0.0563459
0 0.580998 0.387173 0.0272882 0.0231404
0 0.823637 0.646056 0.0330147 0.0283756
0 0.00936143 0.86872 0.0186896 0.0520756
0 0.983711 0.894108 0.0294154 0.026908
0 0.191748 0.0140403 0.0277046 0.0248489
0 0.889252 0.895991 0.0308619 0.0266942
0 0.521998 0.1741 0.0251373 0.0218938
0 0.0258065 0.531068 0.0390931 0.0330571
0 0.518953 0.148294 0.0338304 0.0296269
