0 0.942751 0.418559 0.114168 0.110384
0 0.11001 0.935846 0.0915712 0.0838063
0 0.720925 0.938312 0.0766275 0.0698552
0 0.422114 0.973309 0.109435 0.0533818
0 0.616445 0.972478 0.103902 0.0549788
0 0.569582 0.874454 0.0650263 0.0603177
0 0.10584 0.151366 0.0977344 0.0887548
0 0.283022 0.940213 0.108147 0.0960767
0 0.0342981 0.821716 0.0653332 0.0608578
0 0.0361596 0.408196 0.0722 0.111821
0 0.0715489 0.637211 0.0382873 0.0345365
0 0.321995 0.0648549 0.0741014 0.0669948
0 0.91543 0.927238 0.0504905 0.0462056
0 0.154563 0.808268 0.0647158 0.0601846
0 0.573707 0.485195 0.0433809 0.0412251
0 0.678578 0.903114 0.0472584 0.0447742
0 0.702856 0.235285 0.0498149 0.0446907
0 0.862944 0.301172 0.032526 0.0295093
0 0.184016 0.0292521 0.0593068 0.053092
0 0.834511 0.272801 0.0448776 0.0402843
0 0.476178 0.609138 0.0468565 0.0430664
0 0.258239 0.622056 0.0330472 0.0285347
0 0.761251 0.886764 0.0390893 0.0369651
0 0.818196 0.793701 0.0376972 0.0351462
0 0.470329 0.192187 0.0406011 0.0368209
0 0.592004 0.0879627 0.0462791 0.0423267
0 0.0146935 0.873358 0.0293869 0.0469834
0 0.544827 0.962437 0.0328305 0.0308796
0 0.845357 0.833376 0.0328403 0.0308011
0 0.754775 0.43733 0.0309315 0.0288619
0 0.263671 0.748352 0.111127 0.100417
0 0.901527 0.0718885 0.0979747 0.0907408
0 0.815324 0.943948 0.102411 0.0954207
0 0.724027 0.0169401 0.0510664 0.0337235
0 0.785516 0.377446 0.0440252 0.0403523
0 0.647152 0.881061 0.0357103 0.0340848
0 0.196967 0.704094 0.0748777 0.0689509
0 0.740742 0.369921 0.0454237 0.0423592
0 0.693047 0.858973 0.030659 0.0287034
0 0.991335 0.658368 0.0173304 0.0363703
0 0.577561 0.448494 0.0370445 0.0348344
0 0.979353 0.489905 0.0410175 0.126407
0 0.742705 0.615891 0.0252807 0.0234891
0 0.356349 0.155402 0.0680249 0.0619906
0 0.857698 0.356562 0.0433254 0.0402441
0 0.00731502 0.700395 0.0146288 0.0527032
0 0.0105164 0.0607578 0.0210328 0.066481
0 0.616198 0.195172 0.0413857 0.0372083
0 0.812423 0.172394 0.0443618 0.0418249
0 0.661121 0.851252 0.0325629 0.030551
0 0.81916 0.391589 0.0491776 0.0458017
0 0.764696 0.498124 0.0436368 0.0396904
0 0.571238 0.305796 0.10829 0.099075
0 0.189572 0.138823 0.0409468 0.0387896
0 0.193171 0.789113 0.0256538 0.0235765
0 0.512173 0.639673 0.0391966 0.0361032
0 0.859547 0.511916 0.0395696 0.0350238
0 0.563755 0.0229878 0.0460413 0.0421586
0 0.743947 0.675039 0.0252275 0.024363
0 0.464477 0.476241 0.0618669 0.0564878
0 0.572808 0.550805 0.0383343 0.0360434
0 0.23308 0.14238 0.0401264 0.0369582
0 0.108573 0.600303 0.0699217 0.0638082
0 0.231749 0.107721 0.0472569 0.0433417
0 0.525164 0.46348 0.0618036 0.0566511
0 0.339361 0.570639 0.0320846 0.0296944
0 0.284936 0.294409 0.0789557 0.0717282
0 0.914355 0.562624 0.118596 0.110345
0 0.0897584 0.83833 0.0308484 0.028737
0 0.979357 0.62153 0.0411911 0.0491245
0 0.848109 0.132533 0.0295508 0.028046
0 0.0798142 0.771087 0.0534156 0.0496222
0 0.38108 0.743607 0.0386567 0.0361556
0 0.6023 0.565124 0.0244727 0.0232203
0 0.310402 0.783184 0.0361097 0.0337104
0 0.620165 0.501633 0.0442331 0.0406036
0 0.700475 0.543069 0.0247647 0.0233692
0 0.85847 0.448355 0.0380621 0.0345269
0 0.570086 0.420357 0.0312238 0.0289994
0 0.960161 0.150175 0.0794955 0.094226
0 0.553001 0.537622 0.0296347 0.0274625
0 0.688921 0.451232 0.0546412 0.0504514
0 0.692841 0.71222 0.028132 0.0261261
0 0.90217 0.0209432 0.0677755 0.0418841
0 0.166383 0.83391 0.0295121 0.0271813
0 0.254253 0.98772 0.0504483 0.0245601
0 0.398097 0.207694 0.0239898 0.0219349
0 0.709771 0.285136 0.026494 0.0253963
