0 0.218897 0.689306 0.0830524 0.0798229
0 0.0910297 0.0507965 0.0518671 0.0509279
0 0.161442 0.413503 0.0521239 0.0505127
0 0.450844 0.352312 0.046881 0.0457897
0 0.162047 0.820229 0.0537552 0.0527118
0 0.289467 0.276744 0.0429018 0.0417843
0 0.584364 0.0900349 0.0380004 0.0386559
0 0.101841 0.204806 0.0312665 0.0305684
0 0.156217 0.919326 0.0377566 0.0370906
0 0.445306 0.159528 0.0312328 0.0311054
0 0.548331 0.0805705 0.0368834 0.0358459
0 0.560788 0.817684 0.0333099 0.0327172
0 0.277792 0.440736 0.0269563 0.0263904
0 0.095862 0.549115 0.0341429 0.0335371
0 0.249999 0.989894 0.0425723 0.020213
0 0.324802 0.785881 0.0480224 0.0469557
0 0.521486 0.0095907 0.0392268 0.0191814
0 0.03917 0.905694 0.0424338 0.0406752
0 0.333654 0.0598299 0.0321018 0.0313404
0 0.255918 0.125781 0.0281204 0.0276147
0 0.0733271 0.148317 0.0285139 0.0278311
0 0.0547995 0.0987867 0.0274287 0.0267791
0 0.434184 0.712592 0.0517561 0.0513129
0 0.38583 0.965678 0.0702252 0.0668607
0 0.283165 0.0551339 0.036036 0.0358914
0 0.334944 0.160587 0.0283506 0.0272696
0 0.516474 0.827893 0.0270708 0.0266027
0 0.0245556 0.115998 0.0254731 0.0252836
0 0.307997 0.30305 0.0287218 0.0279152
0 0.485839 0.870311 0.0321985 0.0315795
0 0.532098 0.6268 0.040053 0.0392533
0 0.388937 0.208211 0.024438 0.0239366
0 0.186953 0.601007 0.0259044 0.0249866
0 0.107894 0.610241 0.0243358 0.0234149
0 0.257499 0.844979 0.0482593 0.0479428
0 0.587548 0.158283 0.0244968 0.024412
0 0.410435 0.217388 0.0241268 0.0235158
0 0.310516 0.393279 0.0241561 0.023823
0 0.377849 0.844535 0.0303926 0.0298944
0 0.295787 0.575526 0.0259163 0.0252083
0 0.333449 0.245515 0.02936 0.0287223
0 0.518742 0.14443 0.0260994 0.0253239
0 0.310592 0.0798984 0.0277695 0.0273144
0 0.080733 0.524042 0.0296814 0.028995
0 0.263966 0.0720362 0.0238179 0.0231223
0 0.336163 0.139899 0.0241287 0.0240344
0 0.426682 0.172249 0.0234565 0.0229824
0 0.552759 0.422616 0.0237112 0.0233179
0 0.357215 0.228879 0.0236599 0.0228509
0 0.457518 0.906136 0.0373472 0.036563
0 0.495469 0.0275264 0.024344 0.024009
0 0.0913588 0.449203 0.0239872 0.0237143
0 0.369035 0.311573 0.0261593 0.0258744
0 0.169623 0.466389 0.0237561 0.0230937
0 0.252445 0.0962081 0.0243353 0.0239968
0 0.261508 0.423477 0.0224365 0.0220697
0 0.381036 0.113145 0.0231394 0.0227408
0 0.544031 0.147202 0.0225773 0.0220203
0 0.443786 0.539775 0.0246747 0.0236299
0 0.435911 0.647852 0.023034 0.022541
0 0.262711 0.935703 0.0228141 0.0229422
0 0.569433 0.124575 0.0232542 0.0230971
0 0.292974 0.375486 0.0240369 0.0234492
0 0.0650161 0.880078 0.028116 0.0268817
0 0.515841 0.770535 0.0302823 0.030066
0 0.287634 0.64923 0.0226644 0.0226774
0 0.4333 0.85219 0.0742222 0.0735086
0 0.49613 0.553829 0.0223713 0.0219328
0 0.156353 0.211667 0.0232028 0.0228927
