0 0.731768 0.138257 0.113824 0.10653
0 0.800629 0.611813 0.206954 0.187154
0 0.293999 0.543783 0.0749089 0.0724208
0 0.165477 0.497931 0.17072 0.167005
0 0.253925 0.0570665 0.0479213 0.0454784
0 0.0157601 0.388452 0.0315088 0.0338301
0 0.602523 0.0410386 0.0425566 0.0402956
0 0.429059 0.423077 0.0603506 0.0583339
0 0.667632 0.175682 0.0938947 0.0894693
0 0.137061 0.84431 0.031374 0.0303613
0 0.854334 0.108417 0.0993919 0.0915359
0 0.847399 0.734146 0.0294678 0.028281
0 0.575458 0.163413 0.0345919 0.0329144
0 0.387033 0.228706 0.0923064 0.0863751
0 0.0289018 0.953468 0.0355238 0.0341145
0 0.0425047 0.107072 0.0846206 0.104852
0 0.910357 0.664558 0.04491 0.0435433
0 0.633968 0.214831 0.0601647 0.057716
0 0.549562 0.318032 0.0496564 0.0460774
0 0.660331 0.490883 0.0295925 0.0268813
0 0.425943 0.0378984 0.0880882 0.0755041
0 0.291702 0.580426 0.0286052 0.0281827
0 0.0640974 0.401953 0.031832 0.0280991
0 0.827953 0.814966 0.0398806 0.0377985
0 0.322039 0.184245 0.0739603 0.0683044
0 0.462687 0.225313 0.0353694 0.033748
0 0.240434 0.992177 0.0349003 0.015645
0 0.35005 0.295722 0.037688 0.0352984
0 0.856183 0.014676 0.0271867 0.0252103
0 0.939115 0.146867 0.0657161 0.0598462
0 0.773927 0.803163 0.073154 0.0684964
0 0.254258 0.709859 0.0266746 0.0255773
0 0.988884 0.433982 0.022172 0.0780467
0 0.114544 0.577614 0.0528116 0.0500076
0 0.262773 0.293819 0.0393877 0.0365943
0 0.483044 0.381458 0.0566455 0.0526459
0 0.984442 0.748032 0.0263024 0.0251462
0 0.735074 0.730716 0.0961587 0.0899516
0 0.237103 0.750112 0.0246804 0.0244033
0 0.756089 0.232302 0.0310675 0.0292563
0 0.56252 0.372918 0.0825742 0.0735434
0 0.210764 0.961183 0.0619745 0.0572892
0 0.123896 0.361937 0.247463 0.511933
0 0.354736 0.520387 0.0484763 0.0472785
0 0.0130639 0.189061 0.0261252 0.0732393
0 0.717949 0.0583604 0.0261991 0.0240187
0 0.927172 0.785307 0.0244635 0.0231501
0 0.758472 0.906906 0.0487679 0.0455353
0 0.273601 0.483836 0.0867556 0.0836247
0 0.390991 0.83117 0.0838674 0.0789278
0 0.572712 0.933076 0.0912332 0.0876453
0 0.232634 0.103287 0.0504714 0.0462155
0 0.0323926 0.0644756 0.0263889 0.0253196
0 0.659229 0.273149 0.113758 0.108072
0 0.612402 0.784816 0.0768869 0.069243
0 0.971875 0.0809635 0.05625 0.056433
0 0.819084 0.324139 0.0253051 0.02386
0 0.836444 0.527056 0.0260757 0.0243228
0 0.810938 0.853237 0.0587356 0.0569472
0 0.34554 0.444803 0.0948579 0.0888993
0 0.509893 0.136387 0.07847 0.0722612
0 0.967654 0.811634 0.0646924 0.0652665
0 0.893594 0.108359 0.0400643 0.0370378
0 0.027835 0.846114 0.0240602 0.0226282
0 0.217389 0.805251 0.0309881 0.0287061
0 0.308559 0.0660809 0.114182 0.10402
0 0.380957 0.284208 0.0282468 0.0267105
0 0.985484 0.665665 0.0290316 0.0510099
0 0.237138 0.183652 0.0289979 0.0273802
0 0.632957 0.699033 0.0894421 0.0807998
0 0.788596 0.872235 0.0418703 0.0387897
0 0.103211 0.0139442 0.0244499 0.023126
0 0.667681 0.664535 0.0980906 0.0908357
0 0.664759 0.599616 0.046944 0.0406978
0 0.496709 0.0490371 0.0439762 0.0409712
0 0.407024 0.455796 0.0230977 0.0225564
0 0.310316 0.241439 0.0330163 0.0311474
0 0.610829 0.968456 0.0766727 0.0630884
0 0.820465 0.917222 0.0325096 0.0305552
0 0.180257 0.788113 0.0237228 0.0231137
0 0.367453 0.120058 0.0385046 0.0369276
0 0.587244 0.199866 0.0227708 0.0221725
0 0.568413 0.585978 0.0246385 0.0225366
0 0.859886 0.704387 0.0339037 0.0309166
0 0.0195819 0.466657 0.0245969 0.0235996
0 0.716358 0.945783 0.0316113 0.028848
0 0.990039 0.989915 0.0193984 0.0201698
0 0.0687315 0.618047 0.0465229 0.0446459
