0 0.445306 0.813409 0.0811684 0.0746803
0 0.198238 0.280771 0.06453 0.057577
0 0.286732 0.294285 0.046916 0.0423343
0 0.604294 0.714959 0.0405886 0.0364077
0 0.462257 0.397293 0.0421605 0.0382315
0 0.228555 0.482761 0.0309743 0.0273821
0 0.83664 0.427629 0.0346313 0.0298187
0 0.264065 0.824992 0.0326075 0.0291918
0 0.101153 0.621399 0.0302013 0.0260856
0 0.978943 0.215652 0.0271919 0.0251277
0 0.574718 0.552754 0.0280835 0.0255091
0 0.564258 0.849998 0.0314177 0.0288642
0 0.223179 0.547184 0.0266003 0.0237513
0 0.602782 0.883865 0.027133 0.0251591
0 0.634403 0.464098 0.0264134 0.0249099
0 0.0207971 0.742548 0.0275322 0.023402
0 0.596551 0.992725 0.0291274 0.0145501
0 0.767146 0.386734 0.0390058 0.0353969
0 0.325477 0.682552 0.0792415 0.068911
0 0.0950244 0.310474 0.0375212 0.0338038
0 0.466784 0.590501 0.0271377 0.0245387
0 0.191157 0.87456 0.0495949 0.0424997
0 0.631864 0.00595496 0.0236002 0.0119099
0 0.0819449 0.638772 0.0260376 0.0227345
0 0.735193 0.575609 0.0243466 0.0224504
0 0.818785 0.402031 0.0236809 0.0214651
0 0.711848 0.657427 0.0234246 0.0227176
0 0.0376918 0.959232 0.0279838 0.0240628
0 0.708145 0.879544 0.0290999 0.0257442
0 0.95381 0.0290078 0.0233485 0.0213717
