0 0.813382 0.541634 0.0694088 0.0674746
0 0.518773 0.155844 0.0514921 0.0511157
0 0.890145 0.758299 0.0534333 0.0518094
0 0.749919 0.0261533 0.0688653 0.0522814
0 0.426082 0.522821 0.0380483 0.037474
0 0.240126 0.166636 0.0535455 0.0532596
0 0.985672 0.257221 0.0285851 0.0365853
0 0.121941 0.277595 0.0430885 0.042649
0 0.0626102 0.0189066 0.0364415 0.0359636
0 0.899478 0.398461 0.0396032 0.0392083
0 0.506629 0.263633 0.0334394 0.0329755
0 0.272196 0.54929 0.0312041 0.0303756
0 0.0932379 0.134494 0.0332157 0.0328691
0 0.854671 0.0462502 0.0466031 0.04514
0 0.156105 0.578392 0.0394878 0.0379062
0 0.969267 0.340915 0.0577499 0.0570553
0 0.231956 0.0208876 0.0547691 0.0417001
0 0.275293 0.0390716 0.0561274 0.0556014
0 0.683063 0.0866424 0.080917 0.0785622
0 0.781248 0.778235 0.0289783 0.0282457
0 0.0563686 0.256549 0.0316492 0.0312368
0 0.31521 0.348942 0.0274273 0.0269142
0 0.643511 0.447324 0.03952 0.0388442
0 0.407264 0.735186 0.0526179 0.0515432
0 0.162674 0.214242 0.0339703 0.0335772
0 0.381596 0.420778 0.0304279 0.0296089
0 0.220172 0.687971 0.0451553 0.0435205
0 0.843435 0.112715 0.0282981 0.0275936
0 0.72144 0.610969 0.0333536 0.0329411
0 0.843498 0.432317 0.0417566 0.0411655
0 0.923597 0.554716 0.0266361 0.0263951
0 0.631733 0.242335 0.0260345 0.025762
0 0.957771 0.0984786 0.032513 0.0320576
0 0.543832 0.73211 0.0248427 0.0247695
0 0.385306 0.271339 0.0665006 0.0645774
0 0.927867 0.073682 0.0313583 0.0309029
0 0.979894 0.0666691 0.0277284 0.0265138
0 0.861453 0.578632 0.0300274 0.0288575
0 0.915212 0.127493 0.0257266 0.0251274
0 0.811504 0.00690795 0.0346041 0.0137951
0 0.67239 0.786874 0.0260976 0.0262683
0 0.980736 0.115587 0.0240946 0.0241646
0 0.87585 0.240252 0.0255285 0.0251381
0 0.756926 0.354843 0.157164 0.154908
0 0.292229 0.0911253 0.0452063 0.0441618
0 0.812304 0.450711 0.0412214 0.0410387
0 0.537103 0.284996 0.0243142 0.0238663
0 0.881903 0.505641 0.027064 0.0272645
0 0.487298 0.116232 0.025022 0.0247958
0 0.0760933 0.379792 0.0392907 0.0388395
0 0.438068 0.360308 0.0258057 0.0255646
0 0.988704 0.604741 0.0225727 0.0243001
0 0.837193 0.674918 0.0239922 0.0237207
0 0.977668 0.204461 0.044385 0.0921057
0 0.618978 0.468355 0.024653 0.024634
0 0.475766 0.518405 0.0255114 0.0248489
0 0.101678 0.428982 0.0241472 0.023619
0 0.684128 0.557923 0.0276673 0.027056
0 0.768203 0.422862 0.0278154 0.0279021
0 0.193538 0.41028 0.136564 0.134985
0 0.472507 0.170184 0.0300934 0.0297186
0 0.820318 0.244305 0.0229834 0.022772
0 0.932169 0.603528 0.0317112 0.0306478
0 0.0260238 0.262448 0.0238154 0.0239997
0 0.971683 0.439178 0.0563787 0.0947863
0 0.778572 0.718539 0.0331527 0.0332649
0 0.434502 0.120706 0.0230961 0.022749
0 0.516997 0.736289 0.0232894 0.0231988
0 0.88241 0.163023 0.0250614 0.0246195
0 0.741992 0.638177 0.0361142 0.0354886
0 0.694718 0.125188 0.0503707 0.0500903
0 0.878924 0.140595 0.0326679 0.031844
0 0.59602 0.586209 0.0244575 0.0251248
0 0.916737 0.104062 0.0235729 0.0229837
0 0.995134 0.358333 0.00973187 0.0330872
0 0.767116 0.738675 0.0241196 0.0237081
0 0.212964 0.13646 0.0341662 0.0338134
0 0.0373165 0.156486 0.074633 0.312972
0 0.477909 0.0674886 0.0227379 0.0225334
0 0.949536 0.546832 0.0236541 0.0235181
0 0.443777 0.44082 0.151 0.14596
0 0.100931 0.234224 0.0224968 0.0224235
0 0.486397 0.30283 0.116826 0.11274
0 0.95369 0.0715654 0.0248666 0.0241987
0 0.682926 0.418381 0.0403502 0.0385278
0 0.37873 0.00878791 0.0287943 0.0175702
0 0.112994 0.300256 0.027835 0.0274427
0 0.92528 0.227404 0.0399303 0.038825
0 0.668016 0.249542 0.0349731 0.0347835
0 0.358174 0.327974 0.0610387 0.0592234
0 0.850296 0.260054 0.0222154 0.0218329
0 0.965599 0.0365778 0.0234677 0.0226075
0 0.523752 0.711824 0.0231002 0.0229504
0 0.643406 0.196978 0.035049 0.0339006
0 0.0407696 0.611694 0.0352403 0.0333274
0 0.631948 0.588205 0.0507033 0.0504912
0 0.807106 0.142921 0.0332573 0.0310057
0 0.722145 0.0363929 0.044086 0.0428379
0 0.475057 0.103345 0.0256545 0.025027
0 0.0348821 0.463798 0.0367232 0.0352111
0 0.204077 0.434406 0.0247163 0.0238461
