0 0.483839 0.179619 0.308758 0.309841
0 0.874348 0.127369 0.107231 0.105573
0 0.289723 0.182096 0.104296 0.10141
0 0.368989 0.547906 0.277515 0.275958
0 0.650555 0.2262 0.0569189 0.05653
0 0.104079 0.06457 0.0760343 0.0734944
0 0.301008 0.0375902 0.036765 0.0352375
0 0.672341 0.509504 0.0349371 0.034261
0 0.0358974 0.0927161 0.0313908 0.0300952
0 0.828913 0.0227302 0.0327168 0.0321742
0 0.854106 0.690179 0.0366049 0.0364915
0 0.132721 0.292586 0.0636645 0.061366
0 0.51983 0.19353 0.052375 0.051089
0 0.277897 0.518762 0.0505003 0.0465431
0 0.218232 0.746469 0.0885654 0.0838022
0 0.540949 0.538324 0.0261898 0.0252898
0 0.258047 0.211613 0.0336272 0.0323432
0 0.45712 0.396204 0.0304119 0.0291491
0 0.207277 0.150419 0.0266714 0.0257184
0 0.274893 0.837088 0.0250583 0.0243591
0 0.949065 0.530614 0.0276421 0.0267443
0 0.187586 0.0582537 0.0288683 0.027933
0 0.568504 0.575223 0.0381435 0.0357945
0 0.603815 0.454112 0.0510559 0.0496617
0 0.866864 0.982956 0.0352438 0.0332031
0 0.514512 0.561456 0.030237 0.0292013
0 0.769776 0.616338 0.0260227 0.0257429
0 0.272947 0.0141858 0.0232182 0.022874
0 0.71095 0.211171 0.0449257 0.0432972
0 0.902387 0.0335628 0.0226408 0.0223381
0 0.0926778 0.618594 0.0236614 0.0224478
0 0.83196 0.419348 0.0322784 0.0311055
0 0.990188 0.814992 0.0196239 0.060498
0 0.70646 0.250439 0.0258567 0.0250788
0 0.531555 0.102397 0.0237094 0.0236376
0 0.13208 0.454359 0.0248113 0.0232963
0 0.376149 0.67489 0.0263437 0.0244555
