0 0.20501 0.58321 0.0938459 0.0916249
0 0.404695 0.560693 0.0338461 0.0333397
0 0.981429 0.22792 0.0338135 0.0329086
0 0.404912 0.0142844 0.0371475 0.0285102
0 0.938297 0.907273 0.0710847 0.0689275
0 0.545563 0.300282 0.0460443 0.0454987
0 0.930092 0.204143 0.0279846 0.0276934
0 0.945295 0.806131 0.0287877 0.027862
0 0.153371 0.949546 0.0341064 0.0327905
0 0.355975 0.988837 0.0320386 0.0223256
0 0.493443 0.446661 0.0280817 0.0278827
0 0.0261353 0.0754686 0.0259319 0.0252186
0 0.941197 0.225013 0.0256413 0.0242525
0 0.450959 0.0685769 0.031636 0.0306844
0 0.286866 0.0354315 0.0366354 0.0361788
0 0.254415 0.543096 0.0370908 0.0365088
0 0.0961628 0.23812 0.0288695 0.0280047
0 0.953521 0.627833 0.0302351 0.0300038
0 0.731759 0.317154 0.0261353 0.0254666
0 0.932241 0.777308 0.0624067 0.0609401
0 0.226907 0.304155 0.0244869 0.0242369
0 0.465721 0.0107413 0.0402319 0.0214826
0 0.575031 0.439252 0.027255 0.0270345
0 0.257035 0.501513 0.031487 0.0310024
0 0.769356 0.947494 0.0989436 0.096667
0 0.415323 0.67795 0.0712114 0.0682623
0 0.265884 0.965412 0.0550268 0.0543165
0 0.222578 0.229544 0.0483867 0.0482382
0 0.0456816 0.0585374 0.0246455 0.024456
0 0.831365 0.952529 0.0250476 0.0242317
0 0.00803293 0.63477 0.0160659 0.0391864
0 0.986786 0.26126 0.0219005 0.0215117
0 0.695578 0.621398 0.0230742 0.0228106
0 0.680325 0.778889 0.0960333 0.0914237
0 0.809836 0.328813 0.0919946 0.0928837
0 0.250644 0.520924 0.0236052 0.022831
0 0.628254 0.126637 0.0265714 0.0261818
0 0.643266 0.269579 0.0516524 0.0513567
0 0.0882473 0.0420831 0.0796576 0.0757065
0 0.0309754 0.123126 0.0225607 0.0220698
0 0.837761 0.899258 0.0226552 0.0226164
0 0.745391 0.705371 0.151965 0.157978
0 0.113622 0.519593 0.0389871 0.0380313
0 0.836094 0.248021 0.0257533 0.0263557
0 0.943379 0.958972 0.0362343 0.0354482
0 0.687113 0.564967 0.0565102 0.0549854
0 0.872544 0.0563939 0.0542685 0.053501
0 0.103456 0.498041 0.0238727 0.0236058
0 0.611213 0.303424 0.128394 0.124687
