0 0.851545 0.988091 0.0362684 0.023817
0 0.277118 0.437823 0.0326182 0.0282574
0 0.573404 0.489947 0.0360355 0.0323873
0 0.987397 0.049891 0.0251627 0.0293149
0 0.377658 0.406158 0.0292884 0.0260918
0 0.0766317 0.366379 0.0310719 0.0284424
0 0.393135 0.513024 0.0240613 0.0217941
0 0.475152 0.534279 0.0252992 0.0229819
0 0.254751 0.564964 0.0279798 0.0255376
0 0.182309 0.55725 0.0312841 0.0278084
0 0.249375 0.887408 0.033796 0.0296776
0 0.0822249 0.476319 0.0281332 0.0255105
0 0.131558 0.397023 0.0347358 0.0315472
0 0.71177 0.0377655 0.0276684 0.0244521
0 0.109164 0.494629 0.0307238 0.0275553
0 0.187687 0.528235 0.033463 0.0306024
0 0.589719 0.36605 0.0263155 0.0240745
0 0.151103 0.81464 0.0250692 0.0226444
0 0.456432 0.583399 0.0341546 0.0301801
0 0.423415 0.590355 0.0286822 0.0255267
0 0.3178 0.939281 0.03028 0.0265102
0 0.694513 0.459616 0.0340962 0.0308531
0 0.132279 0.50251 0.0284437 0.0254683
0 0.464562 0.623034 0.0248989 0.0226138
0 0.690057 0.267956 0.0254309 0.0233636
0 0.111207 0.543538 0.0260423 0.0239253
0 0.49916 0.867731 0.0313841 0.0273412
0 0.302761 0.960073 0.0260674 0.0224107
0 0.546962 0.184743 0.024049 0.0219641
0 0.471575 0.881673 0.0331197 0.0297717
0 0.157145 0.498475 0.0269259 0.0247022
0 0.124982 0.366878 0.0334582 0.0311705
0 0.258877 0.589874 0.0396835 0.0363681
0 0.52272 0.887941 0.0311826 0.0269438
0 0.337333 0.768068 0.0246397 0.0223731
0 0.100314 0.0374177 0.0284275 0.0263803
0 0.0342808 0.430908 0.0488451 0.046803
