0 0.0463215 0.758144 0.0924307 0.0765548
0 0.318769 0.606746 0.0681394 0.0509995
0 0.884592 0.796959 0.0890257 0.0641024
0 0.475839 0.947328 0.0692046 0.0516464
0 0.199427 0.558733 0.0470598 0.0348959
0 0.960976 0.642914 0.0375814 0.0289884
0 0.868004 0.955824 0.059845 0.0475268
0 0.666224 0.457976 0.041012 0.0303715
0 0.915983 0.934913 0.057138 0.0436703
0 0.212013 0.633092 0.0411927 0.0321696
0 0.891136 0.981905 0.037227 0.0301549
0 0.788218 0.254012 0.0325312 0.0254236
0 0.419754 0.971954 0.0326348 0.0249997
0 0.809481 0.47908 0.0309458 0.0233095
0 0.300583 0.869057 0.0389954 0.028995
0 0.080979 0.248834 0.0300547 0.0229326
0 0.301313 0.787214 0.0303051 0.0231307
0 0.273445 0.898669 0.0528589 0.0376225
0 0.393716 0.935281 0.0292185 0.0226576
0 0.240653 0.646985 0.033741 0.0254381
0 0.160647 0.917957 0.317909 0.164085
0 0.464804 0.15441 0.0277185 0.0215369
0 0.769228 0.00809374 0.0307527 0.0161875
