0 0.194176 0.979132 0.0624474 0.041737
0 0.470946 0.137426 0.0469822 0.046173
0 0.475775 0.210613 0.0390512 0.0381415
0 0.523856 0.0982661 0.0362558 0.0357382
0 0.607647 0.586245 0.0422132 0.040946
0 0.527264 0.142148 0.0376234 0.0363285
0 0.0183016 0.165147 0.0366033 0.0417089
0 0.0794414 0.0965792 0.0283162 0.0273261
0 0.333 0.965605 0.0325134 0.031631
0 0.286533 0.279473 0.0259338 0.0254457
0 0.446019 0.167015 0.0272188 0.0268794
0 0.19793 0.663797 0.0434267 0.0416217
0 0.550988 0.0319094 0.0278196 0.0278967
0 0.235513 0.333032 0.0294619 0.0286946
0 0.954985 0.917953 0.0695079 0.0666001
0 0.608499 0.277713 0.0581458 0.0567933
0 0.63796 0.549289 0.0473258 0.0456338
0 0.69172 0.156439 0.0235729 0.0229606
0 0.987279 0.69201 0.0254419 0.0782908
0 0.107541 0.308814 0.0242445 0.0237008
0 0.690313 0.66369 0.0449553 0.0440934
0 0.785937 0.722711 0.032524 0.0313398
0 0.632726 0.404212 0.0805742 0.0782762
0 0.492138 0.808499 0.0353524 0.0347092
0 0.940652 0.589197 0.0296555 0.0274487
0 0.133743 0.284322 0.0251205 0.0245775
0 0.932939 0.0460999 0.0235703 0.0230897
0 0.434625 0.796067 0.0237739 0.023355
0 0.494601 0.776389 0.0582921 0.0567095
0 0.830245 0.381487 0.0872406 0.0846305
0 0.93129 0.629429 0.0369889 0.0350745
0 0.109225 0.587373 0.0526415 0.049087
0 0.907375 0.717781 0.0316367 0.0299706
0 0.110153 0.395368 0.0477793 0.0463531
0 0.591472 0.367755 0.0332315 0.0328233
0 0.101809 0.668905 0.0625297 0.0595908
0 0.287974 0.891706 0.0255517 0.0250818
0 0.657041 0.637728 0.0352933 0.0348916
0 0.497073 0.46817 0.049833 0.0485425
0 0.82562 0.601137 0.0264565 0.0261261
0 0.153037 0.749745 0.0261045 0.025947
0 0.0629902 0.345043 0.0238356 0.0233454
0 0.327944 0.760816 0.0594262 0.0575285
0 0.186236 0.929991 0.0504999 0.0494184
0 0.151631 0.668952 0.0467035 0.0454961
0 0.830517 0.95216 0.0780178 0.076657
0 0.396605 0.803476 0.104176 0.103678
0 0.966796 0.765071 0.0664072 0.0976862
