0 0.205504 0.904793 0.033151 0.0266209
0 0.334271 0.55026 0.0290361 0.0245275
0 0.0613933 0.356122 0.037938 0.0311334
0 0.160349 0.596415 0.025745 0.0224887
0 0.393588 0.723108 0.035545 0.0295486
0 0.03996 0.485943 0.0359121 0.0296637
0 0.492081 0.527461 0.039157 0.0328722
0 0.21051 0.356772 0.0325716 0.026489
0 0.401007 0.369159 0.0329291 0.0287852
0 0.326151 0.0567146 0.0257172 0.0227637
0 0.454462 0.337397 0.0381774 0.0334621
0 0.0802859 0.373906 0.0379931 0.0318156
0 0.295453 0.28039 0.0309184 0.026529
0 0.556898 0.0724485 0.0289042 0.0249563
0 0.0336948 0.34485 0.0276728 0.0233607
0 0.0418905 0.725586 0.030773 0.0259599
0 0.34106 0.273384 0.0349844 0.0294385
0 0.347745 0.63129 0.0302367 0.0260365
0 0.516222 0.102179 0.0274928 0.0240864
