0 0.436026 0.935922 0.134411 0.118361
0 0.561178 0.533459 0.583324 0.572747
0 0.860929 0.5388 0.0635138 0.0570006
0 0.168869 0.867143 0.0489783 0.0409657
0 0.101119 0.0329972 0.0568538 0.0475364
0 0.439999 0.0901836 0.0348759 0.0319743
0 0.906292 0.691819 0.0480008 0.0419924
0 0.259446 0.96324 0.0508312 0.0440471
0 0.561662 0.896631 0.0421242 0.0386044
0 0.969938 0.467408 0.0302346 0.0272244
0 0.863485 0.698685 0.0331278 0.0289106
0 0.461156 0.879221 0.0489057 0.0447586
0 0.446609 0.18262 0.0417688 0.0362731
0 0.23696 0.640299 0.075142 0.0596914
0 0.0781805 0.826113 0.0352657 0.0290403
0 0.142264 0.0620541 0.036583 0.0306016
0 0.113789 0.76621 0.0369069 0.02969
0 0.162432 0.70409 0.0400953 0.0325032
0 0.507971 0.983373 0.0677469 0.0331495
0 0.842214 0.148041 0.315573 0.29578
0 0.894645 0.66138 0.031298 0.0271757
0 0.359676 0.896145 0.0355606 0.0314598
0 0.587652 0.916188 0.0462918 0.0425162
0 0.891377 0.795351 0.0440551 0.0382819
0 0.952295 0.959983 0.0559507 0.0495394
0 0.555951 0.951093 0.0313625 0.0291364
0 0.976513 0.550593 0.0466063 0.0841272
0 0.880614 0.860935 0.0313228 0.0268322
0 0.176038 0.225172 0.0273741 0.0239993
0 0.539231 0.0772093 0.387317 0.152506
0 0.20275 0.258174 0.0490131 0.0431313
0 0.366142 0.251977 0.166195 0.143623
0 0.126858 0.322121 0.151742 0.128189
0 0.412192 0.167056 0.209065 0.176065
0 0.903693 0.977508 0.0795639 0.0449831
0 0.882319 0.914641 0.06203 0.0518969
0 0.907765 0.210289 0.0246415 0.021866
0 0.986945 0.616901 0.025756 0.0264949
0 0.00668184 0.6754 0.0133637 0.0257639
0 0.913063 0.423426 0.0251867 0.0231244
0 0.68864 0.90298 0.0259899 0.023556
0 0.928902 0.779363 0.0336481 0.0298265
0 0.26999 0.992689 0.0315012 0.0146217
0 0.967987 0.791645 0.028657 0.0248357
0 0.223874 0.98524 0.0515373 0.0295208
0 0.0174037 0.0273781 0.0244095 0.0206676
0 0.0271847 0.165979 0.0252362 0.0216402
0 0.667299 0.17794 0.0241261 0.0220474
0 0.939709 0.534226 0.0357928 0.0326781
0 0.302211 0.103967 0.0399732 0.0349942
