0 0.676492 0.89635 0.0793028 0.0749214
0 0.761495 0.779344 0.0568826 0.0532607
0 0.527548 0.811722 0.095552 0.0839891
0 0.205465 0.831729 0.134331 0.117192
0 0.0147366 0.540766 0.0294732 0.0357816
0 0.411607 0.970553 0.0503971 0.0458189
0 0.15095 0.122155 0.0298609 0.0281424
0 0.505272 0.130934 0.0337712 0.031898
0 0.953181 0.240321 0.0278898 0.0256676
0 0.287658 0.943866 0.0333881 0.0309999
0 0.531962 0.0761976 0.0309749 0.0288824
0 0.0772888 0.334917 0.0372139 0.0354878
0 0.431434 0.204502 0.035845 0.0339036
0 0.621874 0.817663 0.0384117 0.0357385
0 0.445676 0.824173 0.0593378 0.0537403
0 0.231622 0.941861 0.0296704 0.0270382
0 0.866973 0.348661 0.0271831 0.0249593
0 0.554092 0.843656 0.0695434 0.0646553
0 0.642624 0.479102 0.0255472 0.023956
0 0.193981 0.73164 0.0280041 0.0248961
0 0.318645 0.820747 0.0633833 0.0559313
0 0.631793 0.0572324 0.0251038 0.0232545
0 0.394338 0.812543 0.0676794 0.0586975
0 0.627086 0.464874 0.0238798 0.0220219
0 0.313337 0.834958 0.0867467 0.0809543
0 0.0904033 0.361485 0.0230974 0.0219895
0 0.986095 0.48319 0.0249436 0.0237613
0 0.269773 0.85228 0.0545884 0.0494239
0 0.214327 0.261045 0.0223821 0.0214677
0 0.252474 0.821244 0.0535958 0.0522845
0 0.372924 0.8021 0.0427108 0.0377703
0 0.635389 0.88175 0.046721 0.044235
