0 0.0671705 0.274164 0.130889 0.123713
0 0.258861 0.221184 0.117209 0.109053
0 0.345933 0.667514 0.0707288 0.0688505
0 0.248647 0.324045 0.0476648 0.0449219
0 0.197114 0.28388 0.0423765 0.0396494
0 0.692115 0.902313 0.038008 0.0370067
0 0.841747 0.686315 0.0310843 0.0302382
0 0.670179 0.53771 0.0428557 0.0420148
0 0.13896 0.901884 0.0283692 0.0275169
0 0.394216 0.916031 0.0332481 0.0316865
0 0.147298 0.354983 0.0284126 0.0266907
0 0.111281 0.761599 0.0264428 0.0253735
0 0.578647 0.523072 0.0280719 0.0272548
0 0.651833 0.637802 0.0296606 0.0284195
0 0.656586 0.140333 0.0274084 0.0258296
0 0.963637 0.352822 0.0442588 0.0402988
0 0.120167 0.962263 0.0259038 0.0252903
0 0.596898 0.0262568 0.0265932 0.0248406
0 0.842559 0.127545 0.0261731 0.0246936
0 0.990678 0.636221 0.0186253 0.0275665
0 0.606606 0.633832 0.0309299 0.0295666
0 0.0968801 0.11557 0.0247195 0.0245272
0 0.15159 0.828521 0.0268203 0.0264764
0 0.824605 0.544814 0.0245159 0.0233134
0 0.61772 0.374988 0.0235087 0.02305
0 0.737944 0.136607 0.0247895 0.0235721
0 0.602892 0.470845 0.042928 0.0424497
0 0.176022 0.748713 0.0229814 0.0225497
0 0.180454 0.428263 0.0292354 0.0276583
0 0.402979 0.847313 0.0292555 0.028
0 0.189554 0.907929 0.0234446 0.0228483
0 0.333912 0.949995 0.0227648 0.0216249
0 0.152072 0.0866235 0.0230988 0.0230519
0 0.343121 0.736586 0.0644854 0.0615002
