0 0.663538 0.885655 0.279332 0.228691
0 0.800795 0.560045 0.39841 0.426549
0 0.134776 0.234347 0.115548 0.114527
0 0.068309 0.749139 0.136618 0.164339
0 0.342068 0.453243 0.149639 0.148073
0 0.123041 0.0485069 0.117866 0.0970138
0 0.338363 0.0901247 0.0316073 0.0303972
0 0.864814 0.944207 0.166611 0.111501
0 0.371447 0.647715 0.130478 0.125018
0 0.188073 0.800166 0.026026 0.0258605
0 0.309468 0.574307 0.120913 0.116036
0 0.337459 0.832016 0.0300881 0.0293107
0 0.353501 0.807086 0.0284517 0.0277743
0 0.784693 0.132978 0.419852 0.265945
0 0.617475 0.181492 0.272701 0.269008
0 0.268399 0.24139 0.101443 0.098796
0 0.619543 0.0100847 0.0255258 0.0201352
0 0.452149 0.972869 0.0259237 0.0250438
0 0.277029 0.37474 0.0728987 0.0689573
0 0.360788 0.128335 0.0260913 0.0254039
0 0.0296603 0.532795 0.059187 0.0835865
0 0.311741 0.532222 0.0792667 0.0722096
0 0.342722 0.11437 0.023877 0.0233436
0 0.254496 0.656827 0.101163 0.100148
0 0.219564 0.940484 0.102456 0.0970943
0 0.0418132 0.850485 0.022886 0.0225051
0 0.220647 0.15375 0.07562 0.0730603
0 0.516551 0.288921 0.0232962 0.0231808
0 0.18811 0.0755583 0.0901419 0.0905188
0 0.198476 0.325171 0.122347 0.116166
0 0.652454 0.272705 0.116132 0.111508
