0 0.260733 0.334354 0.072155 0.0567557
0 0.538649 0.253581 0.107185 0.0847988
0 0.807672 0.907513 0.0999675 0.0788409
0 0.383241 0.593058 0.0714865 0.0555372
0 0.957347 0.632965 0.0853056 0.0968328
0 0.796293 0.972953 0.0815084 0.0540937
0 0.191191 0.223132 0.0344868 0.0269464
0 0.953158 0.859654 0.0514057 0.0398757
0 0.635448 0.720339 0.124988 0.104507
0 0.905876 0.563074 0.1876 0.152957
0 0.864015 0.96735 0.0326218 0.0256407
0 0.879489 0.0630475 0.0310706 0.0254263
0 0.700653 0.0795576 0.136589 0.103385
0 0.790013 0.0193158 0.0661963 0.0383677
0 0.736098 0.0151473 0.0361408 0.0278284
0 0.773239 0.671912 0.162407 0.12454
0 0.287513 0.828546 0.16489 0.135621
0 0.97629 0.187628 0.0322318 0.0254394
0 0.553443 0.600761 0.0424397 0.0345087
0 0.956035 0.703948 0.0542595 0.0432844
0 0.885993 0.0206216 0.125316 0.0412432
0 0.83125 0.230996 0.0513194 0.0413783
0 0.428122 0.809129 0.130997 0.11017
0 0.29649 0.416823 0.0316002 0.0261959
0 0.850327 0.724739 0.0473854 0.0374424
0 0.917991 0.721735 0.034112 0.0271294
0 0.698173 0.832302 0.0422517 0.0333527
0 0.756298 0.552967 0.144706 0.120989
0 0.848539 0.757087 0.037545 0.0300265
0 0.903082 0.984546 0.0474713 0.0304702
0 0.868647 0.356868 0.0289798 0.0229008
0 0.907515 0.0220144 0.184582 0.0439006
0 0.929306 0.670055 0.0277025 0.0225441
0 0.799221 0.151269 0.0522323 0.0409392
0 0.908912 0.686879 0.045255 0.0346913
0 0.141603 0.241343 0.025789 0.0215385
0 0.884506 0.857047 0.0461452 0.0366558
0 0.816102 0.739575 0.0382273 0.030376
0 0.480512 0.365149 0.0298997 0.0240403
