0 0.761784 0.416698 0.2559 0.203649
0 0.904724 0.767397 0.0539225 0.048013
0 0.102402 0.955491 0.0466927 0.0397952
0 0.236198 0.292804 0.0582302 0.0504203
0 0.143507 0.25833 0.038976 0.0339508
0 0.436145 0.165574 0.0423594 0.0360804
0 0.833161 0.0303891 0.0399314 0.0346499
0 0.617962 0.118602 0.0329857 0.0287807
0 0.750427 0.925817 0.105979 0.0963669
0 0.238 0.487498 0.0331027 0.0293759
0 0.252081 0.103784 0.0295931 0.0258363
0 0.539369 0.164738 0.0359883 0.0314972
0 0.59524 0.652921 0.0446037 0.0399864
0 0.586818 0.973584 0.137364 0.0528317
0 0.537611 0.26738 0.0330127 0.0276328
0 0.825927 0.893087 0.0414021 0.0389576
0 0.637837 0.0238681 0.0355701 0.0292305
0 0.168571 0.680332 0.0259813 0.0243487
0 0.532493 0.933119 0.0725505 0.0691163
0 0.876896 0.247124 0.031064 0.0261101
0 0.0817874 0.884363 0.0360817 0.0328216
0 0.987646 0.738797 0.0247074 0.0321839
0 0.871501 0.666202 0.256998 0.26842
0 0.425425 0.576137 0.0322056 0.0286415
0 0.621628 0.0391573 0.0294445 0.0246423
0 0.154991 0.573896 0.0271901 0.024584
0 0.086691 0.464631 0.0466024 0.0422101
0 0.0509689 0.921222 0.028443 0.026123
0 0.898096 0.867377 0.033562 0.0310876
0 0.687061 0.282067 0.034158 0.0298494
0 0.37171 0.556671 0.0733628 0.0672132
0 0.239837 0.399397 0.166152 0.148959
0 0.762789 0.00665608 0.0241315 0.0132288
0 0.558445 0.407944 0.0582595 0.0513239
0 0.568417 0.295025 0.026406 0.0219928
0 0.325104 0.946314 0.449261 0.103975
0 0.127318 0.877835 0.0234343 0.0218167
0 0.153344 0.725175 0.0222774 0.0212834
0 0.45849 0.347003 0.0419343 0.0371592
0 0.178243 0.199902 0.0237864 0.0213768
