0 0.220685 0.623004 0.334508 0.28683
0 0.636631 0.790013 0.200159 0.175099
0 0.883115 0.378121 0.211074 0.198451
0 0.268183 0.176624 0.158417 0.144515
0 0.37894 0.748504 0.0327423 0.0280962
0 0.37815 0.480786 0.0435479 0.0402459
0 0.511158 0.130619 0.056936 0.0546126
0 0.0546808 0.572722 0.038407 0.0336092
0 0.686932 0.0810414 0.156082 0.137774
0 0.135621 0.226902 0.0947596 0.0834536
0 0.472012 0.943184 0.0372344 0.03266
0 0.785245 0.932443 0.0316917 0.0290091
0 0.0680396 0.0355978 0.030722 0.0284995
0 0.88453 0.230082 0.0302647 0.0268598
0 0.0170051 0.123115 0.0340103 0.0653341
0 0.305901 0.782897 0.0300447 0.0263655
0 0.149507 0.141882 0.0829449 0.0740575
0 0.822548 0.125575 0.0314951 0.0292444
0 0.696063 0.200219 0.215086 0.185161
0 0.264417 0.316195 0.0289659 0.0268849
0 0.411448 0.812804 0.0289435 0.0243201
0 0.202608 0.0698707 0.117771 0.106911
0 0.74646 0.888783 0.02429 0.0228745
0 0.06536 0.0699596 0.0425588 0.0386679
0 0.0718496 0.270655 0.0325138 0.028383
0 0.64083 0.994057 0.0392998 0.0118861
0 0.0907149 0.231592 0.18143 0.203209
0 0.7212 0.0200025 0.0342746 0.0331239
0 0.722021 0.0842957 0.0974252 0.0894842
