0 0.894361 0.121406 0.135273 0.10794
0 0.493225 0.807029 0.190041 0.149452
0 0.371211 0.528257 0.151395 0.124765
0 0.0940346 0.144788 0.0548752 0.0429273
0 0.430288 0.297397 0.0805526 0.0645186
0 0.725887 0.758515 0.0562746 0.0430729
0 0.156658 0.339806 0.0544948 0.0434542
0 0.402106 0.659264 0.0398997 0.0319731
0 0.53702 0.140488 0.0356841 0.0288971
0 0.657475 0.39584 0.133015 0.106209
0 0.428165 0.633741 0.037604 0.0305817
0 0.73983 0.16998 0.0352759 0.0279512
0 0.304304 0.896371 0.0315349 0.0247073
0 0.409363 0.398297 0.0360116 0.0289952
0 0.843938 0.732372 0.0365465 0.0279167
0 0.136616 0.0821353 0.0409997 0.0311745
0 0.254934 0.626075 0.188452 0.154271
0 0.578011 0.177352 0.0381378 0.0302408
0 0.749792 0.33146 0.0339365 0.0264327
0 0.631744 0.298638 0.0309553 0.0242765
0 0.990125 0.204231 0.0197235 0.0356214
0 0.205052 0.350927 0.0432848 0.0340075
0 0.335042 0.0472815 0.331603 0.0945629
0 0.961595 0.975802 0.0312524 0.0249443
0 0.530118 0.235863 0.0372526 0.0288367
0 0.660716 0.469316 0.0296855 0.0230883
0 0.809419 0.37116 0.0341398 0.0263383
0 0.147451 0.290529 0.0407395 0.0331164
0 0.633098 0.478069 0.0304844 0.0238678
0 0.593655 0.126844 0.0316544 0.0257572
0 0.0288325 0.843405 0.0338781 0.0268469
0 0.381303 0.267035 0.037648 0.0309348
0 0.0799687 0.0886741 0.0305859 0.0242165
0 0.0427366 0.00853274 0.0561099 0.0170119
0 0.431071 0.158287 0.0697573 0.0568445
0 0.584172 0.714922 0.147328 0.117403
0 0.946204 0.320405 0.1008 0.0821095
0 0.208008 0.213621 0.0317841 0.024505
0 0.518011 0.0931375 0.0455161 0.0360293
0 0.56911 0.0302081 0.0913551 0.0601869
0 0.0253091 0.452715 0.0505197 0.136827
0 0.78031 0.237037 0.0291088 0.0235533
0 0.212629 0.193101 0.0340007 0.0265398
0 0.436435 0.697868 0.0275605 0.0224901
0 0.261461 0.224502 0.0395913 0.0320777
0 0.0174565 0.305502 0.0348693 0.0406822
0 0.233684 0.146183 0.028524 0.0233445
0 0.884248 0.738477 0.0397608 0.0308135
0 0.342019 0.306482 0.0438027 0.0345678
0 0.368195 0.111526 0.0306168 0.0237515
0 0.87261 0.0058759 0.030326 0.0117436
0 0.176474 0.520877 0.0266929 0.0220826
0 0.379333 0.185775 0.0291295 0.0238267
0 0.694695 0.886983 0.0283653 0.0226773
0 0.124185 0.25601 0.0351759 0.0286629
0 0.0538543 0.499766 0.0421505 0.0340666
0 0.449346 0.557811 0.0463929 0.0393206
0 0.587245 0.082851 0.0458503 0.0372416
0 0.0439523 0.601725 0.0879047 0.0926397
0 0.82885 0.466811 0.0882587 0.0719548
0 0.603028 0.755591 0.0687764 0.0549412
0 0.916104 0.928651 0.167513 0.141946
