0 0.0336899 0.256106 0.0524551 0.051309
0 0.454271 0.656501 0.0487793 0.0474771
0 0.415186 0.836313 0.0477008 0.0452312
0 0.947669 0.568461 0.0335013 0.0328128
0 0.990934 0.385166 0.0181323 0.0278342
0 0.399545 0.869508 0.0340348 0.0328512
0 0.507565 0.871063 0.0344911 0.0331736
0 0.0590822 0.797076 0.0335541 0.031841
0 0.202191 0.593434 0.029889 0.028571
0 0.92673 0.448087 0.0252421 0.0246042
0 0.355351 0.915302 0.0348899 0.0333526
0 0.817291 0.302247 0.0343055 0.0324108
0 0.891918 0.38506 0.0402827 0.0388073
0 0.656902 0.553858 0.0314397 0.0302759
0 0.0608807 0.0539712 0.0240661 0.0232122
0 0.943821 0.405461 0.0252771 0.0244318
0 0.931739 0.120778 0.0254169 0.0244898
0 0.285736 0.669486 0.0266913 0.0255058
0 0.842918 0.663296 0.0275607 0.0267882
0 0.047327 0.671045 0.0316402 0.0301595
0 0.328125 0.385205 0.0232877 0.0223669
0 0.152948 0.927226 0.0233155 0.0228149
0 0.961381 0.00885962 0.0262812 0.0177192
0 0.791624 0.0620662 0.0474009 0.0447141
0 0.702525 0.579406 0.0380504 0.0372783
0 0.750995 0.190287 0.0529402 0.0509596
0 0.354008 0.216836 0.0433296 0.0406109
0 0.310975 0.440942 0.0295069 0.0277868
0 0.587524 0.0400859 0.0226588 0.0220981
0 0.637653 0.874036 0.0236692 0.0230548
0 0.493331 0.776115 0.0296883 0.0291537
0 0.755491 0.527801 0.0259372 0.0252855
0 0.187224 0.127119 0.030917 0.0301111
0 0.773533 0.142675 0.0230341 0.0226415
0 0.115186 0.0360395 0.0233708 0.0226115
0 0.0240881 0.00593792 0.0287832 0.011824
0 0.945599 0.707635 0.0240073 0.023277
0 0.0228479 0.743094 0.0255065 0.0243542
0 0.317586 0.43727 0.0390286 0.0353815
