0 0.461474 0.51571 0.289064 0.248513
0 0.110261 0.937883 0.175774 0.124234
0 0.165765 0.809476 0.123425 0.113618
0 0.218943 0.644577 0.0830226 0.0761674
0 0.434838 0.109291 0.38161 0.218582
0 0.24248 0.718163 0.146687 0.136032
0 0.266245 0.919646 0.0756678 0.0697354
0 0.415225 0.647555 0.0765725 0.0708945
0 0.555742 0.378321 0.0449238 0.042374
0 0.0918359 0.56717 0.101342 0.0874898
0 0.144235 0.0940403 0.263398 0.188081
0 0.511282 0.0541312 0.030843 0.0291223
0 0.254658 0.199647 0.104424 0.0937136
0 0.302309 0.769763 0.100067 0.0907343
0 0.627693 0.556371 0.0333233 0.0327291
0 0.483538 0.733908 0.0543359 0.0509248
0 0.296574 0.485346 0.0391656 0.0356254
0 0.65284 0.420275 0.0349526 0.0327299
0 0.0247885 0.877416 0.0395943 0.0368044
0 0.43051 0.323204 0.0403426 0.0368636
0 0.363486 0.637451 0.030833 0.0286517
0 0.655491 0.897388 0.101857 0.0969725
0 0.580965 0.0254639 0.0304427 0.0286028
0 0.136585 0.729172 0.0741081 0.0665757
0 0.859568 0.839619 0.280864 0.320763
0 0.0643161 0.258073 0.128342 0.12469
0 0.592213 0.591642 0.0296324 0.0291425
0 0.117696 0.760008 0.0381914 0.0347002
0 0.987453 0.0595718 0.0248441 0.0307697
0 0.599199 0.239169 0.0288219 0.0270572
0 0.171958 0.602663 0.0575481 0.0530289
0 0.787571 0.691541 0.0672593 0.0617578
0 0.706802 0.738742 0.150642 0.136468
0 0.376591 0.42486 0.033108 0.0302699
0 0.523505 0.471804 0.0279455 0.0265787
0 0.383723 0.400767 0.0272285 0.0252316
0 0.896792 0.548349 0.0307997 0.0282669
0 0.932293 0.606465 0.135 0.157102
0 0.666031 0.253261 0.24276 0.221936
0 0.863697 0.45819 0.0248122 0.0232648
0 0.336638 0.9668 0.0578445 0.0520641
0 0.562307 0.904942 0.0281067 0.0264913
0 0.453959 0.0564064 0.0222916 0.0213708
0 0.169857 0.885715 0.0327847 0.0308619
0 0.741566 0.626036 0.0635059 0.0576565
0 0.6451 0.354023 0.0265786 0.0253158
0 0.405064 0.390951 0.0251696 0.0239076
0 0.0773586 0.866262 0.0641589 0.0585054
0 0.741096 0.472299 0.13301 0.121128
0 0.695862 0.37927 0.365892 0.384168
0 0.213991 0.578596 0.0401683 0.0368088
0 0.626216 0.923018 0.207915 0.153365
0 0.184774 0.247293 0.0861069 0.0785088
0 0.867919 0.830164 0.0439944 0.0393708
0 0.627297 0.602591 0.0238778 0.0229839
0 0.994132 0.217993 0.0117354 0.0397758
0 0.913465 0.268879 0.17307 0.232948
0 0.711651 0.591118 0.0248193 0.0245011
0 0.238442 0.435767 0.0957303 0.0870106
0 0.110898 0.689096 0.0330067 0.0305416
0 0.559587 0.0059135 0.024585 0.0118099
0 0.951129 0.393366 0.0381749 0.0353608
