0 0.300291 0.604873 0.298551 0.218088
0 0.250945 0.245222 0.471392 0.306174
0 0.589418 0.796508 0.353837 0.271617
0 0.837406 0.357887 0.123582 0.09258
0 0.974338 0.495976 0.0512462 0.0539771
0 0.101221 0.564412 0.190875 0.151447
0 0.308322 0.413644 0.12845 0.0940505
0 0.595731 0.34851 0.0692379 0.0535811
0 0.517355 0.383509 0.0782593 0.0600162
0 0.785238 0.521544 0.0745147 0.0567183
0 0.724032 0.594681 0.108856 0.0816075
0 0.107179 0.441318 0.0396575 0.0313368
0 0.862702 0.215576 0.0578024 0.0421385
0 0.696892 0.141265 0.0516265 0.0371409
0 0.480155 0.283753 0.0678561 0.0532032
0 0.971734 0.0778016 0.056533 0.0482477
0 0.796329 0.229678 0.0393846 0.0299124
0 0.254717 0.0608343 0.0573617 0.0437214
0 0.642704 0.0180858 0.0610037 0.0361715
0 0.200233 0.853164 0.057211 0.0432964
0 0.256396 0.0049551 0.0357837 0.00984739
0 0.969112 0.374433 0.0330683 0.0250471
0 0.606306 0.0413623 0.0682199 0.0525156
0 0.955483 0.714567 0.0350531 0.0269836
0 0.677402 0.255779 0.0335543 0.0246494
0 0.660438 0.448183 0.0311626 0.0236075
0 0.093606 0.812244 0.186422 0.25001
0 0.810705 0.258061 0.0343511 0.025705
0 0.464174 0.112496 0.0506862 0.0381144
0 0.210167 0.553911 0.0394835 0.0313202
0 0.181186 0.765347 0.0336792 0.0250989
0 0.662552 0.106802 0.0618032 0.0467301
0 0.502714 0.159694 0.0347292 0.0266273
0 0.91813 0.145801 0.0323833 0.0246107
0 0.386223 0.0786499 0.0424334 0.0319216
0 0.551467 0.162814 0.0625315 0.0485629
0 0.0413798 0.479369 0.0827595 0.0946025
0 0.595849 0.0161512 0.0386066 0.0300991
0 0.650043 0.498087 0.0725358 0.0564782
0 0.928342 0.616407 0.0696084 0.0508876
0 0.925583 0.280566 0.0291236 0.0225787
0 0.925485 0.212579 0.0328275 0.025056
0 0.84352 0.0186209 0.055841 0.0372419
0 0.751302 0.00766117 0.0291207 0.0153223
0 0.783449 0.145245 0.0463681 0.0355898
0 0.291633 0.0252082 0.07605 0.0504165
0 0.750209 0.465147 0.0367906 0.0273108
0 0.638707 0.145224 0.0348013 0.0264109
0 0.959443 0.559951 0.0806408 0.0763106
0 0.551268 0.221765 0.0292673 0.0225544
0 0.385897 0.0238935 0.0374245 0.0287413
0 0.00777669 0.379773 0.0155534 0.0488972
0 0.0373916 0.0470063 0.0705532 0.0565376
0 0.468133 0.45988 0.0645569 0.0498776
0 0.95819 0.154229 0.0352807 0.0262583
0 0.246203 0.965775 0.0278469 0.0209149
0 0.68199 0.29344 0.0283222 0.0211651
0 0.417518 0.969844 0.241713 0.0603123
0 0.28771 0.953067 0.0778456 0.0586765
