0 0.866551 0.74381 0.0374818 0.0287275
0 0.797003 0.841282 0.0403256 0.0302903
0 0.261802 0.974218 0.0389986 0.0284425
0 0.04936 0.992588 0.0407643 0.0148233
0 0.191183 0.799173 0.0302349 0.0233665
0 0.159808 0.931532 0.0302639 0.0229793
0 0.959689 0.602133 0.0299361 0.0227229
0 0.12107 0.992142 0.0337918 0.0156312
0 0.843949 0.347343 0.0280693 0.0220171
0 0.0279231 0.942106 0.0274888 0.0224692
0 0.266773 0.870383 0.0279203 0.0222335
0 0.00884184 0.93932 0.0176492 0.0227856
0 0.989358 0.156011 0.0212833 0.0203132
0 0.34034 0.990607 0.0261023 0.0187857
