0 0.0540916 0.138399 0.0890221 0.0766833
0 0.229609 0.340011 0.0871396 0.0757518
0 0.244996 0.74563 0.0655283 0.0610486
0 0.53042 0.406059 0.0567551 0.0504696
0 0.831229 0.289452 0.0500447 0.0471364
0 0.460497 0.444827 0.0711321 0.0623482
0 0.697962 0.473684 0.0433307 0.037244
0 0.400085 0.724609 0.0409548 0.0364428
0 0.50615 0.691568 0.0452186 0.0393566
0 0.398091 0.421305 0.0466506 0.0403189
0 0.0249896 0.28911 0.0499792 0.0509868
0 0.027749 0.00771686 0.047523 0.0154337
0 0.87882 0.452169 0.242359 0.388017
0 0.26898 0.29207 0.53796 0.554396
0 0.550674 0.624802 0.0298121 0.0258675
0 0.102686 0.573486 0.0696546 0.0593317
0 0.0242632 0.366905 0.0485263 0.0738657
0 0.795907 0.409293 0.0428636 0.0389311
0 0.656074 0.747912 0.037662 0.0311785
0 0.155623 0.246862 0.0391496 0.0333647
0 0.325844 0.444727 0.034845 0.0314281
0 0.944563 0.565656 0.030735 0.0274466
0 0.843027 0.18174 0.0287047 0.0259194
0 0.738594 0.213125 0.0332063 0.0296554
0 0.371166 0.249293 0.0403497 0.0357324
0 0.589123 0.926291 0.0447418 0.0402896
0 0.471987 0.0660432 0.0347037 0.031134
0 0.506745 0.717645 0.0349321 0.0311587
0 0.732013 0.172316 0.535973 0.342037
0 0.720849 0.286449 0.0334042 0.0312181
0 0.290295 0.174066 0.0266896 0.0240795
0 0.985948 0.764207 0.0264389 0.0237073
0 0.742419 0.345965 0.0389556 0.0362362
0 0.856037 0.204147 0.0278982 0.0253449
0 0.647809 0.047022 0.0334373 0.0293173
0 0.738163 0.703731 0.0310168 0.0263179
0 0.658729 0.770361 0.0321801 0.0269845
0 0.814087 0.167109 0.026762 0.0245715
0 0.371925 0.966485 0.0358746 0.0334994
0 0.327672 0.319802 0.04238 0.0391868
0 0.312696 0.339114 0.0370426 0.033869
0 0.619534 0.301081 0.0588901 0.0520618
0 0.387768 0.166055 0.130974 0.110583
0 0.424038 0.953844 0.123799 0.0914443
0 0.342246 0.296546 0.0432788 0.0400019
0 0.646642 0.56073 0.0260768 0.0228543
0 0.96413 0.695435 0.0247903 0.0218527
0 0.783997 0.799828 0.0261664 0.0230565
0 0.968911 0.867634 0.0333607 0.0294924
0 0.812879 0.900245 0.0251821 0.0233043
0 0.469766 0.79273 0.0586088 0.0512979
0 0.0949379 0.241441 0.025427 0.0229154
0 0.857953 0.60709 0.0251148 0.0225675
0 0.110467 0.332026 0.0455142 0.0396945
