0 0.184719 0.214178 0.103683 0.0850194
0 0.936681 0.891001 0.115971 0.0959899
0 0.410306 0.275218 0.0797459 0.0621708
0 0.77156 0.307195 0.0509853 0.0406728
0 0.115008 0.732602 0.0359986 0.0276609
0 0.585514 0.371484 0.0406504 0.0315197
0 0.391327 0.356836 0.0506295 0.0393619
0 0.542131 0.753171 0.0489862 0.0399461
0 0.545442 0.390458 0.0540643 0.0414771
0 0.0266694 0.271731 0.0397577 0.0327109
0 0.561006 0.474881 0.0322001 0.0250645
0 0.22894 0.110493 0.0509118 0.0419569
0 0.753798 0.0792734 0.0425328 0.0347289
0 0.635132 0.00711555 0.0351765 0.0141947
0 0.651961 0.307005 0.0309594 0.0238506
0 0.513095 0.819091 0.11836 0.0960583
0 0.522269 0.620905 0.0440459 0.0352243
0 0.456717 0.891741 0.101056 0.0813723
0 0.957946 0.239169 0.0313508 0.0249792
0 0.63667 0.0949702 0.0294543 0.0236575
0 0.505639 0.516278 0.105283 0.0830252
0 0.359065 0.191669 0.0333371 0.0263974
0 0.365847 0.502285 0.0287331 0.0233305
0 0.949946 0.419194 0.0274057 0.0229477
0 0.503239 0.590305 0.063188 0.0516802
0 0.275183 0.497924 0.0522459 0.0414265
