0 0.55957 0.578808 0.12278 0.113578
0 0.674467 0.850299 0.0315774 0.0306461
0 0.0323 0.157158 0.026381 0.0255933
0 0.853638 0.622837 0.0369408 0.0335526
0 0.157191 0.856997 0.0443515 0.042724
0 0.662183 0.533188 0.123292 0.1127
0 0.479428 0.181835 0.0389086 0.0362892
0 0.747096 0.364413 0.029686 0.0274081
0 0.42889 0.964323 0.102075 0.071099
0 0.797419 0.503303 0.0266211 0.0243521
0 0.438326 0.889009 0.0280913 0.027006
0 0.380113 0.73649 0.0583231 0.0567045
0 0.463938 0.238237 0.0269239 0.0252725
0 0.502038 0.476406 0.0301405 0.0285619
0 0.429057 0.560948 0.0294433 0.0277855
0 0.396647 0.34326 0.0278316 0.0260796
0 0.0449774 0.471063 0.0254485 0.0238243
0 0.898627 0.179269 0.0282576 0.0262904
0 0.942805 0.449826 0.0646625 0.0580216
0 0.913116 0.060123 0.062534 0.0578005
0 0.961158 0.188813 0.0372849 0.034946
0 0.233433 0.763137 0.0956278 0.0917186
0 0.652919 0.0645839 0.0502071 0.046448
0 0.265976 0.938176 0.0321943 0.0305355
0 0.626893 0.243972 0.0251039 0.0238754
0 0.809541 0.802995 0.0247552 0.0240198
0 0.403341 0.455401 0.0247707 0.0244839
0 0.888306 0.822994 0.033278 0.031341
0 0.921061 0.53493 0.0242522 0.0224474
0 0.307783 0.773008 0.0488712 0.0446938
0 0.892327 0.795841 0.0317519 0.0310909
0 0.860316 0.139797 0.0259375 0.0244849
0 0.952345 0.0307699 0.0945117 0.0615399
0 0.510539 0.204586 0.0365489 0.0348885
0 0.75088 0.714942 0.034621 0.0339885
0 0.650495 0.772241 0.0229453 0.0224426
