0 0.321805 0.355958 0.249122 0.24507
0 0.412695 0.493954 0.127137 0.123227
0 0.459272 0.270189 0.0356874 0.034681
0 0.148778 0.0132039 0.0281059 0.0262363
0 0.0276732 0.532626 0.05526 0.0668583
0 0.862142 0.0191138 0.0464223 0.0380573
0 0.0481265 0.335611 0.0420403 0.0406605
0 0.1893 0.937129 0.0329835 0.0322682
0 0.0315361 0.668716 0.0630722 0.0818194
0 0.533312 0.587501 0.0409374 0.0387849
0 0.534521 0.0883112 0.0513093 0.0503325
0 0.342718 0.48059 0.0257753 0.025247
0 0.924141 0.94922 0.0306603 0.0292916
0 0.197041 0.0123228 0.0240428 0.0232422
0 0.144376 0.497234 0.0328628 0.0314744
0 0.455663 0.0199793 0.0240556 0.0235489
0 0.0489072 0.308451 0.0325502 0.0317574
0 0.423126 0.13019 0.0280643 0.0267344
0 0.0570157 0.250341 0.0259333 0.0256848
0 0.255352 0.632418 0.295389 0.272471
0 0.0987432 0.304903 0.196779 0.510115
0 0.980602 0.480462 0.0334481 0.0312419
0 0.0333773 0.502321 0.0354558 0.0340052
0 0.00992598 0.577175 0.019852 0.0485652
0 0.134256 0.79387 0.0254818 0.0248244
0 0.182212 0.416209 0.0590431 0.0581971
0 0.495527 0.779984 0.0242163 0.0238647
0 0.406549 0.0513038 0.0383898 0.0366784
0 0.461746 0.622738 0.0429772 0.0404817
0 0.447406 0.119083 0.0257506 0.0245927
0 0.159211 0.0858098 0.0251514 0.024397
0 0.64231 0.20232 0.0256543 0.0250993
0 0.0775422 0.845156 0.0226776 0.0228548
0 0.217167 0.865131 0.071023 0.0672357
0 0.842557 0.103618 0.025022 0.0244673
0 0.35237 0.147097 0.114318 0.109315
0 0.836663 0.432599 0.0234616 0.0231274
