0 0.859569 0.349528 0.280861 0.317307
0 0.816551 0.869911 0.118259 0.0923054
0 0.627959 0.310144 0.103932 0.085404
0 0.0589527 0.145416 0.0839129 0.0676526
0 0.621367 0.716925 0.0718346 0.0566517
0 0.627535 0.955567 0.119214 0.0888441
0 0.690848 0.744328 0.0809205 0.0639698
0 0.601775 0.143755 0.0616484 0.0490417
0 0.247816 0.191126 0.051089 0.0407635
0 0.7612 0.510403 0.0785224 0.0618299
0 0.311781 0.682849 0.0520389 0.0416608
0 0.568407 0.649912 0.0443799 0.0351107
0 0.619548 0.00996783 0.046577 0.0198754
0 0.829481 0.935218 0.0395729 0.0312985
0 0.228285 0.0545156 0.0310941 0.0261237
0 0.480181 0.0217502 0.0597618 0.043327
0 0.627327 0.168632 0.0408514 0.0323002
0 0.934138 0.820919 0.0436125 0.0335893
0 0.981447 0.691514 0.0371061 0.0475186
0 0.497998 0.0850338 0.0296719 0.0246301
0 0.317318 0.984579 0.102941 0.0308427
0 0.180108 0.506683 0.0299499 0.0242343
0 0.330153 0.128138 0.0579785 0.0469976
0 0.325497 0.9033 0.0326126 0.0262053
0 0.924599 0.711191 0.101597 0.0771525
0 0.0248184 0.102692 0.0386931 0.0301526
0 0.455126 0.216124 0.0361036 0.0291331
0 0.441926 0.811487 0.0324167 0.0254158
0 0.359735 0.208025 0.0333223 0.0268769
0 0.726166 0.0281165 0.0418653 0.0330772
0 0.805565 0.5575 0.0797436 0.0624735
0 0.734743 0.627353 0.0577524 0.0461361
0 0.203122 0.75461 0.0523193 0.0425763
0 0.583947 0.488811 0.0300074 0.0245355
0 0.542118 0.544465 0.0311406 0.0252836
0 0.989265 0.889266 0.021469 0.0333549
0 0.426698 0.694126 0.0390217 0.0305102
0 0.789832 0.138756 0.0530357 0.0419194
0 0.890957 0.930436 0.0307035 0.024147
0 0.011696 0.652018 0.023392 0.074297
0 0.708513 0.216802 0.0306144 0.0245318
0 0.929048 0.451596 0.0321404 0.0257728
0 0.629497 0.555271 0.0630186 0.0490084
0 0.318152 0.716159 0.0290076 0.0239403
0 0.430747 0.376532 0.174941 0.139131
0 0.572124 0.0114754 0.0419376 0.0229229
0 0.127948 0.704562 0.0281292 0.0230775
0 0.369489 0.27615 0.12079 0.0943678
0 0.854995 0.697158 0.0456298 0.0361029
0 0.319767 0.280618 0.0321469 0.0259433
0 0.335063 0.934139 0.0325413 0.0254643
0 0.695667 0.459615 0.189965 0.161672
0 0.468362 0.870512 0.0367394 0.028271
0 0.25802 0.127648 0.0514371 0.0410793
0 0.536067 0.174299 0.0313253 0.0246404
0 0.376264 0.85587 0.0475858 0.0397179
0 0.843724 0.103649 0.0409204 0.0331241
0 0.254722 0.434461 0.509444 0.553212
0 0.218917 0.14663 0.0318218 0.0254434
0 0.444323 0.327282 0.0707355 0.0584299
0 0.556362 0.461941 0.0274351 0.0226142
0 0.300452 0.643668 0.0299414 0.0240399
0 0.941244 0.584166 0.0262733 0.0219157
0 0.59248 0.281742 0.292764 0.233448
0 0.860865 0.9876 0.159005 0.0248003
0 0.46522 0.164189 0.0529839 0.0432613
0 0.954583 0.0908792 0.0370255 0.0291731
0 0.527253 0.00535259 0.0355539 0.0106908
0 0.298178 0.211583 0.0500393 0.0417045
0 0.566326 0.410044 0.044398 0.0350035
0 0.026623 0.258613 0.0266443 0.0222857
0 0.671822 0.113205 0.0276235 0.0223371
0 0.167361 0.130608 0.0539971 0.0419559
0 0.0786273 0.872811 0.156238 0.254181
0 0.0299457 0.357063 0.0598292 0.223356
0 0.861039 0.158956 0.0323987 0.0260769
0 0.841276 0.808015 0.0325474 0.0254461
0 0.240558 0.826449 0.0280723 0.023035
