0 0.642992 0.241662 0.0943675 0.077403
0 0.973765 0.169829 0.0523516 0.0677067
0 0.238883 0.793166 0.058817 0.0469604
0 0.558027 0.294196 0.0532202 0.0438254
0 0.881138 0.0920902 0.0668296 0.0548225
0 0.0328966 0.915929 0.0431085 0.0341167
0 0.573192 0.413221 0.0424338 0.0336207
0 0.275109 0.0853537 0.0440214 0.0361264
0 0.512031 0.639507 0.035744 0.0288005
0 0.442471 0.904211 0.0508538 0.0409813
0 0.323416 0.0816397 0.0407792 0.0332413
0 0.60142 0.457064 0.150638 0.116942
0 0.298091 0.653233 0.0391304 0.0298269
0 0.458342 0.604625 0.0460115 0.0357826
0 0.532413 0.0247713 0.0439341 0.036347
0 0.405333 0.0146735 0.029146 0.0247679
0 0.439338 0.239761 0.0319826 0.0252248
0 0.820694 0.0269576 0.03258 0.0264959
0 0.880473 0.47627 0.0303066 0.0244306
0 0.108285 0.423019 0.05259 0.0405215
0 0.00791859 0.371322 0.0158372 0.0255057
0 0.552297 0.00457211 0.0338845 0.00914422
0 0.814646 0.783516 0.0304502 0.0250406
0 0.242744 0.53096 0.284085 0.212685
0 0.942752 0.13845 0.0373876 0.0302301
0 0.567805 0.64625 0.0462503 0.0338472
0 0.678698 0.134503 0.0361967 0.0302027
0 0.993493 0.562637 0.0130146 0.037025
0 0.349872 0.941898 0.0851789 0.0699692
0 0.0182058 0.951956 0.0363772 0.0407972
0 0.635507 0.315716 0.0972154 0.0789537
0 0.769872 0.549221 0.0795779 0.0628068
0 0.697578 0.00368761 0.0409713 0.00729326
0 0.291898 0.0374661 0.0265021 0.0218532
0 0.513098 0.995003 0.0303267 0.0099946
0 0.950142 0.231425 0.027641 0.0226774
0 0.795185 0.513904 0.0274527 0.0228499
0 0.720076 0.758713 0.0592083 0.0480337
0 0.829694 0.72229 0.0342428 0.0264738
0 0.748866 0.28204 0.0314388 0.0257901
0 0.379518 0.170139 0.0296353 0.024238
