0 0.159644 0.555171 0.107745 0.102537
0 0.0681665 0.244019 0.0554883 0.0534333
0 0.268907 0.210497 0.0609072 0.05984
0 0.485879 0.424127 0.0760509 0.0734856
0 0.107648 0.0734938 0.0448882 0.0437196
0 0.40212 0.224891 0.0451218 0.0441308
0 0.862265 0.38066 0.27547 0.290318
0 0.528283 0.813318 0.0391283 0.0388548
0 0.0919106 0.142229 0.0385712 0.0375575
0 0.585874 0.383781 0.15504 0.150827
0 0.970921 0.837661 0.0581589 0.115093
0 0.490591 0.183953 0.0540738 0.0519566
0 0.26327 0.625002 0.0324783 0.0319505
0 0.552717 0.774983 0.0349746 0.0343504
0 0.0439617 0.344423 0.0307776 0.0301371
0 0.817033 0.751325 0.361054 0.492412
0 0.714917 0.484075 0.0320728 0.0310893
0 0.365592 0.768732 0.170339 0.162372
0 0.691747 0.150313 0.0402832 0.0389619
0 0.34347 0.202918 0.0283232 0.0277358
0 0.7381 0.834452 0.0287148 0.0280939
0 0.289386 0.97886 0.0549844 0.042244
0 0.0925365 0.34408 0.029639 0.0286479
0 0.856131 0.243408 0.0348747 0.034096
0 0.216442 0.296828 0.0295879 0.0288757
0 0.480012 0.319082 0.0297344 0.0290706
0 0.347417 0.535217 0.0288841 0.0280414
0 0.301127 0.146256 0.0291773 0.0285042
0 0.197896 0.453326 0.0285325 0.0280118
0 0.0520808 0.832361 0.029221 0.0280845
0 0.314835 0.905252 0.0400563 0.0387783
0 0.820952 0.716008 0.0299139 0.0292804
0 0.293448 0.93249 0.033255 0.032207
0 0.37054 0.295132 0.0278256 0.0274693
0 0.563684 0.835164 0.0255987 0.0252646
0 0.0592112 0.773508 0.0240102 0.0234573
0 0.361048 0.450446 0.032936 0.031268
0 0.473632 0.618817 0.179466 0.167632
0 0.229013 0.118377 0.0567443 0.0557899
0 0.478585 0.934374 0.0252056 0.0246916
0 0.710618 0.576583 0.0475101 0.045922
0 0.50881 0.686921 0.0252341 0.0251616
0 0.571093 0.182287 0.025034 0.0246055
0 0.263579 0.61738 0.251602 0.244103
0 0.349228 0.485232 0.0282408 0.0277558
0 0.92038 0.797488 0.0441541 0.0425954
0 0.454535 0.244667 0.028318 0.0277373
0 0.135304 0.351941 0.0959088 0.088876
0 0.585709 0.115494 0.0240742 0.0234908
0 0.237435 0.953705 0.0282581 0.0272226
0 0.932466 0.971931 0.0246115 0.0243173
0 0.885234 0.243402 0.0249953 0.0246957
0 0.329896 0.458791 0.0250838 0.0242674
0 0.534198 0.452708 0.0248124 0.024347
0 0.0329235 0.422052 0.0233444 0.022436
0 0.170884 0.965635 0.0235853 0.0230885
0 0.302362 0.962341 0.0408771 0.0407594
0 0.536773 0.252744 0.0266198 0.0258271
0 0.906569 0.232175 0.0279106 0.027524
0 0.599829 0.256191 0.11182 0.107534
0 0.434595 0.273478 0.035308 0.0346231
0 0.242126 0.311596 0.0297446 0.0289751
0 0.963815 0.29679 0.0723694 0.112001
0 0.831022 0.0759613 0.0241032 0.0234361
0 0.924786 0.837127 0.0381143 0.0366273
0 0.100306 0.409127 0.0238953 0.0231742
0 0.532292 0.549196 0.0240998 0.0233092
0 0.908332 0.861118 0.0230158 0.0230289
0 0.274083 0.752812 0.0247047 0.0242173
0 0.871484 0.198989 0.0611666 0.0581325
0 0.588803 0.842847 0.0228848 0.0226796
0 0.935815 0.543618 0.128314 0.144917
0 0.118554 0.666737 0.0225475 0.0221491
0 0.106372 0.106993 0.0273118 0.0268126
0 0.0143342 0.867923 0.0231958 0.0229728
0 0.313584 0.0753854 0.0230982 0.0228017
0 0.599731 0.406473 0.0299672 0.0289346
0 0.442014 0.841854 0.0225836 0.0226157
0 0.673886 0.539104 0.224767 0.210423
0 0.228708 0.380448 0.027117 0.0267375
0 0.847443 0.796037 0.0216341 0.0212526
0 0.948482 0.0560035 0.0250199 0.0242553
