0 0.841479 0.790905 0.0300867 0.0262303
0 0.157964 0.583071 0.0370993 0.0342684
0 0.323561 0.722008 0.0295305 0.0272568
0 0.289654 0.789758 0.025161 0.0234365
0 0.920806 0.115828 0.0355075 0.0309252
0 0.968858 0.715928 0.0455089 0.0394293
0 0.555546 0.111795 0.0269741 0.0224228
0 0.110785 0.991373 0.0256954 0.0172548
0 0.88316 0.150422 0.0289826 0.0250538
0 0.111173 0.421118 0.0317095 0.02916
0 0.740264 0.306009 0.0269592 0.0231611
0 0.308729 0.407802 0.0257294 0.0216983
0 0.830674 0.36304 0.0264344 0.0240036
