0 0.482915 0.226095 0.107739 0.0816783
0 0.119624 0.186806 0.0797291 0.0592673
0 0.916868 0.118191 0.0946229 0.0688613
0 0.664582 0.655139 0.0660067 0.0503511
0 0.190991 0.105553 0.042239 0.0321687
0 0.0457478 0.129725 0.0489189 0.037492
0 0.79037 0.0589909 0.0547112 0.0406684
0 0.578799 0.578581 0.0418242 0.0311111
0 0.872383 0.508493 0.050528 0.0389084
0 0.63886 0.536068 0.0663266 0.0499886
0 0.623976 0.216968 0.041999 0.0321091
0 0.462729 0.93812 0.0409262 0.0326604
0 0.620688 0.629233 0.0465474 0.0344856
0 0.627149 0.150895 0.0359731 0.027276
0 0.60169 0.887983 0.136838 0.103182
0 0.476053 0.373035 0.206528 0.161516
0 0.771764 0.152116 0.107661 0.0826408
0 0.810718 0.470317 0.0352831 0.027006
0 0.835703 0.0311652 0.0352756 0.0264826
0 0.676735 0.1768 0.0377176 0.029626
0 0.29645 0.640168 0.034608 0.0266147
0 0.836053 0.4219 0.0462446 0.0344338
0 0.854347 0.324825 0.0333483 0.0244607
0 0.822143 0.437973 0.0433172 0.032706
0 0.564681 0.516389 0.0318546 0.0244169
0 0.782838 0.657186 0.029804 0.0236918
0 0.765581 0.528072 0.0335379 0.0247694
0 0.943741 0.194836 0.0427561 0.0310894
0 0.940095 0.56434 0.118694 0.286562
0 0.958486 0.0263396 0.0409532 0.0299738
0 0.496758 0.461554 0.0836528 0.0627675
0 0.972258 0.0726612 0.0314846 0.0231587
0 0.985501 0.00572337 0.0288233 0.0114467
0 0.116409 0.564883 0.232588 0.27179
0 0.995497 0.824602 0.0090065 0.0252007
0 0.0456007 0.800737 0.090188 0.309018
0 0.259481 0.452263 0.378842 0.277975
0 0.88254 0.236164 0.0308385 0.0230209
0 0.212171 0.933387 0.424343 0.133226
0 0.88112 0.458039 0.029114 0.0227354
0 0.905217 0.325492 0.0300596 0.0230412
0 0.936763 0.243369 0.0473658 0.0351592
0 0.698588 0.036033 0.171779 0.072057
0 0.632226 0.180235 0.0323157 0.0245848
0 0.909776 0.432428 0.0412424 0.0303049
0 0.148502 0.933654 0.297003 0.130149
0 0.772695 0.774682 0.0279224 0.0225079
0 0.709912 0.0971874 0.22164 0.148099
0 0.454568 0.0918013 0.0391218 0.0288821
0 0.986688 0.422694 0.0266236 0.0241552
0 0.00768782 0.289402 0.0153756 0.0334682
0 0.90826 0.540477 0.029274 0.0229315
0 0.880913 0.680699 0.0281501 0.023221
