0 0.223806 0.135959 0.0592112 0.0544279
0 0.822461 0.792588 0.0488925 0.0435371
0 0.873644 0.172849 0.042201 0.037867
0 0.948804 0.33606 0.04705 0.0419672
0 0.665542 0.535156 0.0386038 0.036588
0 0.402087 0.0158601 0.0326387 0.030482
0 0.580316 0.348083 0.0289733 0.0271434
0 0.958331 0.545229 0.0353889 0.029986
0 0.609372 0.867127 0.0286357 0.027118
0 0.926798 0.401586 0.0333703 0.0301012
0 0.271733 0.454432 0.0341851 0.0310797
0 0.801261 0.197805 0.0400631 0.0356966
0 0.7581 0.249796 0.0633221 0.0569919
0 0.770519 0.558742 0.0298612 0.0275439
0 0.173347 0.0216034 0.0275324 0.0262427
0 0.0393931 0.576119 0.0293093 0.027411
0 0.639306 0.623394 0.0277245 0.02595
0 0.295893 0.742128 0.0285702 0.0266235
0 0.753263 0.575356 0.0286452 0.0260637
0 0.328634 0.00555464 0.0276684 0.0110441
0 0.235396 0.388727 0.0374722 0.0331734
0 0.397851 0.5865 0.0255546 0.0241523
0 0.278441 0.965289 0.023646 0.0223971
0 0.171255 0.867855 0.0238829 0.0227512
0 0.824862 0.918075 0.0235052 0.0224555
0 0.223344 0.957379 0.0243887 0.0232449
0 0.289536 0.761655 0.0235888 0.0225194
0 0.617587 0.727652 0.0232991 0.0221036
0 0.336646 0.87565 0.0521432 0.0500956
0 0.573006 0.0234076 0.329083 0.0468152
0 0.600575 0.618769 0.0254326 0.0236718
0 0.0356503 0.136621 0.0329829 0.0314671
