0 0.306956 0.278787 0.083069 0.0810978
0 0.0782942 0.725732 0.057174 0.0553218
0 0.484055 0.89175 0.0443804 0.0430784
0 0.412246 0.231102 0.0404498 0.0390374
0 0.511041 0.281895 0.0401027 0.0395
0 0.0451933 0.987013 0.0659836 0.0258916
0 0.759741 0.0715745 0.0358794 0.0351758
0 0.687886 0.579437 0.0382051 0.0370421
0 0.769217 0.0211069 0.0341231 0.033628
0 0.357115 0.496187 0.0304793 0.0299852
0 0.76594 0.801994 0.0339376 0.0324471
0 0.686175 0.17725 0.0343207 0.0336486
0 0.312237 0.331387 0.0278063 0.0271326
0 0.0955811 0.623345 0.0273394 0.0263476
0 0.158922 0.981911 0.0341419 0.0323653
0 0.671564 0.118524 0.0273659 0.0270497
0 0.681273 0.0336946 0.0292234 0.0291321
0 0.606891 0.161926 0.0251911 0.0249262
0 0.431483 0.422301 0.0253543 0.0251857
0 0.216221 0.510955 0.0254037 0.0245054
0 0.872399 0.967914 0.0293625 0.028616
0 0.701109 0.641478 0.0733824 0.0721297
0 0.873114 0.428087 0.0999738 0.0976212
0 0.335218 0.463292 0.0251174 0.0248203
0 0.54459 0.917256 0.0715549 0.0704801
0 0.518394 0.11348 0.0254337 0.0248623
0 0.390223 0.505533 0.0515799 0.0512146
0 0.679318 0.929283 0.0265032 0.0259317
0 0.592321 0.373562 0.0239458 0.0238316
0 0.464968 0.27883 0.0313825 0.0298996
0 0.445716 0.305972 0.032899 0.032079
0 0.265812 0.62401 0.121839 0.123687
0 0.808675 0.0108345 0.0377557 0.0216126
0 0.641201 0.629028 0.059584 0.0586906
0 0.583958 0.664479 0.0276645 0.0267367
0 0.40039 0.769333 0.041921 0.0401752
0 0.323879 0.109767 0.0238656 0.0235588
0 0.375148 0.343711 0.0247635 0.024234
0 0.84828 0.733686 0.0235996 0.0231688
0 0.415951 0.808156 0.0230078 0.0224192
0 0.299113 0.438498 0.0294861 0.0288042
