0 0.517151 0.798006 0.306024 0.244323
0 0.81744 0.801687 0.0841413 0.0684214
0 0.824292 0.518363 0.0398878 0.0329001
0 0.612266 0.121616 0.0547789 0.0482166
0 0.400661 0.0203281 0.0466072 0.0399431
0 0.0352414 0.909369 0.0369135 0.0307119
0 0.697399 0.612578 0.0563872 0.0474063
0 0.344835 0.565588 0.0454712 0.0375624
0 0.498529 0.0522221 0.0330825 0.0287126
0 0.493647 0.49432 0.047577 0.03992
0 0.735912 0.443487 0.106401 0.0903382
0 0.536858 0.191657 0.175225 0.157713
0 0.0355095 0.662265 0.0327414 0.026207
0 0.0995175 0.964997 0.0404184 0.034571
0 0.715316 0.333131 0.0344543 0.028239
0 0.785409 0.619384 0.0313059 0.0261321
0 0.10838 0.330327 0.0420547 0.0335503
0 0.878621 0.813402 0.0345375 0.0277606
0 0.454236 0.442722 0.0379662 0.0320063
0 0.99225 0.710329 0.0154991 0.0255596
0 0.370401 0.151467 0.105311 0.0979036
0 0.403076 0.978906 0.0493448 0.0394181
0 0.963299 0.954491 0.0391301 0.0327525
0 0.819785 0.652813 0.0844336 0.0700604
0 0.426657 0.547601 0.0285085 0.0255443
0 0.937671 0.0458348 0.0309062 0.0273727
0 0.415282 0.670464 0.0459715 0.0381896
0 0.303502 0.977097 0.151815 0.0458058
0 0.73555 0.648521 0.037703 0.0315282
0 0.437388 0.991154 0.0611184 0.0176912
0 0.829841 0.602078 0.0427722 0.0361392
0 0.370543 0.293113 0.134352 0.113351
