0 0.824966 0.883386 0.135846 0.130643
0 0.498081 0.327532 0.0719715 0.0700685
0 0.370512 0.113726 0.138073 0.135858
0 0.290016 0.768432 0.0807183 0.0794575
0 0.980825 0.482997 0.03835 0.0450109
0 0.547667 0.757027 0.0791237 0.0769364
0 0.619752 0.869902 0.0616472 0.0603157
0 0.761516 0.25094 0.0902305 0.0906106
0 0.505731 0.249038 0.0521661 0.0510066
0 0.298451 0.0418059 0.092129 0.0834658
0 0.704826 0.970735 0.057379 0.0555395
0 0.678891 0.150025 0.0834636 0.0813418
0 0.941489 0.0297202 0.0674502 0.0594404
0 0.883131 0.566843 0.0625541 0.060781
0 0.22659 0.024299 0.0795467 0.0485981
0 0.239323 0.594759 0.0343107 0.0336626
0 0.474994 0.0568369 0.0509647 0.0494395
0 0.654771 0.221624 0.055398 0.0546004
0 0.336821 0.859493 0.0411985 0.0404864
0 0.771801 0.127417 0.038728 0.038303
0 0.0458867 0.459614 0.0583587 0.0561701
0 0.124128 0.237737 0.0625352 0.0621243
0 0.529299 0.481757 0.0530326 0.0525934
0 0.213738 0.778756 0.0362777 0.0359006
0 0.0660388 0.77314 0.0503449 0.0493591
0 0.789906 0.159282 0.0309782 0.0304041
0 0.0768227 0.663352 0.0357796 0.0343418
0 0.0411094 0.0832887 0.0356753 0.034987
0 0.481728 0.775928 0.0271392 0.0265007
0 0.390515 0.357792 0.02925 0.0290715
0 0.454081 0.176081 0.0600797 0.0588845
0 0.137288 0.303401 0.0253024 0.0250728
0 0.232966 0.0846523 0.0518966 0.0505379
0 0.337882 0.716225 0.0497657 0.0482664
0 0.881069 0.262214 0.0306002 0.0304763
0 0.554408 0.536796 0.0843245 0.0811348
0 0.880597 0.0216145 0.0653154 0.0431628
0 0.0688074 0.558776 0.137467 0.242168
0 0.674874 0.0727213 0.0536731 0.052335
0 0.880766 0.692383 0.0515626 0.0497239
0 0.863868 0.062522 0.0319163 0.0312775
0 0.0166554 0.395041 0.0333107 0.0523781
0 0.380029 0.923793 0.0759943 0.0744944
0 0.483366 0.726986 0.0260676 0.0258384
0 0.10089 0.261108 0.026014 0.0255342
0 0.984672 0.0218336 0.0306365 0.0433157
0 0.233784 0.507789 0.0495024 0.0475181
0 0.758001 0.178232 0.0408607 0.039848
0 0.948118 0.846005 0.0773148 0.0762847
0 0.638927 0.252745 0.0378065 0.0365199
0 0.552893 0.409049 0.0799718 0.0763665
0 0.396511 0.949609 0.0273151 0.0267081
0 0.670561 0.631551 0.0245495 0.0240633
0 0.801467 0.815086 0.0254474 0.0252874
0 0.554682 0.943254 0.281961 0.113491
0 0.891245 0.524525 0.0246577 0.0243773
0 0.720349 0.0523713 0.0378884 0.0367528
0 0.0114618 0.00806407 0.0228792 0.0161281
0 0.707208 0.268075 0.0320535 0.0309635
0 0.081103 0.118827 0.0274882 0.0266559
0 0.121708 0.990546 0.0328198 0.0189075
0 0.373843 0.428701 0.0293805 0.0292649
0 0.352171 0.885379 0.0257714 0.0252682
0 0.70605 0.466086 0.0306666 0.0294339
0 0.0297133 0.868194 0.0593351 0.0800941
0 0.320429 0.815602 0.028996 0.0285945
0 0.155674 0.894246 0.031431 0.0312258
0 0.354545 0.829881 0.0343151 0.0342253
0 0.719905 0.0322575 0.0254285 0.0254096
0 0.577669 0.459822 0.0671123 0.0644019
0 0.82872 0.122395 0.0310181 0.0303886
0 0.0168651 0.431864 0.0250624 0.0246881
0 0.977649 0.95138 0.0444377 0.0792451
0 0.181143 0.0600414 0.024111 0.0235328
0 0.46435 0.416121 0.100439 0.0977681
0 0.700867 0.789789 0.0604346 0.0578608
0 0.446268 0.961556 0.026722 0.026022
0 0.638263 0.0450324 0.043304 0.0432355
0 0.926224 0.891761 0.0638555 0.0608816
0 0.314048 0.235675 0.0388425 0.0382076
0 0.52236 0.877559 0.0262852 0.025935
0 0.531138 0.0046393 0.0322838 0.00926199
0 0.727227 0.0875989 0.0388551 0.0381202
0 0.7816 0.400481 0.0531027 0.0528862
0 0.520277 0.80803 0.0222795 0.0216732
