0 0.83584 0.332801 0.0588047 0.0563182
0 0.429 0.588908 0.0334316 0.0327635
0 0.80199 0.60229 0.0276216 0.0258522
0 0.835372 0.145805 0.0268398 0.0258807
0 0.423555 0.945086 0.0261493 0.0258911
0 0.296198 0.45179 0.0241575 0.0236671
0 0.744985 0.0756784 0.0252419 0.0241422
0 0.80662 0.737819 0.10863 0.100398
0 0.877186 0.0686338 0.0256966 0.0245325
0 0.911359 0.0601594 0.0418119 0.0395751
0 0.967016 0.211767 0.0309633 0.0294843
0 0.939439 0.321541 0.0253707 0.0246062
0 0.878943 0.35926 0.0234778 0.0228366
