0 0.686055 0.567389 0.320876 0.252901
0 0.368708 0.631246 0.065774 0.0532773
0 0.537904 0.894912 0.0361035 0.0292717
0 0.961913 0.923993 0.0697927 0.0539804
0 0.511505 0.673903 0.241926 0.205203
0 0.519886 0.318244 0.0429959 0.0357667
0 0.764936 0.991038 0.0400319 0.0179245
0 0.955464 0.561847 0.0397093 0.0305136
0 0.607407 0.305518 0.0312269 0.024928
0 0.845052 0.813138 0.0404076 0.0311554
0 0.980994 0.458333 0.0379233 0.0351785
0 0.734222 0.773002 0.0411158 0.032146
0 0.926818 0.356216 0.0628942 0.0485477
0 0.970716 0.741619 0.0340107 0.0259975
0 0.825758 0.649727 0.0534664 0.0427147
0 0.320074 0.587284 0.0336329 0.0288142
0 0.515406 0.268108 0.0362671 0.0300808
0 0.153253 0.518206 0.0375335 0.0330951
0 0.87247 0.971482 0.0459456 0.0345107
0 0.336009 0.117235 0.171048 0.140757
0 0.815763 0.387904 0.0290177 0.0221176
0 0.244715 0.5718 0.0765436 0.0635692
0 0.430987 0.29828 0.0300757 0.0256385
0 0.727246 0.291037 0.0455599 0.0366462
0 0.318818 0.630089 0.0566707 0.0505427
0 0.721898 0.960353 0.0300004 0.0231153
0 0.539023 0.156583 0.0641255 0.0525749
0 0.805769 0.938985 0.0859706 0.0645679
0 0.621926 0.348667 0.0301263 0.0248168
0 0.550896 0.701041 0.0379758 0.0295796
0 0.856364 0.239409 0.045149 0.0338725
0 0.618558 0.254317 0.0426925 0.035329
0 0.801003 0.933825 0.0720625 0.0503252
0 0.567501 0.656823 0.0379445 0.0315816
