0 0.926932 0.462399 0.0428818 0.0408813
0 0.170098 0.494208 0.0410092 0.0382516
0 0.9217 0.394097 0.0358784 0.0343786
0 0.259252 0.456725 0.0332687 0.0314242
0 0.157534 0.129484 0.0427131 0.0390368
0 0.930375 0.271936 0.0352533 0.0329803
0 0.554892 0.820857 0.0278053 0.0265907
0 0.936922 0.241005 0.0312759 0.0294479
0 0.210488 0.423977 0.0777143 0.0740419
0 0.445578 0.154699 0.038427 0.0365492
0 0.0454831 0.602314 0.0623616 0.0572676
0 0.210781 0.990548 0.0526044 0.0189042
0 0.320257 0.603781 0.0270084 0.0252074
0 0.31572 0.424084 0.0254261 0.0237274
0 0.840197 0.726013 0.0260921 0.0252934
0 0.740611 0.062797 0.0275892 0.0262754
0 0.0914058 0.632836 0.0329863 0.0312136
0 0.703245 0.0421792 0.0246122 0.0237384
0 0.283446 0.539922 0.0310476 0.0284729
0 0.568392 0.436858 0.0597876 0.0543642
0 0.646548 0.769483 0.02408 0.0232595
0 0.751378 0.828234 0.0274699 0.0263831
0 0.46611 0.514192 0.0547828 0.051278
0 0.4769 0.89121 0.0456027 0.0429451
0 0.881909 0.0512929 0.0284242 0.0268314
0 0.976954 0.71157 0.0279329 0.0268574
