0 0.538273 0.272107 0.0594085 0.0580418
0 0.347499 0.268054 0.0470279 0.045638
0 0.172884 0.489737 0.0436312 0.0420875
0 0.0946237 0.167648 0.0325427 0.0308671
0 0.118739 0.800843 0.031217 0.0302847
0 0.225383 0.0313183 0.0311437 0.0300536
0 0.275873 0.83927 0.0375628 0.0367146
0 0.127921 0.714286 0.0336999 0.0326025
0 0.211771 0.96412 0.034759 0.0337092
0 0.576272 0.93822 0.0339766 0.0333092
0 0.472707 0.446524 0.0887924 0.0882666
0 0.0872808 0.0553338 0.0247252 0.0239484
0 0.127696 0.773213 0.0289814 0.0276281
0 0.564594 0.615273 0.0329583 0.0320004
0 0.181619 0.398192 0.0249683 0.0243331
0 0.0299517 0.0903069 0.0282316 0.0263271
0 0.485623 0.0458385 0.0270015 0.0263682
0 0.415029 0.814136 0.0483662 0.0473496
0 0.242356 0.537836 0.0282893 0.0278037
0 0.161245 0.709092 0.0233509 0.0228237
0 0.502485 0.915484 0.023642 0.0232872
0 0.567224 0.643576 0.0255312 0.0251071
0 0.418135 0.00833326 0.0280364 0.0166611
0 0.10184 0.92584 0.0445087 0.0421479
0 0.500188 0.244553 0.0387208 0.0376951
0 0.272598 0.0723613 0.0231814 0.0225173
0 0.142336 0.906119 0.0295836 0.0288467
0 0.250531 0.00819277 0.0417056 0.0163621
0 0.228016 0.164104 0.456032 0.327249
0 0.354121 0.987771 0.0288273 0.0239859
0 0.326871 0.450879 0.0412328 0.0404684
0 0.413221 0.2199 0.0239777 0.0233455
0 0.284556 0.010964 0.0286407 0.0215878
0 0.392068 0.527598 0.0420184 0.041913
0 0.497728 0.552868 0.0247621 0.0243134
0 0.046222 0.611272 0.0673593 0.0678844
0 0.47206 0.903406 0.0230908 0.0227723
0 0.0530953 0.868063 0.0395413 0.0374179
0 0.486266 0.138521 0.0278958 0.0270732
0 0.538446 0.599049 0.026901 0.0261519
0 0.581538 0.408008 0.0400376 0.0394009
0 0.507566 0.517605 0.0338081 0.0334201
0 0.312619 0.276454 0.0242916 0.0240833
0 0.492031 0.590059 0.043779 0.0433957
