0 0.754653 0.149238 0.271805 0.269254
0 0.180618 0.615754 0.175302 0.163181
0 0.0370495 0.941149 0.0545556 0.04742
0 0.258364 0.125627 0.088102 0.0797473
0 0.314125 0.0795068 0.156847 0.144929
0 0.547162 0.830083 0.0590994 0.0522966
0 0.32355 0.784806 0.0433884 0.038548
0 0.874452 0.63372 0.0508713 0.0459695
0 0.401674 0.713033 0.0451705 0.0394004
0 0.0330731 0.281155 0.0308618 0.0276029
0 0.795158 0.401587 0.0323477 0.0292664
0 0.251528 0.567516 0.0320423 0.0290584
0 0.0954573 0.438083 0.183965 0.161928
0 0.986512 0.591893 0.026976 0.0313544
0 0.24587 0.635033 0.0291925 0.026726
0 0.119111 0.093766 0.0289615 0.0264046
0 0.367242 0.270163 0.0272492 0.0256075
0 0.48603 0.679396 0.0316225 0.0282214
0 0.428224 0.341871 0.034971 0.0319512
0 0.776029 0.772665 0.0326257 0.0291809
0 0.0925028 0.157739 0.0302085 0.0271643
0 0.0196611 0.71228 0.0297977 0.0266911
0 0.428749 0.511215 0.0260113 0.0236372
0 0.635354 0.320511 0.0322463 0.0298413
0 0.74304 0.684058 0.0429511 0.0391846
0 0.518298 0.804106 0.0298288 0.0258161
0 0.981341 0.570804 0.0324538 0.0302656
0 0.546178 0.953045 0.0368817 0.032557
0 0.466558 0.17681 0.0297647 0.027648
0 0.471404 0.649981 0.0336854 0.0301485
0 0.0135933 0.860846 0.0265291 0.0245404
0 0.805892 0.427859 0.0323854 0.0295105
0 0.328817 0.646485 0.0257958 0.0236611
0 0.981839 0.548057 0.0309215 0.0287256
0 0.00348213 0.844516 0.00696425 0.0338386
0 0.610295 0.342904 0.0277362 0.0256473
0 0.176629 0.185496 0.165995 0.145745
0 0.42881 0.13028 0.032315 0.0303214
0 0.406512 0.752892 0.0467854 0.0413282
0 0.357713 0.617283 0.0251048 0.0234644
0 0.653974 0.868267 0.0289802 0.026926
0 0.389321 0.609022 0.0255304 0.0237945
0 0.8876 0.950225 0.0709006 0.0629416
0 0.507732 0.485894 0.0285723 0.0252453
0 0.753249 0.663891 0.0275955 0.0256012
0 0.398559 0.335489 0.0243287 0.0231004
0 0.610242 0.962549 0.0375624 0.0330222
0 0.907628 0.578721 0.0363604 0.0343218
0 0.566974 0.918094 0.0384254 0.0350552
0 0.253246 0.399899 0.0268437 0.0251493
0 0.41525 0.0571613 0.0433281 0.0398016
0 0.178799 0.436392 0.0267469 0.0244048
0 0.106066 0.665228 0.0331599 0.0296593
0 0.595229 0.375205 0.0277942 0.0264149
0 0.916188 0.0798391 0.0266694 0.025942
0 0.371989 0.156536 0.0237448 0.0227974
0 0.836237 0.976878 0.0642183 0.0462433
