0 0.722388 0.538559 0.289191 0.22808
0 0.379621 0.359771 0.27008 0.208245
0 0.0581378 0.86917 0.116276 0.182309
0 0.447855 0.528227 0.324115 0.240325
0 0.306292 0.902947 0.230994 0.192975
0 0.0777875 0.303268 0.0998592 0.0775059
0 0.507876 0.77161 0.280434 0.216578
0 0.124596 0.429064 0.132055 0.104744
0 0.933687 0.280205 0.132373 0.121198
0 0.443961 0.13518 0.112634 0.0923495
0 0.618489 0.753688 0.0439441 0.034765
0 0.0410703 0.176441 0.0729205 0.0570358
0 0.240259 0.445715 0.103405 0.0831462
0 0.124499 0.659882 0.108663 0.0895033
0 0.135228 0.246755 0.06591 0.0515722
0 0.0811551 0.112453 0.0535164 0.0413682
0 0.067547 0.0430034 0.0618929 0.0477589
0 0.206614 0.212614 0.109576 0.0852064
0 0.202529 0.772571 0.048671 0.0416446
0 0.233882 0.132456 0.0435662 0.0336146
0 0.308219 0.653596 0.061073 0.0504603
0 0.92066 0.700593 0.0351503 0.0275314
0 0.158321 0.159171 0.0503627 0.0386343
0 0.859832 0.68788 0.280335 0.353633
0 0.296096 0.262865 0.0866627 0.0693376
0 0.0215664 0.618495 0.0431198 0.142212
0 0.134051 0.875891 0.032283 0.0278394
0 0.0479679 0.0133811 0.0401193 0.026703
0 0.160661 0.529216 0.246339 0.197368
0 0.719661 0.138305 0.109048 0.0863824
0 0.558927 0.968962 0.23033 0.0620757
0 0.0246818 0.232829 0.0493636 0.0452193
0 0.97968 0.889172 0.040313 0.0744559
0 0.0426482 0.548011 0.0428585 0.0350726
0 0.479444 0.0991424 0.0420299 0.033306
0 0.121565 0.574922 0.113425 0.0909464
0 0.584118 0.583611 0.0279942 0.0235829
0 0.429599 0.115296 0.0671707 0.0536981
0 0.0335843 0.97918 0.0671447 0.0415235
0 0.874453 0.412916 0.14616 0.110861
0 0.0268843 0.119975 0.0537686 0.0728002
0 0.806941 0.187283 0.120161 0.0933405
0 0.450253 0.468114 0.0488204 0.0384371
0 0.707241 0.0996263 0.0403667 0.0309445
0 0.100708 0.150544 0.0538141 0.0406836
0 0.77278 0.00766195 0.0405323 0.0153239
0 0.545563 0.630074 0.174916 0.140166
0 0.65897 0.859773 0.11731 0.0944199
0 0.38166 0.0695399 0.0629039 0.0502628
0 0.70622 0.148002 0.0842052 0.0669065
0 0.229208 0.553233 0.136057 0.109719
