0 0.645685 0.0591053 0.190743 0.118211
0 0.563594 0.500723 0.0610295 0.0469246
0 0.0378289 0.869999 0.0536549 0.0415678
0 0.918701 0.313025 0.0485808 0.0373682
0 0.633726 0.779182 0.0500524 0.0398329
0 0.278645 0.894536 0.0365703 0.0285601
0 0.296865 0.318002 0.0456897 0.0362004
0 0.46639 0.820615 0.0351419 0.0278024
0 0.915452 0.734339 0.15434 0.117891
0 0.58168 0.436581 0.0406296 0.0301253
0 0.00975306 0.621756 0.0194968 0.0276848
0 0.37202 0.730427 0.0588287 0.046581
0 0.116729 0.896516 0.0327473 0.0261946
0 0.0793815 0.496994 0.0329618 0.0272353
0 0.185374 0.413788 0.0340227 0.026996
0 0.408732 0.803955 0.0314603 0.0249668
0 0.366078 0.0757002 0.0349081 0.0265468
0 0.854907 0.684148 0.0328464 0.0250363
0 0.926309 0.141094 0.0311227 0.0243405
0 0.0874349 0.741741 0.0338541 0.0259795
0 0.987379 0.464585 0.0252146 0.0268184
0 0.851205 0.314267 0.0292552 0.0230125
0 0.52882 0.971339 0.127497 0.0573215
0 0.553127 0.884827 0.0319686 0.0241741
0 0.236658 0.0638938 0.160766 0.122096
0 0.568388 0.203299 0.0401207 0.0315836
0 0.590346 0.212201 0.0408494 0.0327015
0 0.715954 0.788001 0.0394035 0.0298718
0 0.234982 0.623246 0.0354035 0.0277426
0 0.932444 0.43907 0.0311699 0.0231261
0 0.70577 0.814111 0.0365218 0.0265066
0 0.041467 0.0354772 0.0424258 0.0332361
0 0.240602 0.993102 0.0336521 0.0137953
0 0.674278 0.853255 0.0341883 0.0266503
0 0.247918 0.40872 0.0304086 0.0242004
0 0.520608 0.0395272 0.0289239 0.0225064
0 0.648727 0.254273 0.0318942 0.0243954
0 0.127429 0.429281 0.0372711 0.0302131
0 0.911147 0.410436 0.0355477 0.0277581
0 0.100479 0.0306846 0.0328011 0.0264025
0 0.274551 0.494917 0.027697 0.0225297
0 0.988135 0.756753 0.0237299 0.0232881
0 0.0257164 0.373199 0.0401413 0.0318473
0 0.164663 0.724763 0.175101 0.144723
0 0.98343 0.907787 0.0331404 0.0337441
0 0.088679 0.782833 0.0285108 0.0225749
0 0.394919 0.752006 0.0288858 0.0230038
0 0.357839 0.699971 0.034734 0.0266843
0 0.52088 0.225604 0.0279853 0.0222393
0 0.986843 0.921877 0.0263116 0.0227666
0 0.0953844 0.664759 0.0292881 0.0230061
0 0.13363 0.296329 0.0300001 0.0241247
0 0.957753 0.901173 0.029213 0.0223265
0 0.0527282 0.17087 0.105456 0.0853001
0 0.0627597 0.191762 0.0461498 0.0365851
0 0.707914 0.889343 0.0273712 0.0220632
0 0.271153 0.419004 0.029143 0.0236208
0 0.050294 0.430122 0.0267943 0.0215251
0 0.678286 0.613402 0.0287673 0.0223553
0 0.243429 0.720211 0.0324736 0.0258892
0 0.617432 0.549095 0.0271788 0.021612
0 0.349026 0.725911 0.0326226 0.0266888
0 0.0944911 0.158307 0.0276328 0.0224257
