0 0.419918 0.631968 0.0459951 0.043352
0 0.700208 0.429704 0.0386857 0.0368676
0 0.158502 0.774865 0.027797 0.0266562
0 0.717987 0.211757 0.0630555 0.0606572
0 0.405336 0.100512 0.0294844 0.0282345
0 0.546223 0.0824544 0.0264757 0.0251799
0 0.740717 0.412027 0.0260105 0.0248861
0 0.533379 0.817744 0.0317572 0.0301158
0 0.902296 0.758909 0.0252533 0.0238543
0 0.666065 0.245326 0.0365624 0.0348161
0 0.833869 0.614298 0.0264523 0.0250261
0 0.12452 0.989112 0.0344997 0.0216897
0 0.726526 0.961462 0.0591531 0.0554516
0 0.0228871 0.546496 0.0407563 0.0381708
0 0.922882 0.308078 0.0238368 0.0224398
0 0.859409 0.219552 0.0243605 0.0231897
0 0.59506 0.582265 0.0229052 0.0220413
0 0.930482 0.0516302 0.0248903 0.024398
0 0.498103 0.195277 0.0236173 0.0229394
0 0.0174419 0.100858 0.034734 0.0381093
0 0.552384 0.542593 0.0227002 0.0221831
0 0.474558 0.668089 0.0221355 0.0213237
0 0.807052 0.0928754 0.0278786 0.0271945
0 0.348707 0.960292 0.0247689 0.0238185
0 0.728503 0.260611 0.0251815 0.023977
0 0.741021 0.254155 0.0314946 0.0295462
