0 0.530526 0.0952813 0.124637 0.119702
0 0.622981 0.957168 0.0379481 0.0367092
0 0.142232 0.955379 0.0299298 0.0289717
0 0.516904 0.672144 0.0271179 0.0264333
0 0.761099 0.691107 0.0284754 0.0276877
0 0.672517 0.84468 0.026195 0.0253725
0 0.79604 0.890406 0.0315855 0.0308759
0 0.366425 0.814438 0.0265217 0.0255621
0 0.413042 0.823735 0.0242866 0.0233755
0 0.631686 0.0167363 0.0252239 0.0246986
0 0.973483 0.507793 0.0529721 0.257807
0 0.780133 0.463949 0.0288244 0.0285786
0 0.219683 0.575297 0.0235401 0.02244
0 0.884528 0.249337 0.0238846 0.0237385
0 0.0780583 0.418975 0.0241837 0.0225011
0 0.04469 0.674487 0.0227302 0.0221437
