0 0.683462 0.573327 0.351355 0.325096
0 0.648792 0.300084 0.0723035 0.0692416
0 0.735577 0.617999 0.0787924 0.0764604
0 0.224298 0.765307 0.0726068 0.0704334
0 0.285743 0.198474 0.0469183 0.0458065
0 0.495613 0.0613579 0.051103 0.0498964
0 0.976133 0.303388 0.0385571 0.0382067
0 0.0968884 0.292214 0.039179 0.0381162
0 0.473406 0.539416 0.162472 0.158825
0 0.884372 0.410627 0.0508236 0.0501211
0 0.924796 0.716235 0.046866 0.0465508
0 0.442858 0.510902 0.0314945 0.0302799
0 0.20975 0.51599 0.0412488 0.0399029
0 0.135717 0.0155508 0.0274944 0.0273965
0 0.314639 0.221095 0.0370173 0.0361513
0 0.887714 0.363122 0.0685493 0.068242
0 0.943237 0.053828 0.0311306 0.0307131
0 0.843192 0.169863 0.0290818 0.0286291
0 0.333812 0.0683502 0.0298479 0.0295104
0 0.985432 0.0991262 0.028733 0.029175
0 0.493793 0.340571 0.0283593 0.0275637
0 0.351722 0.222226 0.0278375 0.0271455
0 0.601226 0.686829 0.0281534 0.0275102
0 0.236152 0.389469 0.0288944 0.0288402
0 0.122113 0.775209 0.0327492 0.032521
0 0.729038 0.180205 0.026903 0.0261146
0 0.846544 0.0221316 0.0246127 0.024238
0 0.883066 0.482286 0.027059 0.0263793
0 0.279922 0.772426 0.0293482 0.0288663
0 0.887612 0.707642 0.0320599 0.0315526
0 0.401312 0.79218 0.0245967 0.0221405
0 0.867209 0.309582 0.0398314 0.0399422
0 0.592987 0.738809 0.030696 0.029346
0 0.811111 0.779038 0.0309081 0.0293819
0 0.990514 0.561474 0.0188574 0.0254876
0 0.721889 0.435876 0.0324049 0.031741
0 0.712265 0.11644 0.0240364 0.0237794
0 0.590276 0.757204 0.0242972 0.023386
0 0.591759 0.615958 0.0280093 0.027426
0 0.304139 0.118504 0.0406447 0.0394712
0 0.0790164 0.429277 0.0601332 0.0592314
0 0.47634 0.0436935 0.0265134 0.0266853
0 0.660572 0.418118 0.0620456 0.0605776
0 0.203707 0.729423 0.0424424 0.0417697
0 0.139081 0.755194 0.0324343 0.0318633
0 0.0556375 0.582694 0.0576487 0.0550803
0 0.442359 0.449947 0.0266927 0.0257377
0 0.526513 0.66681 0.0337596 0.0321853
0 0.778219 0.366253 0.159296 0.163979
0 0.127555 0.647009 0.0315661 0.0319403
0 0.380778 0.20211 0.0229297 0.0230482
0 0.960431 0.104752 0.0264347 0.0261185
0 0.613693 0.385912 0.0682402 0.064313
0 0.417545 0.465281 0.026381 0.0251733
0 0.876142 0.762168 0.0260491 0.0255163
0 0.11632 0.589426 0.0620231 0.0603364
0 0.945735 0.60321 0.0228349 0.0228565
0 0.974549 0.646007 0.0235301 0.0228267
0 0.727103 0.0613031 0.0234635 0.0232416
0 0.054711 0.390837 0.0357605 0.0347444
0 0.832696 0.711083 0.031218 0.030643
0 0.435921 0.404086 0.0590644 0.0560406
0 0.919199 0.610661 0.0301108 0.0293012
0 0.914557 0.131919 0.0234642 0.0232534
0 0.733574 0.792938 0.0269935 0.0215657
0 0.305826 0.354419 0.024146 0.0230758
0 0.850248 0.520833 0.0249482 0.0246873
0 0.686191 0.630852 0.0313371 0.0307868
