0 0.5175 0.729827 0.0943754 0.090111
0 0.862873 0.531579 0.0937353 0.0886911
0 0.853972 0.90506 0.072507 0.065563
0 0.385446 0.751653 0.0404425 0.0384358
0 0.105881 0.119024 0.0489646 0.0436006
0 0.396064 0.73034 0.0491676 0.0473495
0 0.878033 0.794432 0.0368357 0.0339222
0 0.0424257 0.375632 0.0353966 0.0337194
0 0.797517 0.706109 0.0421659 0.0392923
0 0.961426 0.371171 0.0307045 0.0287182
0 0.120356 0.819146 0.068697 0.0613701
0 0.0393318 0.173568 0.0375014 0.0347301
0 0.0131469 0.282927 0.0262937 0.0560987
0 0.540339 0.306251 0.572671 0.57636
0 0.614285 0.599536 0.0280435 0.0272191
0 0.940479 0.789904 0.027431 0.025295
0 0.298421 0.744898 0.0246305 0.0234326
0 0.503952 0.774226 0.0230961 0.0226151
0 0.231805 0.845806 0.458703 0.308069
0 0.0259647 0.101144 0.0515371 0.200844
0 0.937615 0.836198 0.0292734 0.0276983
0 0.823267 0.948288 0.0273573 0.0254373
0 0.729062 0.636676 0.0355194 0.0335119
0 0.157866 0.667832 0.0511726 0.044936
0 0.0111594 0.659721 0.0222979 0.0262496
0 0.438467 0.285559 0.582052 0.571117
0 0.637023 0.791454 0.024008 0.0231599
0 0.525586 0.229081 0.0278393 0.0249798
0 0.932008 0.049989 0.0311997 0.0275401
0 0.148324 0.398236 0.0389379 0.0353438
0 0.989415 0.827153 0.021067 0.138583
0 0.324524 0.623577 0.0234473 0.0226679
0 0.843207 0.119055 0.025876 0.0231705
0 0.667541 0.734841 0.0278319 0.0259865
0 0.991595 0.933488 0.0168094 0.026873
0 0.789837 0.497594 0.029838 0.0281289
0 0.227923 0.517178 0.0273277 0.0255411
0 0.989537 0.994771 0.0209269 0.0101895
0 0.0673127 0.251137 0.0311927 0.0293558
