0 0.221863 0.858881 0.188886 0.174944
0 0.0318613 0.625577 0.0465294 0.0445406
0 0.137176 0.727108 0.0399504 0.0379725
0 0.448048 0.297721 0.044587 0.0415427
0 0.243293 0.316017 0.0298813 0.0281158
0 0.824288 0.78979 0.0510229 0.0494049
0 0.830154 0.423153 0.0511165 0.0475119
0 0.726923 0.834883 0.0272102 0.0262187
0 0.155405 0.616763 0.028688 0.0274234
0 0.776224 0.610047 0.0350351 0.0325756
0 0.807118 0.761448 0.032479 0.0317499
0 0.100859 0.204273 0.0277985 0.0269928
0 0.853948 0.872128 0.132299 0.128583
0 0.704586 0.423806 0.0326102 0.0297366
0 0.359576 0.774309 0.025016 0.0247568
0 0.836226 0.75394 0.0291016 0.028197
0 0.0341595 0.780366 0.0269059 0.0258622
0 0.38028 0.259803 0.0276941 0.0258299
0 0.957849 0.953185 0.0701157 0.0673523
0 0.936873 0.376456 0.0384254 0.0357214
0 0.145707 0.260418 0.0304625 0.0281036
0 0.94284 0.0972278 0.0576819 0.0549182
0 0.34567 0.0729281 0.0235325 0.0228465
0 0.961349 0.714951 0.0253674 0.0244327
0 0.370656 0.662145 0.0357879 0.0351234
0 0.859281 0.938704 0.0445843 0.0434817
0 0.942768 0.27721 0.0415288 0.0385754
0 0.580473 0.417772 0.0291403 0.0267836
0 0.399685 0.984587 0.0971777 0.0308256
0 0.900046 0.296194 0.0399911 0.0379253
0 0.89998 0.272933 0.0418346 0.0415368
