0 0.318746 0.364902 0.299644 0.261408
0 0.108277 0.861282 0.216555 0.22485
0 0.544862 0.523545 0.148829 0.136093
0 0.758232 0.750892 0.186419 0.167353
0 0.814984 0.410442 0.148049 0.134178
0 0.352135 0.876954 0.0633862 0.0590763
0 0.500018 0.890044 0.0999415 0.0882544
0 0.370329 0.682583 0.0789258 0.0719786
0 0.91297 0.541274 0.0814157 0.0724654
0 0.581703 0.388506 0.144785 0.132053
0 0.603561 0.0195408 0.0441556 0.0390106
0 0.475041 0.43464 0.0306262 0.0278646
0 0.925972 0.676876 0.0331097 0.0304308
0 0.907105 0.839759 0.13068 0.117861
0 0.793133 0.676889 0.0278205 0.0256468
0 0.227545 0.0843301 0.426823 0.167316
0 0.806588 0.0350081 0.0352185 0.0314097
0 0.775643 0.863676 0.0443275 0.0390534
0 0.645169 0.0562326 0.0583089 0.0549805
0 0.984874 0.772734 0.0257893 0.0238676
0 0.958648 0.733514 0.054584 0.0511462
0 0.321607 0.184033 0.0286033 0.0256442
0 0.535932 0.312892 0.0866673 0.0778182
0 0.30447 0.655353 0.0539804 0.0480504
0 0.782935 0.151471 0.0785385 0.0711439
0 0.8603 0.938097 0.0306681 0.0283966
0 0.740361 0.582544 0.0304973 0.0284219
0 0.107677 0.982843 0.0241636 0.0231801
0 0.499042 0.713761 0.11518 0.100773
0 0.027374 0.113255 0.0547084 0.0648517
0 0.390783 0.175784 0.336452 0.294604
0 0.709239 0.97799 0.0407966 0.0357801
0 0.419098 0.907154 0.0831244 0.0753366
0 0.562443 0.754942 0.0682211 0.0601328
0 0.499543 0.770914 0.0528433 0.0465307
0 0.863139 0.383868 0.0264738 0.0240673
0 0.895763 0.677889 0.147871 0.129592
0 0.825532 0.867916 0.0243559 0.0233746
0 0.719409 0.995532 0.0335102 0.00893679
0 0.586745 0.705115 0.0507623 0.0465333
0 0.865035 0.596843 0.0661751 0.0604122
0 0.573319 0.746926 0.0880758 0.0772101
0 0.960163 0.374602 0.0796738 0.0795254
0 0.714332 0.450685 0.0234113 0.0226404
0 0.607704 0.703767 0.101463 0.0939463
0 0.532615 0.829176 0.0247092 0.0230471
0 0.897303 0.773376 0.0874534 0.0789189
0 0.865527 0.141558 0.0734857 0.0635028
0 0.736284 0.908507 0.0964551 0.0834544
0 0.301772 0.231912 0.0434761 0.0383753
0 0.647648 0.208942 0.0973809 0.0877152
0 0.949147 0.465463 0.100493 0.091198
0 0.94497 0.142033 0.0656237 0.0578047
0 0.613881 0.0807656 0.0327337 0.0324952
0 0.974483 0.520453 0.0465097 0.0429249
0 0.766204 0.0975386 0.0250694 0.0233971
0 0.678897 0.300027 0.132001 0.118955
