0 0.900401 0.822821 0.199197 0.27915
0 0.268398 0.409056 0.0817886 0.0789722
0 0.12861 0.197528 0.0705897 0.0673418
0 0.899094 0.18599 0.0921917 0.0880119
0 0.142703 0.0809732 0.0616361 0.0609371
0 0.337405 0.244026 0.0455918 0.0434383
0 0.099763 0.363416 0.133167 0.129729
0 0.215827 0.850242 0.219465 0.219357
0 0.166342 0.684252 0.0476928 0.0451574
0 0.984473 0.543766 0.0310536 0.0438005
0 0.81448 0.207155 0.0549591 0.052623
0 0.273777 0.27737 0.0430031 0.0423781
0 0.453837 0.338894 0.042421 0.0410237
0 0.100704 0.244056 0.0475964 0.0457957
0 0.586188 0.465969 0.0320239 0.030901
0 0.508588 0.0553848 0.0350835 0.0331962
0 0.806522 0.680751 0.0458284 0.0430764
0 0.12656 0.548453 0.0651582 0.0619122
0 0.839823 0.243353 0.056776 0.0545848
0 0.906188 0.300123 0.0563654 0.0520061
0 0.333218 0.707479 0.0375963 0.0357118
0 0.523274 0.432869 0.0368524 0.0359626
0 0.549274 0.935151 0.0352788 0.0340986
0 0.53836 0.553575 0.0281012 0.0274795
0 0.337488 0.63584 0.0767141 0.0727611
0 0.238685 0.935364 0.0498517 0.0490187
0 0.0479372 0.443708 0.0429897 0.0408049
0 0.845867 0.496988 0.0416362 0.0389853
0 0.0730016 0.598226 0.0336381 0.0322838
0 0.933944 0.96847 0.0301044 0.0277868
0 0.556625 0.657455 0.0266939 0.0255744
0 0.988533 0.488867 0.0228929 0.0585704
0 0.496969 0.869744 0.0320195 0.0310078
0 0.216161 0.0913286 0.0296835 0.0288142
0 0.664675 0.0414858 0.0262034 0.0253312
0 0.256144 0.100052 0.0285552 0.0277418
0 0.192885 0.0790796 0.0282414 0.0276881
0 0.757177 0.52798 0.0301278 0.0286682
0 0.498807 0.351355 0.0502909 0.0491112
0 0.18009 0.44251 0.0274653 0.0264951
0 0.094615 0.741097 0.02919 0.0281412
0 0.866372 0.0332395 0.111662 0.0661425
0 0.0878658 0.860781 0.0670754 0.0638456
0 0.0677473 0.487841 0.029651 0.0281805
0 0.985668 0.741977 0.0285423 0.0363545
0 0.288494 0.0775049 0.0261209 0.0256036
0 0.0581381 0.901666 0.0276356 0.0255554
0 0.232765 0.173369 0.0473118 0.0471461
0 0.790283 0.582355 0.036349 0.03465
0 0.636025 0.626288 0.0324516 0.0314617
0 0.1093 0.72164 0.0295728 0.0278087
0 0.92669 0.764187 0.026845 0.0253594
0 0.888138 0.697168 0.0289634 0.027529
0 0.860634 0.427238 0.0267267 0.025675
0 0.521814 0.886191 0.0253735 0.0244818
0 0.50529 0.724547 0.0413973 0.0395076
0 0.738273 0.980899 0.0806284 0.0381671
0 0.979924 0.594455 0.0339748 0.0323054
0 0.167376 0.614258 0.0261629 0.0255049
0 0.0512961 0.540527 0.0285138 0.0271075
0 0.213986 0.786043 0.0269653 0.0250222
0 0.489281 0.56024 0.0305313 0.029861
0 0.249186 0.880708 0.0233705 0.0228459
0 0.338342 0.790184 0.0382605 0.0369363
0 0.553189 0.3614 0.0269528 0.0256879
0 0.198845 0.657091 0.0313785 0.0307205
0 0.0930439 0.767995 0.0265061 0.0258339
0 0.130907 0.494635 0.0310413 0.0301877
0 0.128489 0.122995 0.024947 0.0242971
0 0.160271 0.631185 0.024664 0.0239919
0 0.986225 0.612765 0.0229931 0.0222054
0 0.704518 0.969609 0.0550613 0.0512595
0 0.409311 0.307698 0.0266582 0.0262797
0 0.0823116 0.0451597 0.0312869 0.0302221
0 0.0653351 0.0171202 0.0237771 0.0229889
0 0.268462 0.215527 0.0266163 0.0262977
0 0.635573 0.906272 0.0257738 0.0245309
0 0.887282 0.938667 0.0279527 0.0262111
0 0.369168 0.816431 0.0348327 0.0330791
0 0.256752 0.558865 0.0641312 0.0611866
0 0.843529 0.908971 0.0335461 0.0316947
0 0.38444 0.0499932 0.144144 0.0998318
0 0.781797 0.646851 0.0300424 0.028585
0 0.00553952 0.939309 0.011079 0.0533931
0 0.222968 0.0627634 0.0244911 0.0236336
0 0.614926 0.527931 0.0232308 0.0226645
0 0.763357 0.558356 0.0243805 0.0232306
0 0.038191 0.9782 0.0763819 0.0435877
