0 0.0708536 0.832353 0.141707 0.184312
0 0.395556 0.954886 0.126039 0.089874
0 0.495841 0.801327 0.120084 0.090542
0 0.244498 0.26126 0.0731177 0.0570198
0 0.755435 0.966152 0.0867783 0.0658299
0 0.17599 0.933871 0.160328 0.124157
0 0.706744 0.422316 0.118669 0.0914834
0 0.759052 0.106214 0.035429 0.0276787
0 0.674354 0.737117 0.197777 0.136684
0 0.880405 0.873559 0.0710704 0.0563519
0 0.708669 0.657218 0.049367 0.039651
0 0.419285 0.36009 0.0298737 0.0246917
0 0.261565 0.175313 0.0325171 0.0259086
0 0.794928 0.551727 0.0615292 0.0472938
0 0.267994 0.897799 0.0465595 0.0356874
0 0.897153 0.943901 0.0708556 0.0553314
0 0.461915 0.68082 0.0767248 0.0588205
0 0.320096 0.890815 0.0406744 0.030588
0 0.345121 0.190513 0.0700149 0.0546177
0 0.668016 0.934395 0.0378244 0.0288412
0 0.349457 0.478404 0.0292722 0.0232784
0 0.507079 0.302904 0.029091 0.0239669
0 0.557458 0.61802 0.0383084 0.0287804
0 0.596342 0.988017 0.0442059 0.0238749
0 0.832231 0.962247 0.0614748 0.0483438
0 0.395608 0.795984 0.0597258 0.0473574
0 0.901679 0.974803 0.086808 0.0500565
0 0.341911 0.704787 0.0682516 0.0541198
0 0.253155 0.0930451 0.50631 0.18609
0 0.165824 0.0671295 0.0282155 0.0229586
0 0.274203 0.805368 0.108789 0.0829125
0 0.491468 0.985918 0.0354301 0.0260262
0 0.558381 0.856191 0.0505757 0.0385857
0 0.237086 0.752372 0.27626 0.218985
0 0.863587 0.8234 0.0482094 0.036577
0 0.229409 0.050135 0.0288448 0.0227029
