0 0.0420441 0.391391 0.0840882 0.115531
0 0.618866 0.579091 0.0613215 0.0559865
0 0.31957 0.109557 0.053922 0.0506189
0 0.813815 0.645983 0.0306125 0.0289212
0 0.339622 0.477507 0.0454733 0.0434916
0 0.972152 0.938182 0.0373564 0.0343745
0 0.187392 0.951384 0.0318536 0.0306366
0 0.575258 0.849244 0.0370388 0.0342401
0 0.91314 0.347181 0.0324922 0.0311968
0 0.0950068 0.949226 0.0254852 0.0244448
0 0.965333 0.587963 0.0264251 0.0252693
0 0.26797 0.992806 0.0261609 0.0143881
0 0.491895 0.725202 0.0325831 0.0301794
0 0.676938 0.805048 0.0489206 0.046224
0 0.945012 0.0139337 0.0269058 0.0250272
0 0.789396 0.797324 0.0600586 0.0578242
0 0.622491 0.641307 0.0252021 0.0233054
0 0.620504 0.669223 0.0267735 0.0246112
0 0.745116 0.0206436 0.0490545 0.0412871
0 0.303749 0.934116 0.024734 0.0236551
0 0.39684 0.0675893 0.0881964 0.084398
0 0.219803 0.70235 0.0300967 0.028089
0 0.0172244 0.892181 0.0344488 0.0492518
0 0.436585 0.279864 0.0333396 0.030928
0 0.74108 0.836371 0.0420184 0.0394988
0 0.663396 0.845774 0.0606971 0.0578178
0 0.443637 0.472394 0.0248641 0.0234042
0 0.659678 0.555885 0.0254574 0.0236793
0 0.202707 0.208854 0.323938 0.266201
0 0.0462219 0.694198 0.0471625 0.0449906
0 0.556726 0.0642467 0.110372 0.105762
0 0.737776 0.772982 0.0239788 0.022495
