0 0.710549 0.911368 0.229916 0.175906
0 0.363138 0.815869 0.123687 0.117883
0 0.0337532 0.322762 0.0465349 0.0455844
0 0.484273 0.293918 0.0320205 0.0307529
0 0.51686 0.896976 0.0299423 0.0288143
0 0.0935065 0.896352 0.0339194 0.0332328
0 0.158813 0.928047 0.0262421 0.025553
0 0.263499 0.532224 0.0239582 0.0233135
0 0.0236114 0.295776 0.0284743 0.0274843
0 0.147833 0.923979 0.0883855 0.0878284
0 0.195824 0.856505 0.083279 0.0809091
0 0.248637 0.923606 0.0302491 0.0296805
0 0.704687 0.80396 0.0360851 0.0345191
0 0.219077 0.661955 0.0237274 0.0229113
0 0.242871 0.949701 0.0238925 0.0234394
0 0.421263 0.399804 0.0237296 0.0228623
0 0.214109 0.238924 0.0248976 0.0239267
0 0.241571 0.540993 0.0232746 0.0223515
0 0.591555 0.867526 0.023133 0.0223442
