0 0.494102 0.0649122 0.0822802 0.0671244
0 0.154874 0.898648 0.152797 0.117803
0 0.714439 0.46517 0.0635452 0.0521047
0 0.662831 0.75016 0.0688755 0.0582379
0 0.644759 0.292818 0.0481569 0.0390589
0 0.531087 0.0377257 0.0439383 0.0358046
0 0.425477 0.162639 0.105462 0.0856256
0 0.407886 0.538221 0.055866 0.0481996
0 0.573372 0.106418 0.0375745 0.0298385
0 0.618053 0.424628 0.0887868 0.0751747
0 0.198767 0.446166 0.0836253 0.0733957
0 0.447377 0.356194 0.0396019 0.0320055
0 0.341526 0.523124 0.0680524 0.0581973
0 0.61088 0.137603 0.0370097 0.02922
0 0.28799 0.262319 0.0709339 0.0597271
0 0.442752 0.484486 0.0802694 0.0681817
0 0.35389 0.309337 0.0322564 0.0271747
0 0.297098 0.553112 0.0349573 0.029376
0 0.894561 0.939574 0.0308294 0.0250217
0 0.54898 0.410023 0.108721 0.090881
0 0.578478 0.654736 0.0326319 0.026975
0 0.612129 0.505518 0.0744867 0.0604137
0 0.128822 0.794747 0.0643566 0.0506271
0 0.94363 0.328089 0.0285966 0.0237902
0 0.538038 0.900998 0.0281574 0.0234923
0 0.0197178 0.811441 0.0342262 0.0278586
0 0.211013 0.989687 0.0295435 0.0205944
0 0.39028 0.508567 0.0406626 0.0346025
0 0.517825 0.517433 0.0315797 0.0258312
0 0.808019 0.385706 0.027754 0.0228339
0 0.250118 0.40531 0.0515179 0.0462314
0 0.157723 0.281438 0.22303 0.186929
0 0.566412 0.344612 0.0287595 0.0227692
0 0.285434 0.526596 0.047828 0.0408113
0 0.300035 0.175028 0.142957 0.117811
0 0.767318 0.0880351 0.0326595 0.0256379
0 0.112862 0.969223 0.056536 0.0474723
0 0.106617 0.649998 0.0285286 0.0232417
0 0.0413511 0.941658 0.0820218 0.0688471
0 0.663895 0.576738 0.0290012 0.0243039
0 0.661224 0.0884725 0.0641704 0.0516127
0 0.963491 0.808141 0.0435562 0.034563
0 0.924472 0.260975 0.0267873 0.0222868
0 0.576871 0.464676 0.0574646 0.0479484
0 0.334653 0.465351 0.106742 0.0909436
0 0.458142 0.76047 0.0249918 0.0217948
0 0.509119 0.297714 0.0437249 0.0346884
0 0.0258544 0.110089 0.0515908 0.210123
0 0.369898 0.259221 0.0981965 0.0816576
0 0.400207 0.333944 0.0564172 0.0459569
0 0.292916 0.42011 0.0374982 0.0333985
0 0.925288 0.574691 0.0271841 0.0216564
0 0.415136 0.432463 0.0526026 0.0438695
0 0.607668 0.556749 0.0269511 0.0228317
0 0.296394 0.396528 0.0419785 0.0366269
0 0.724513 0.0241283 0.0950652 0.0482067
0 0.48651 0.915962 0.0255408 0.0213865
0 0.350365 0.836878 0.026593 0.0219798
0 0.911816 0.845143 0.0313886 0.025948
0 0.909743 0.397013 0.0263276 0.0218744
0 0.327591 0.850654 0.0265712 0.0217232
0 0.320549 0.607643 0.0258805 0.0220623
0 0.152945 0.435063 0.0270218 0.0239204
0 0.16629 0.120214 0.0489765 0.041247
0 0.119532 0.361659 0.131491 0.114788
0 0.751738 0.0521443 0.0324554 0.0259161
0 0.497593 0.120874 0.104416 0.0907512
0 0.105182 0.538013 0.116951 0.0951595
0 0.666444 0.494732 0.0260677 0.0220016
0 0.39435 0.590191 0.0263867 0.0228704
0 0.455918 0.57117 0.0287933 0.0247737
0 0.162722 0.388212 0.0251157 0.0225975
0 0.0339485 0.312 0.0674532 0.0712614
0 0.233071 0.054377 0.0732621 0.0599748
0 0.628762 0.934764 0.0252466 0.0213763
0 0.243975 0.304991 0.13356 0.111578
0 0.334355 0.76082 0.0531096 0.0439773
