0 0.530531 0.374799 0.049839 0.0463581
0 0.335639 0.976732 0.0562521 0.0465364
0 0.0612247 0.126391 0.0346125 0.0327041
0 0.775633 0.611506 0.0248592 0.0239825
0 0.36083 0.62409 0.0355678 0.0339012
0 0.145386 0.251752 0.0246452 0.0234678
0 0.490783 0.347245 0.0457804 0.0433374
0 0.438669 0.894316 0.0265824 0.0256087
0 0.675233 0.0539991 0.0302782 0.0284231
0 0.562077 0.334789 0.0392373 0.0366971
0 0.389214 0.890661 0.0452379 0.0408711
0 0.258945 0.515195 0.0292774 0.0277839
0 0.561897 0.498808 0.0274391 0.0260806
0 0.709574 0.0994194 0.0302154 0.0288198
0 0.748751 0.00804501 0.0405672 0.01609
0 0.421599 0.418607 0.0240562 0.0226666
0 0.20867 0.392853 0.0246095 0.0232195
0 0.146259 0.5895 0.023488 0.0217354
0 0.677792 0.136423 0.0249043 0.0238263
0 0.432016 0.805384 0.0243399 0.0236125
0 0.648111 0.320166 0.0265845 0.0251921
0 0.489386 0.29771 0.0340378 0.0327883
0 0.328863 0.578288 0.0239853 0.0228603
0 0.590863 0.324274 0.0412679 0.0386515
0 0.575657 0.13472 0.0261365 0.0258728
0 0.700621 0.0436943 0.0451121 0.0429726
0 0.806345 0.794196 0.022784 0.02233
0 0.286696 0.687426 0.0253396 0.0248044
0 0.734908 0.63663 0.0228128 0.0217389
0 0.577463 0.480102 0.0426328 0.0406034
0 0.242186 0.455964 0.0239409 0.0227206
0 0.269353 0.534512 0.0256765 0.0245683
0 0.844491 0.0133737 0.0373381 0.0267351
0 0.709907 0.0124162 0.0334468 0.0247831
0 0.522402 0.304193 0.0367537 0.034793
0 0.551651 0.574289 0.0241125 0.022671
0 0.907808 0.829693 0.0224593 0.0212265
0 0.409806 0.300143 0.0259979 0.0249146
0 0.485252 0.318942 0.042432 0.0406419
0 0.432745 0.351472 0.0322437 0.0311205
0 0.787022 0.0296859 0.0323324 0.0304889
0 0.412277 0.307543 0.0343155 0.0336393
