0 0.696744 0.943668 0.120477 0.112607
0 0.196147 0.383725 0.114724 0.114004
0 0.879341 0.515647 0.136694 0.134663
0 0.853373 0.325589 0.0710406 0.0702695
0 0.497397 0.572191 0.213381 0.214786
0 0.622098 0.0434969 0.166052 0.0869937
0 0.676007 0.390643 0.183366 0.178026
0 0.853662 0.105928 0.0614452 0.0606438
0 0.741843 0.863289 0.0623507 0.0615499
0 0.0914347 0.588551 0.0661786 0.0657066
0 0.637156 0.605444 0.200154 0.186171
0 0.901501 0.11165 0.0404966 0.0401687
0 0.544171 0.26351 0.0490304 0.047497
0 0.751154 0.212109 0.0594633 0.057869
0 0.119168 0.815862 0.052413 0.0517364
0 0.661936 0.146516 0.0685507 0.0648005
0 0.836317 0.177538 0.0373411 0.0369193
0 0.301163 0.30398 0.0303404 0.0301236
0 0.0806684 0.0957209 0.0419198 0.0414621
0 0.10154 0.088837 0.202768 0.176958
0 0.912188 0.326117 0.090324 0.0889914
0 0.0859002 0.0708389 0.0311071 0.0311898
0 0.324305 0.695072 0.0324837 0.0311056
0 0.74816 0.693957 0.0300619 0.0297589
0 0.0470887 0.325116 0.0311042 0.030423
0 0.597764 0.277198 0.0263419 0.026195
0 0.939708 0.220244 0.0286249 0.0282823
0 0.391141 0.660556 0.0301762 0.0292637
0 0.352434 0.79301 0.0345141 0.0335701
0 0.777416 0.00909648 0.0374095 0.0181383
0 0.38293 0.526747 0.0414276 0.0400697
0 0.712832 0.457393 0.0612957 0.0584115
0 0.693546 0.271622 0.0305912 0.0297946
0 0.766437 0.314336 0.0380535 0.0375425
0 0.966846 0.413359 0.0344717 0.0335462
0 0.550449 0.966341 0.0275801 0.0273511
0 0.0514677 0.964435 0.0383807 0.0379519
0 0.809061 0.0625004 0.0399359 0.0393553
0 0.648536 0.16507 0.0251067 0.0247049
0 0.331346 0.948273 0.339022 0.103454
0 0.317048 0.380141 0.0244951 0.0243805
0 0.424021 0.376296 0.216414 0.219741
0 0.698781 0.552121 0.0306212 0.030815
0 0.876623 0.159906 0.0255728 0.0251955
0 0.580901 0.470188 0.0258958 0.0251181
0 0.98233 0.922671 0.0352886 0.0371607
0 0.890716 0.608504 0.0284528 0.0285659
0 0.0135247 0.772176 0.0270493 0.0583414
0 0.21541 0.0225121 0.033722 0.0335427
0 0.574354 0.435677 0.0329866 0.0319414
0 0.784301 0.192036 0.0253119 0.0246908
0 0.16655 0.158366 0.0440219 0.0429028
0 0.0565804 0.468142 0.0266832 0.0265786
0 0.743744 0.0302288 0.0508816 0.0504141
0 0.546566 0.350086 0.0793514 0.0775924
0 0.986927 0.772878 0.0250333 0.0250065
0 0.792527 0.161123 0.0259516 0.0254617
0 0.412488 0.156604 0.0297217 0.028883
0 0.615876 0.87482 0.0404171 0.0393587
0 0.198642 0.760317 0.172974 0.170485
0 0.42182 0.467368 0.047847 0.0475302
0 0.624096 0.175821 0.0285482 0.0282642
0 0.464498 0.337694 0.094409 0.0893255
0 0.196495 0.645362 0.0293061 0.0290921
0 0.84171 0.681275 0.0256678 0.0250933
0 0.10281 0.248714 0.177759 0.172717
0 0.791431 0.524889 0.0277311 0.0269055
0 0.968238 0.270453 0.0390467 0.0392437
0 0.00714575 0.873671 0.014287 0.0439758
0 0.985482 0.0739386 0.0268688 0.0272081
0 0.921341 0.74783 0.0263156 0.025806
0 0.136996 0.28601 0.0756997 0.0735645
0 0.863261 0.192249 0.0239426 0.0239789
0 0.564537 0.263726 0.0293886 0.0277305
0 0.496767 0.0877712 0.0295427 0.0283694
0 0.47007 0.303701 0.0641099 0.0633976
0 0.486601 0.839237 0.0411504 0.0403538
0 0.392523 0.133431 0.0327978 0.0317645
0 0.279236 0.716712 0.0259608 0.0249524
0 0.0472504 0.25952 0.0341698 0.0338161
0 0.522614 0.391865 0.0294848 0.0287122
0 0.30364 0.441294 0.0559551 0.0537435
0 0.723855 0.496029 0.0241641 0.0234592
0 0.805608 0.482583 0.031221 0.0306844
0 0.852986 0.89991 0.291649 0.198397
0 0.362208 0.629436 0.0328899 0.0313199
0 0.901225 0.440945 0.0628281 0.0632814
0 0.24136 0.65865 0.0478453 0.0448086
0 0.984676 0.672977 0.0306488 0.0356151
0 0.625375 0.601639 0.0222898 0.022438
0 0.794089 0.773042 0.0278248 0.02704
0 0.195068 0.493845 0.0253709 0.0244212
0 0.778494 0.361417 0.0315025 0.0300714
0 0.706897 0.637276 0.0530814 0.0514259
0 0.890023 0.234467 0.0435222 0.0433868
0 0.979864 0.0935597 0.0242777 0.0239594
0 0.374614 0.160034 0.030664 0.0295956
0 0.267199 0.0726132 0.0253556 0.024887
0 0.274981 0.56113 0.0264363 0.0257766
0 0.755934 0.176816 0.0389787 0.038676
0 0.513522 0.364503 0.0237299 0.0234278
0 0.417237 0.111905 0.0468454 0.044741
0 0.387346 0.560362 0.0229217 0.0226068
0 0.667127 0.514905 0.0387025 0.0384724
0 0.0341579 0.488412 0.028287 0.0277141
0 0.454197 0.655106 0.0306595 0.0296648
