0 0.226148 0.805047 0.065355 0.059927
0 0.925648 0.0859417 0.148704 0.171883
0 0.390155 0.261916 0.0848884 0.0796257
0 0.777389 0.889891 0.0409164 0.0381579
0 0.946303 0.912931 0.0365993 0.0346034
0 0.174041 0.748523 0.0438114 0.0399768
0 0.617753 0.463307 0.0265093 0.0252923
0 0.844257 0.81234 0.02825 0.0271138
0 0.501935 0.839343 0.0324564 0.0308715
0 0.694306 0.603096 0.0274584 0.0262885
0 0.852692 0.521579 0.0299788 0.0282487
0 0.0758126 0.445711 0.0254533 0.0237387
0 0.156611 0.70599 0.0280866 0.0251488
0 0.0350158 0.398943 0.037293 0.0339099
0 0.798206 0.621403 0.0259421 0.0245996
0 0.970596 0.772621 0.0336804 0.0315633
0 0.158403 0.843257 0.0248911 0.0233786
0 0.516993 0.583505 0.0325305 0.0304768
0 0.833121 0.765481 0.0265162 0.0249866
0 0.124646 0.95881 0.0257782 0.0235783
0 0.636543 0.801039 0.0333824 0.0314014
0 0.741322 0.670061 0.0252678 0.0239217
0 0.153425 0.906514 0.02868 0.026912
0 0.920984 0.671245 0.0289216 0.0272985
0 0.409899 0.196896 0.0281153 0.0270873
0 0.205115 0.756384 0.0258925 0.0240872
0 0.959178 0.461913 0.0251247 0.0234598
0 0.447711 0.554731 0.0241707 0.023015
0 0.35517 0.469279 0.0249959 0.0230999
0 0.35415 0.509194 0.0252333 0.0238186
0 0.427536 0.589057 0.032269 0.0300767
0 0.957779 0.214934 0.0257427 0.0236831
0 0.232346 0.396135 0.0270921 0.0251045
0 0.382084 0.526127 0.0274379 0.0262384
0 0.720581 0.850007 0.0231494 0.022014
0 0.243239 0.470868 0.0261665 0.0251293
0 0.780732 0.861421 0.0253585 0.0237079
0 0.417303 0.169218 0.0293779 0.0280657
0 0.992529 0.749972 0.014943 0.0335703
0 0.546579 0.563111 0.0288434 0.0269594
0 0.738997 0.587646 0.0245913 0.0234613
0 0.0318464 0.421753 0.0287912 0.0264795
0 0.618685 0.583393 0.0227089 0.0221945
0 0.857777 0.882689 0.0234334 0.0225397
0 0.863918 0.496053 0.0256138 0.0237937
0 0.994193 0.435161 0.0116142 0.0259093
0 0.734384 0.829794 0.0237218 0.0221759
0 0.836614 0.66956 0.0270508 0.0257223
0 0.930981 0.755853 0.0240232 0.0231214
0 0.418348 0.173484 0.0293099 0.0283067
0 0.260179 0.853104 0.0229561 0.0212922
0 0.527696 0.544525 0.0297791 0.0284038
0 0.135727 0.716229 0.0300783 0.0270224
0 0.231589 0.461433 0.0232569 0.0225642
0 0.0547084 0.402918 0.0283929 0.0261683
0 0.659638 0.677145 0.0224748 0.0216473
0 0.493316 0.994305 0.0314233 0.0113903
