0 0.85246 0.463582 0.269627 0.246122
0 0.580714 0.159528 0.0988776 0.0929883
0 0.218924 0.92068 0.0731746 0.0685331
0 0.605558 0.865982 0.0528702 0.0491576
0 0.518301 0.459444 0.0667823 0.0600025
0 0.298609 0.58506 0.0572631 0.0533435
0 0.768216 0.633446 0.061743 0.0578462
0 0.652311 0.247462 0.0512509 0.0485375
0 0.0712523 0.43928 0.0298473 0.0281485
0 0.028267 0.0139321 0.056534 0.0278642
0 0.129157 0.822276 0.0891516 0.0831883
0 0.502161 0.947579 0.0458159 0.0431604
0 0.44346 0.31254 0.0290058 0.0272735
0 0.789509 0.692531 0.0418013 0.0394156
0 0.614668 0.206263 0.0356808 0.034302
0 0.969887 0.478277 0.0571857 0.0547118
0 0.673851 0.745371 0.0567906 0.0535026
0 0.384957 0.774912 0.046226 0.04319
0 0.37684 0.03094 0.032068 0.0306678
0 0.441679 0.522625 0.0589577 0.0547217
0 0.339592 0.825004 0.0822076 0.0783944
0 0.755391 0.583599 0.0587466 0.0543074
0 0.797099 0.901791 0.0340664 0.0328708
0 0.629708 0.432821 0.0335777 0.03083
0 0.549495 0.529405 0.0525804 0.0490006
0 0.153722 0.275882 0.0506574 0.0472847
0 0.879494 0.846762 0.0318014 0.030234
0 0.684804 0.713975 0.0504426 0.0479631
0 0.577329 0.0419991 0.061423 0.0588204
0 0.986412 0.381372 0.0269837 0.0316887
0 0.0198284 0.0578937 0.0396206 0.04349
0 0.602435 0.799111 0.0412251 0.0381463
0 0.928155 0.815392 0.0389631 0.0369
0 0.290125 0.0690369 0.0323718 0.0303298
0 0.585655 0.272746 0.0353327 0.0335444
0 0.700758 0.0435263 0.028018 0.0268377
0 0.64573 0.132011 0.0277731 0.0269635
0 0.0440716 0.194952 0.0545272 0.052612
0 0.111397 0.900326 0.0474738 0.0445488
0 0.414574 0.741848 0.042066 0.0391415
0 0.0540052 0.35486 0.0246797 0.0238281
0 0.0499764 0.116681 0.0428308 0.0404833
0 0.204745 0.634389 0.036107 0.0340428
0 0.37024 0.987226 0.0309929 0.0254841
0 0.834769 0.80513 0.040891 0.0390959
0 0.494505 0.248244 0.028362 0.0274783
0 0.565231 0.403006 0.0456239 0.0421031
0 0.958415 0.579393 0.0828007 0.100433
0 0.285869 0.91672 0.0455391 0.0435554
0 0.327681 0.907978 0.040916 0.0396509
0 0.623114 0.836484 0.0395427 0.0373031
0 0.98482 0.784949 0.0302951 0.0416207
0 0.181833 0.0105488 0.0490472 0.0210796
0 0.235283 0.979193 0.069169 0.0415629
0 0.948172 0.226515 0.0540337 0.0527763
0 0.982793 0.919314 0.0331149 0.0317266
0 0.554945 0.936527 0.0378864 0.0362217
0 0.744264 0.0738249 0.0286029 0.0276868
0 0.571671 0.554707 0.0432961 0.0407204
0 0.952278 0.423909 0.0471264 0.0441825
0 0.811116 0.543869 0.0355468 0.0333896
0 0.55202 0.236935 0.0312312 0.0297953
0 0.503846 0.516227 0.0466454 0.0426906
0 0.673926 0.111277 0.0337024 0.0324788
0 0.809166 0.738217 0.0448616 0.0428371
0 0.728533 0.459162 0.0630861 0.0578864
0 0.582764 0.472673 0.0481527 0.0441796
0 0.881546 0.64773 0.0355134 0.0332591
0 0.33645 0.424466 0.0277774 0.026386
0 0.396036 0.842218 0.0275726 0.0262153
0 0.0823322 0.75165 0.0256135 0.0246136
0 0.0298387 0.084727 0.0346623 0.0327521
0 0.794148 0.800035 0.0404296 0.0373861
0 0.697019 0.818597 0.0296035 0.0285231
0 0.261966 0.79808 0.0435074 0.0409915
0 0.652412 0.340183 0.0492509 0.0473696
0 0.157312 0.556686 0.0247607 0.0236628
0 0.941832 0.3472 0.0436105 0.0414771
0 0.609601 0.587177 0.0501522 0.0459259
0 0.46015 0.451374 0.111195 0.100099
0 0.940699 0.585345 0.0428281 0.0403873
0 0.792868 0.842904 0.0678515 0.0629966
0 0.630759 0.506361 0.032429 0.0301855
0 0.298606 0.969509 0.0676444 0.0600683
0 0.535455 0.725437 0.0484276 0.0454093
0 0.117699 0.361179 0.235397 0.289419
0 0.939833 0.705276 0.0484026 0.0477915
0 0.747141 0.188583 0.0390069 0.0375095
0 0.367193 0.905042 0.0389218 0.0376902
0 0.112618 0.590579 0.0294868 0.0273957
0 0.624765 0.532061 0.0542561 0.0493677
0 0.420912 0.0331579 0.0243242 0.0232694
0 0.394175 0.104565 0.0975463 0.0940697
0 0.886345 0.752045 0.0361631 0.0355563
0 0.646305 0.184778 0.0306016 0.028944
0 0.618694 0.271094 0.0290792 0.0270809
0 0.00508639 0.266964 0.0101728 0.0400388
0 0.849618 0.530985 0.044894 0.0418468
0 0.688301 0.87842 0.0482316 0.0475094
0 0.322182 0.742987 0.0382662 0.0358149
0 0.582505 0.376347 0.0326407 0.0307119
0 0.230686 0.771825 0.0460255 0.0438644
0 0.829509 0.854347 0.024745 0.0231943
0 0.376015 0.928517 0.025128 0.0235586
0 0.203384 0.879092 0.0414005 0.0387854
0 0.777667 0.716562 0.0449753 0.0432732
0 0.691873 0.225789 0.0270541 0.0267424
0 0.477395 0.11562 0.0742205 0.0692666
0 0.9034 0.792662 0.0439747 0.041942
0 0.439977 0.674953 0.0549703 0.0504107
0 0.306235 0.110357 0.0635461 0.0594127
0 0.594986 0.315429 0.0271308 0.0258048
0 0.0390103 0.899725 0.0444962 0.0420508
0 0.304244 0.774795 0.0298254 0.0282581
0 0.721316 0.394711 0.0326078 0.0311549
0 0.445748 0.621166 0.0369805 0.0342937
0 0.379046 0.0679696 0.0264756 0.0253682
0 0.784769 0.179523 0.033222 0.0326868
0 0.738553 0.910854 0.0728943 0.0698977
0 0.491695 0.775619 0.0321549 0.0303886
0 0.191188 0.746527 0.0555472 0.05215
0 0.212153 0.711189 0.0283328 0.02805
0 0.0226052 0.80746 0.0348586 0.0321178
0 0.0596659 0.0625426 0.033975 0.0324444
0 0.888389 0.885962 0.0420694 0.0396564
0 0.709458 0.0965574 0.0276735 0.0268467
0 0.109777 0.770244 0.0382648 0.0357361
0 0.691587 0.52439 0.0294431 0.027836
0 0.69605 0.265618 0.0301164 0.0292027
0 0.681078 0.452868 0.0340436 0.0321012
0 0.664735 0.546737 0.0327544 0.030534
0 0.106353 0.824914 0.0611405 0.0554569
0 0.585778 0.336767 0.0277973 0.0258659
0 0.162842 0.445912 0.0510561 0.0484474
0 0.927983 0.297783 0.0399284 0.0380018
0 0.161563 0.89515 0.0398945 0.0376791
0 0.798846 0.269315 0.0591955 0.0554381
0 0.959947 0.255334 0.0356846 0.0342168
0 0.980116 0.662692 0.0397676 0.0897024
0 0.918417 0.767736 0.0269262 0.0258002
0 0.674689 0.681781 0.0244737 0.023987
0 0.705447 0.317879 0.0262752 0.025016
0 0.183023 0.712541 0.0282438 0.026721
0 0.773938 0.0156948 0.0609997 0.0313895
0 0.493039 0.986056 0.0278023 0.0253307
0 0.57536 0.246762 0.0248182 0.0239009
0 0.569405 0.435633 0.025256 0.0234683
0 0.102029 0.655135 0.0615117 0.057411
0 0.307171 0.816004 0.0526493 0.0504062
0 0.894241 0.552439 0.0377781 0.0350005
0 0.253714 0.00483024 0.0245906 0.00961993
0 0.515439 0.628231 0.0382871 0.035217
0 0.234016 0.735992 0.0302352 0.0289919
0 0.734338 0.822581 0.0258253 0.0244881
0 0.526898 0.389114 0.0367867 0.0355368
0 0.575921 0.770631 0.0237891 0.0229297
0 0.146375 0.422416 0.0323942 0.0302954
0 0.251858 0.0831536 0.195132 0.1656
0 0.826466 0.617741 0.101628 0.0982671
0 0.307858 0.984406 0.0876256 0.0310238
0 0.968425 0.721138 0.0557635 0.0520954
0 0.442425 0.649934 0.0397091 0.037923
0 0.426335 0.707688 0.0306042 0.0293775
0 0.0107799 0.675863 0.0215597 0.0308282
0 0.427656 0.872139 0.043482 0.0403807
0 0.789657 0.108264 0.0429599 0.0419173
0 0.472486 0.551635 0.049554 0.0461004
0 0.607724 0.969777 0.0619204 0.0578917
0 0.233688 0.498985 0.0279198 0.0264543
0 0.587246 0.507019 0.0339565 0.03109
0 0.366071 0.867015 0.0297472 0.0282798
