0 0.641228 0.738337 0.039607 0.0336585
0 0.151085 0.274678 0.0382808 0.0318695
0 0.518432 0.483981 0.238679 0.187144
0 0.542528 0.771797 0.110301 0.0920044
0 0.519512 0.442421 0.051153 0.0427153
0 0.267259 0.377065 0.0414345 0.0344481
0 0.24611 0.850063 0.0484732 0.0421549
0 0.390152 0.441974 0.0461824 0.0384946
0 0.320138 0.909236 0.0378919 0.0342949
0 0.950542 0.239566 0.0913928 0.0761271
0 0.436135 0.377592 0.080164 0.0682615
0 0.0747006 0.0378139 0.0363534 0.0306156
0 0.768799 0.364092 0.0282813 0.0237448
0 0.0898381 0.967404 0.0811469 0.0651406
0 0.344259 0.150981 0.0551182 0.0455406
0 0.215871 0.135004 0.034565 0.0284776
0 0.75763 0.794402 0.193989 0.15283
0 0.785312 0.56847 0.274215 0.220086
0 0.618191 0.734599 0.140837 0.119337
0 0.448397 0.187309 0.216254 0.183768
0 0.323552 0.59353 0.0298406 0.0256989
0 0.215855 0.304864 0.0492483 0.0408526
0 0.094058 0.920442 0.0307344 0.0270845
0 0.61309 0.680906 0.0296504 0.0257105
0 0.571278 0.356583 0.108579 0.0898452
0 0.637767 0.515763 0.0299076 0.0255728
0 0.554344 0.517458 0.0277297 0.0231392
0 0.509409 0.562021 0.0294795 0.0243556
0 0.684714 0.862851 0.0324526 0.0277704
0 0.227218 0.918785 0.0319579 0.0282888
0 0.752769 0.3217 0.375264 0.281224
0 0.231417 0.878502 0.0324965 0.0279425
0 0.170584 0.72608 0.0498154 0.0441997
0 0.517598 0.292354 0.08174 0.06945
0 0.0405627 0.408788 0.0285147 0.0250494
0 0.173664 0.445734 0.0424226 0.0346093
0 0.147192 0.193196 0.0313528 0.0259163
0 0.177295 0.0842714 0.0276546 0.0233592
0 0.106411 0.255152 0.212821 0.238049
0 0.0066152 0.988638 0.0132304 0.0218978
0 0.957807 0.625276 0.0384507 0.0314713
0 0.880243 0.848929 0.0299762 0.0236661
0 0.546922 0.862881 0.0312643 0.0272291
0 0.569225 0.249066 0.0880491 0.0694452
0 0.840438 0.0865561 0.0249527 0.0216958
0 0.608787 0.312899 0.0833055 0.0674208
0 0.934527 0.328752 0.0428801 0.0333846
0 0.931874 0.955557 0.0580528 0.0468737
0 0.151956 0.92633 0.0718469 0.0614088
0 0.612366 0.407866 0.0346642 0.0282452
0 0.601124 0.443953 0.0342941 0.029004
0 0.0997188 0.828818 0.0423267 0.0379238
0 0.232755 0.97397 0.0549758 0.0466204
