0 0.338118 0.728335 0.423699 0.299161
0 0.800811 0.305725 0.0684959 0.0502768
0 0.130393 0.399873 0.0644206 0.0492172
0 0.170923 0.831098 0.0902399 0.0707784
0 0.819342 0.120966 0.201474 0.153494
0 0.636055 0.826711 0.0767955 0.0577912
0 0.112539 0.260873 0.0574971 0.0431746
0 0.810046 0.520961 0.0802805 0.0613533
0 0.688275 0.733656 0.0751085 0.0553453
0 0.0229983 0.61055 0.0459965 0.0575998
0 0.230016 0.51604 0.100451 0.0766216
0 0.0350443 0.217507 0.0621837 0.0489934
0 0.747458 0.565489 0.0478325 0.0349541
0 0.81626 0.561594 0.0512347 0.0381854
0 0.655828 0.460527 0.0511589 0.0383518
0 0.914954 0.401738 0.170092 0.171286
0 0.799591 0.341638 0.039747 0.03012
0 0.543153 0.926413 0.0534256 0.0413769
0 0.378626 0.17995 0.040553 0.0309378
0 0.907071 0.400623 0.0477457 0.0347202
0 0.626386 0.792458 0.0477037 0.0370972
0 0.840999 0.629005 0.0397804 0.0300403
0 0.591843 0.680453 0.0729218 0.0554029
0 0.207254 0.0320728 0.130561 0.0640959
0 0.874536 0.616679 0.0347422 0.0261157
0 0.771337 0.772025 0.0320172 0.0242636
0 0.551628 0.962897 0.0435026 0.0332925
0 0.0132885 0.545556 0.026577 0.0613985
0 0.192107 0.0514396 0.0576723 0.0437042
0 0.822494 0.994924 0.0536913 0.0101517
0 0.0413609 0.381524 0.0297076 0.0233485
0 0.603966 0.628968 0.0336213 0.0240378
0 0.984417 0.300222 0.0310987 0.0314051
0 0.248349 0.110963 0.0384753 0.0288971
0 0.083172 0.097854 0.166344 0.195646
0 0.879258 0.844531 0.0411707 0.0311742
0 0.42036 0.295025 0.0328111 0.0252023
0 0.727691 0.882734 0.0331595 0.024177
0 0.770279 0.930789 0.459442 0.136966
0 0.300746 0.135036 0.0307682 0.0232911
0 0.759075 0.63246 0.0333507 0.0249079
0 0.752962 0.510625 0.0394304 0.0298379
0 0.189875 0.00419933 0.0486928 0.0083571
0 0.230564 0.251185 0.206123 0.160662
0 0.621517 0.701988 0.0546222 0.0401764
0 0.524204 0.863648 0.0904773 0.070456
0 0.933648 0.293818 0.0412277 0.0301638
0 0.442651 0.97959 0.0298004 0.0227583
0 0.976435 0.616697 0.0471302 0.153347
0 0.346936 0.535771 0.0314511 0.0253154
0 0.050475 0.710942 0.0286035 0.022823
0 0.208566 0.422548 0.0286981 0.0222147
0 0.477347 0.51269 0.165075 0.128739
0 0.675138 0.683712 0.0300093 0.0223906
0 0.8631 0.932203 0.2738 0.135594
0 0.599244 0.741516 0.0624811 0.0475167
