0 0.0852784 0.71589 0.125196 0.097536
0 0.486061 0.607025 0.071377 0.0526077
0 0.235715 0.653264 0.0811766 0.0608108
0 0.896534 0.173926 0.202055 0.158799
0 0.906102 0.888554 0.0383329 0.0279815
0 0.74913 0.104436 0.213353 0.173786
0 0.386725 0.947891 0.0436476 0.0330728
0 0.616177 0.493213 0.0388532 0.0293476
0 0.195056 0.677261 0.077318 0.0610711
0 0.364473 0.357073 0.0366905 0.0273265
0 0.447147 0.6812 0.033468 0.0261812
0 0.565331 0.495755 0.0417368 0.0304807
0 0.244984 0.302735 0.0340403 0.0266597
0 0.523869 0.935928 0.0307584 0.0234254
0 0.561077 0.0577211 0.154196 0.115442
0 0.0135343 0.00800253 0.0270685 0.0160051
0 0.0220931 0.446167 0.0302464 0.0223063
0 0.93512 0.0712906 0.129156 0.142073
0 0.148234 0.644294 0.0515085 0.0399895
0 0.33542 0.331708 0.0280704 0.0218136
0 0.00766075 0.0906234 0.0153215 0.0390915
0 0.339168 0.96028 0.0358154 0.0284977
0 0.309422 0.0490927 0.0542857 0.0418905
0 0.282305 0.743464 0.0281413 0.0223413
0 0.434472 0.338023 0.0261171 0.0204723
0 0.446281 0.0960274 0.125252 0.101224
0 0.565849 0.04045 0.0279794 0.0233117
0 0.805874 0.0290027 0.0494046 0.0414504
0 0.0445223 0.00656148 0.0482011 0.0131069
