0 0.181035 0.164956 0.0817236 0.0621488
0 0.928703 0.157154 0.142593 0.120495
0 0.106116 0.372108 0.058879 0.0432819
0 0.307184 0.194384 0.186975 0.145134
0 0.634831 0.220193 0.252433 0.188282
0 0.232685 0.121332 0.057371 0.0439883
0 0.602403 0.0702097 0.04619 0.0347166
0 0.117675 0.896774 0.0441431 0.032215
0 0.790357 0.693429 0.0386985 0.0287213
0 0.494808 0.184628 0.176152 0.134073
0 0.706837 0.472952 0.272565 0.209911
0 0.62181 0.888585 0.0302986 0.023398
0 0.874854 0.399464 0.0363784 0.027531
0 0.0579734 0.234516 0.115947 0.127594
0 0.143182 0.678269 0.0314381 0.024135
0 0.24979 0.634328 0.0326828 0.0244155
0 0.0418954 0.152736 0.0581348 0.0448641
0 0.262863 0.51633 0.182181 0.131243
0 0.418523 0.14298 0.0986612 0.0793636
0 0.872147 0.891787 0.0342669 0.0262734
0 0.109987 0.787836 0.0323595 0.0237186
0 0.780271 0.0062704 0.042028 0.012516
0 0.569673 0.036798 0.0492006 0.0387905
0 0.847272 0.23884 0.028834 0.0225239
0 0.394323 0.884522 0.163661 0.123509
0 0.833792 0.425114 0.0309197 0.0230541
0 0.208222 0.433586 0.0377413 0.0306704
0 0.240508 0.762254 0.165469 0.126449
0 0.216376 0.453228 0.033851 0.0256773
0 0.852197 0.823833 0.0324661 0.0250382
0 0.908987 0.716511 0.107805 0.0808506
0 0.625565 0.525826 0.0346646 0.0264063
0 0.908852 0.0875907 0.0310416 0.0234248
0 0.965353 0.836861 0.0692944 0.107981
0 0.0689608 0.433579 0.0497005 0.0380267
0 0.560809 0.413095 0.126703 0.0979322
0 0.454499 0.9612 0.0309963 0.0236251
0 0.876123 0.98999 0.0314277 0.0200207
0 0.275834 0.932576 0.16284 0.125711
0 0.113122 0.300442 0.0288998 0.0221916
0 0.797009 0.836374 0.0322508 0.0240135
0 0.934685 0.863491 0.0284163 0.0217941
0 0.713358 0.0487437 0.0428073 0.0352675
0 0.0199927 0.181185 0.0395884 0.0311608
0 0.180242 0.733287 0.0284876 0.0223558
