0 0.524107 0.517976 0.152316 0.135081
0 0.11845 0.13184 0.093759 0.0855059
0 0.713154 0.416704 0.0701383 0.064087
0 0.02588 0.908696 0.051688 0.0591015
0 0.775317 0.133496 0.0452024 0.042038
0 0.780672 0.175635 0.047507 0.0444139
0 0.720634 0.832974 0.558733 0.331603
0 0.307884 0.0850435 0.0766953 0.0710245
0 0.0839632 0.459962 0.167477 0.226252
0 0.937885 0.621855 0.0336954 0.0303862
0 0.672091 0.326905 0.0342016 0.0313451
0 0.445122 0.0446429 0.026097 0.0248114
0 0.235926 0.0343911 0.0266399 0.0252349
0 0.332805 0.291328 0.0275468 0.0252957
0 0.122822 0.0528096 0.030439 0.027991
0 0.957745 0.173315 0.0307272 0.0281047
0 0.761994 0.0482049 0.0429197 0.0400917
0 0.62165 0.0977815 0.0245644 0.0236168
0 0.990777 0.881607 0.0182716 0.0474777
0 0.890881 0.569966 0.0257135 0.0240281
0 0.723563 0.0551982 0.0271418 0.0254306
0 0.917347 0.0210898 0.0272374 0.0257054
0 0.159003 0.434107 0.0249803 0.023661
0 0.971018 0.339366 0.0247212 0.0228615
0 0.288653 0.991613 0.0688959 0.0167741
0 0.72617 0.484107 0.0631957 0.0570555
0 0.324223 0.0537845 0.0596642 0.0562134
0 0.367698 0.529426 0.100012 0.0900014
0 0.415261 0.248245 0.0245488 0.0229127
0 0.980431 0.52422 0.0311449 0.027332
0 0.127192 0.207474 0.248067 0.226698
0 0.0950935 0.43049 0.0441554 0.0409763
0 0.268357 0.629048 0.0520256 0.0465849
0 0.240277 0.576285 0.0253424 0.0245306
0 0.435839 0.693313 0.0244585 0.0223391
0 0.653432 0.523033 0.039628 0.0359386
