0 0.316481 0.144997 0.419691 0.288746
0 0.853442 0.56861 0.0332878 0.0321741
0 0.276479 0.388849 0.0315483 0.0304661
0 0.305624 0.409932 0.0309387 0.0302052
0 0.701775 0.294745 0.0261688 0.0251657
0 0.692586 0.802464 0.0253286 0.0246603
0 0.279083 0.4261 0.0251106 0.0243237
0 0.843465 0.772929 0.0245154 0.0237347
0 0.108324 0.649333 0.024542 0.02353
0 0.699324 0.0865132 0.0235 0.023021
0 0.499397 0.227915 0.0254648 0.024655
0 0.5096 0.198404 0.0233675 0.0227135
0 0.990708 0.821181 0.0185843 0.174304
