0 0.656991 0.526701 0.292672 0.286666
0 0.418744 0.237241 0.238481 0.242616
0 0.855848 0.701007 0.288304 0.292111
0 0.932176 0.66098 0.0584869 0.0558936
0 0.0525146 0.242997 0.0480378 0.0471051
0 0.0998074 0.863413 0.0360449 0.0355272
0 0.408254 0.836397 0.0417897 0.0402999
0 0.651634 0.0730254 0.0390596 0.0382355
0 0.749231 0.41172 0.0387945 0.0386635
0 0.118205 0.646484 0.0482982 0.0473212
0 0.239134 0.667287 0.0350037 0.0344926
0 0.799082 0.46169 0.027641 0.0271963
0 0.77563 0.205402 0.0501145 0.0485058
0 0.130036 0.570199 0.0338155 0.0332349
0 0.249213 0.059157 0.047304 0.0457957
0 0.523209 0.0548104 0.0279655 0.0282359
0 0.656627 0.396785 0.0290975 0.0289054
0 0.262155 0.611515 0.0389349 0.0385284
0 0.94494 0.981825 0.0355208 0.0337636
0 0.836253 0.0208832 0.0341206 0.0331905
0 0.706207 0.959841 0.0326312 0.0319087
0 0.149743 0.211663 0.0312762 0.0302717
0 0.298641 0.0139817 0.0548403 0.0278917
0 0.0420152 0.137173 0.0287683 0.0278545
0 0.710801 0.933822 0.0316456 0.0303164
0 0.0509607 0.924312 0.101546 0.151377
0 0.0896935 0.296697 0.0299378 0.0292613
0 0.121012 0.249414 0.0529767 0.0502113
0 0.933177 0.076028 0.0241289 0.0237837
0 0.0623971 0.549118 0.0759902 0.0769999
0 0.0243889 0.264705 0.035252 0.0348863
0 0.0982172 0.467631 0.0296293 0.0297138
0 0.110165 0.428271 0.0372038 0.0365266
0 0.05246 0.0538385 0.0299445 0.029284
0 0.748083 0.809202 0.0258679 0.0246075
0 0.0862068 0.484113 0.0392968 0.0386229
0 0.273189 0.524058 0.0247369 0.0244906
0 0.6187 0.0725261 0.023369 0.0228505
0 0.576599 0.802036 0.37124 0.346053
0 0.162215 0.367125 0.0301729 0.0293528
0 0.160721 0.648745 0.0493273 0.0479071
0 0.962639 0.992958 0.0248404 0.0140834
0 0.665488 0.746283 0.0526445 0.0500276
0 0.0741528 0.325359 0.0322898 0.0315343
0 0.53687 0.917675 0.0413306 0.0399088
0 0.0662882 0.210324 0.0242256 0.0238904
0 0.981964 0.372093 0.0238609 0.0237343
0 0.275272 0.975956 0.116174 0.0480889
0 0.779404 0.0168936 0.0389606 0.0335419
0 0.0896939 0.511855 0.0386022 0.0384971
0 0.396703 0.44889 0.0250031 0.0245209
0 0.261328 0.654128 0.025002 0.0245681
0 0.294837 0.87437 0.0498515 0.0485039
0 0.266976 0.5727 0.0230318 0.0225365
0 0.622062 0.177043 0.399602 0.350748
