0 0.0778152 0.112054 0.153599 0.121003
0 0.700987 0.441475 0.0897811 0.0667513
0 0.0560252 0.959473 0.0459398 0.0343183
0 0.971064 0.971865 0.0575056 0.0549841
0 0.60918 0.382271 0.046498 0.034475
0 0.171991 0.491652 0.0620443 0.0472875
0 0.722553 0.0109673 0.0770066 0.0218185
0 0.639864 0.538246 0.0344978 0.0260367
0 0.86203 0.852228 0.0399133 0.0312228
0 0.977166 0.0988141 0.0455777 0.0460342
0 0.982416 0.638758 0.034637 0.0275202
0 0.418048 0.263785 0.0402658 0.0292298
0 0.286592 0.67981 0.0306772 0.0241145
0 0.587796 0.42661 0.111125 0.0849115
0 0.847785 0.498539 0.0384259 0.0296097
0 0.200714 0.124158 0.0732317 0.0559776
0 0.134092 0.345221 0.0364856 0.0283304
0 0.64697 0.197665 0.032449 0.0248267
0 0.943679 0.197504 0.107433 0.0789365
0 0.223554 0.0614352 0.0447779 0.0353257
0 0.65692 0.2571 0.0302556 0.022908
0 0.310511 0.330647 0.120144 0.0890159
0 0.796891 0.0266398 0.0299653 0.023129
0 0.0365257 0.414925 0.0343387 0.0251262
0 0.839384 0.394428 0.167921 0.122303
0 0.950893 0.763938 0.0982137 0.0877657
0 0.885548 0.266051 0.0300617 0.0225938
0 0.696108 0.0552936 0.0436299 0.0328335
0 0.0453872 0.926859 0.036834 0.0286179
0 0.829963 0.936115 0.1078 0.0850139
0 0.164063 0.215706 0.0387527 0.0300163
0 0.153856 0.241352 0.0482674 0.0361372
0 0.807005 0.668753 0.0704747 0.0533824
0 0.685953 0.329711 0.221061 0.160762
0 0.925979 0.0365249 0.0538737 0.037163
0 0.0117514 0.0611707 0.0234975 0.0358557
0 0.631541 0.470726 0.0283611 0.0221034
0 0.37475 0.10319 0.12363 0.0898409
0 0.818902 0.648836 0.0400524 0.0312839
