0 0.415648 0.323717 0.0560643 0.0551802
0 0.584727 0.0231769 0.048507 0.0460289
0 0.803945 0.547117 0.049556 0.0476222
0 0.809029 0.173286 0.0452781 0.0440962
0 0.565707 0.694104 0.0408333 0.0401328
0 0.542345 0.444095 0.047657 0.0461372
0 0.738375 0.751625 0.0343697 0.0336187
0 0.680706 0.768822 0.0312498 0.0305023
0 0.905624 0.507646 0.0326342 0.0319674
0 0.469121 0.927713 0.0309354 0.0304189
0 0.212312 0.0983412 0.0343345 0.0335495
0 0.124728 0.00878619 0.0419861 0.0175346
0 0.125943 0.412205 0.031034 0.0304786
0 0.279565 0.257505 0.0274956 0.0270283
0 0.818293 0.105597 0.0283324 0.0276318
0 0.016272 0.0276907 0.0283172 0.0269945
0 0.292743 0.205882 0.0416284 0.040682
0 0.701171 0.690755 0.0257716 0.0251088
0 0.916082 0.640642 0.0304533 0.0299196
0 0.78504 0.311719 0.0303014 0.0299697
0 0.242004 0.693584 0.0290443 0.0285316
0 0.481073 0.44041 0.0271357 0.0267178
0 0.369004 0.467126 0.026914 0.0263425
0 0.965078 0.0700253 0.0272701 0.0271824
0 0.802402 0.242471 0.0248208 0.0243848
0 0.0096509 0.179529 0.0192336 0.0267131
0 0.926615 0.489332 0.0282788 0.0275395
0 0.232153 0.311795 0.0255908 0.0248401
0 0.707586 0.868735 0.0245173 0.0239108
0 0.905815 0.709223 0.0245471 0.0240207
0 0.98905 0.557926 0.0217757 0.0470543
0 0.773536 0.0208801 0.0247113 0.0240546
0 0.829455 0.489039 0.0281511 0.0273539
0 0.809218 0.30077 0.0259837 0.0256498
0 0.83839 0.0214892 0.0259787 0.0253367
0 0.700084 0.536505 0.0253251 0.0252183
0 0.181802 0.297156 0.0328883 0.0322397
0 0.709934 0.326326 0.0244195 0.0238132
0 0.720058 0.554184 0.0273724 0.0269883
0 0.701632 0.786152 0.0278352 0.0273147
0 0.99549 0.0362405 0.00902004 0.0366714
0 0.603127 0.0917656 0.0249987 0.0242967
0 0.442593 0.0232166 0.0530614 0.0462859
0 0.757922 0.114395 0.028115 0.027527
0 0.468549 0.537688 0.026762 0.0261955
0 0.524377 0.26932 0.024498 0.0238677
0 0.448979 0.420741 0.0236468 0.0234219
0 0.358063 0.213881 0.0242097 0.023413
0 0.676532 0.123568 0.0270207 0.0264708
0 0.452524 0.068012 0.0245462 0.0240484
0 0.0254608 0.0729385 0.0230743 0.0222601
0 0.123516 0.0416759 0.0437671 0.0423596
0 0.883076 0.527709 0.0255927 0.0251204
0 0.753925 0.0759714 0.0404634 0.0391493
0 0.989058 0.0900274 0.0214763 0.0225085
0 0.540612 0.032547 0.0246332 0.0242729
0 0.200987 0.31485 0.0281555 0.0280399
0 0.723062 0.117074 0.03326 0.0321441
0 0.995278 0.807146 0.00944347 0.0250026
0 0.0971888 0.503456 0.0236132 0.0231382
0 0.923999 0.0060994 0.0222507 0.0121988
0 0.8403 0.374496 0.0226235 0.0224547
0 0.0601714 0.342554 0.0272934 0.0270687
0 0.736422 0.705453 0.0265188 0.0256929
0 0.861075 0.467339 0.0228457 0.0229559
0 0.583472 0.862676 0.0238497 0.0232663
0 0.611528 0.367582 0.027261 0.0266201
0 0.679206 0.378909 0.0257008 0.0249499
0 0.33752 0.0583676 0.0228633 0.0226206
0 0.937288 0.554466 0.0267241 0.0256226
0 0.886405 0.110875 0.0227391 0.0227897
0 0.360433 0.156052 0.0237693 0.0237845
0 0.480859 0.145599 0.0298903 0.0291857
