0 0.595293 0.584828 0.128256 0.126744
0 0.147956 0.621989 0.190261 0.180639
0 0.170194 0.917759 0.0665541 0.0640023
0 0.792227 0.355684 0.0520189 0.0501945
0 0.480547 0.122518 0.0598598 0.057294
0 0.331674 0.236071 0.0451241 0.0448094
0 0.286933 0.730072 0.0372016 0.0363035
0 0.967806 0.232067 0.064288 0.0695524
0 0.428819 0.179829 0.0424922 0.0417098
0 0.563747 0.225116 0.0493484 0.0465209
0 0.603244 0.242157 0.0381396 0.0359681
0 0.239599 0.0471764 0.0339071 0.0326064
0 0.204044 0.811823 0.0275814 0.0267836
0 0.568168 0.990214 0.0446255 0.0195717
0 0.158602 0.45234 0.0254911 0.0250354
0 0.412581 0.00973422 0.0478826 0.0193785
0 0.668871 0.402458 0.0544417 0.0517323
0 0.047674 0.835211 0.0294129 0.0284119
0 0.819993 0.943245 0.0387608 0.0369832
0 0.357891 0.0426727 0.0348445 0.0326992
0 0.747923 0.404485 0.0589326 0.0574183
0 0.290014 0.982882 0.113609 0.0342349
0 0.345856 0.909678 0.0261673 0.0256707
0 0.873263 0.545909 0.253474 0.545392
0 0.75109 0.0715315 0.0283163 0.0273421
0 0.564553 0.329816 0.0295782 0.0282412
0 0.921446 0.218381 0.0262367 0.0257545
0 0.694924 0.925143 0.0318922 0.0307941
0 0.526823 0.12312 0.0276473 0.0263685
0 0.579701 0.0305606 0.0248594 0.0241296
0 0.826793 0.166258 0.0251615 0.0242674
0 0.266993 0.31069 0.0245635 0.0240121
0 0.283867 0.86992 0.0236682 0.0228345
0 0.653132 0.297195 0.0658963 0.0614575
0 0.754412 0.272448 0.04159 0.0395947
0 0.895469 0.972566 0.0546355 0.0519607
0 0.0111223 0.629429 0.0222445 0.0292028
0 0.903501 0.906852 0.027226 0.025985
0 0.315173 0.0105144 0.0264555 0.0209797
0 0.0857395 0.538858 0.0254575 0.0243948
0 0.626395 0.183938 0.0591242 0.0577547
0 0.722633 0.368 0.0252545 0.024228
0 0.570574 0.359988 0.0355852 0.034084
0 0.994929 0.0696262 0.0101416 0.0293209
0 0.598278 0.293077 0.0277448 0.0263635
0 0.557698 0.11756 0.0574205 0.0555802
0 0.981239 0.0430957 0.0242947 0.0234929
0 0.0817369 0.149102 0.108812 0.107284
0 0.679135 0.912463 0.0288994 0.0281732
0 0.683556 0.396723 0.0257034 0.0249325
0 0.501576 0.202774 0.025109 0.0239595
0 0.779001 0.0491028 0.0288479 0.0278651
0 0.157409 0.758482 0.0225765 0.0219517
0 0.415145 0.220401 0.0235991 0.0225318
0 0.696604 0.048679 0.0560381 0.0549258
0 0.360861 0.804979 0.0219806 0.0213222
0 0.650843 0.729865 0.0230072 0.0227828
0 0.990722 0.523286 0.0185555 0.0225983
0 0.768263 0.469309 0.0619853 0.0622673
0 0.829213 0.868866 0.0578277 0.0554646
0 0.607818 0.674901 0.0286955 0.0280194
0 0.913333 0.119051 0.173334 0.238101
0 0.488114 0.0644817 0.0257679 0.0245035
