0 0.74579 0.253182 0.0455225 0.0437517
0 0.11508 0.482208 0.0391914 0.0376077
0 0.616417 0.388487 0.0359465 0.0352905
0 0.970079 0.555981 0.0263453 0.0251458
0 0.537597 0.866504 0.0307626 0.0295255
0 0.845155 0.884223 0.0241965 0.0235986
0 0.800807 0.367133 0.0254347 0.0243552
0 0.00616359 0.344879 0.0123272 0.0394498
0 0.865931 0.33781 0.0241618 0.0231428
0 0.902203 0.818133 0.0268257 0.0264318
0 0.231229 0.893937 0.0245023 0.0242063
0 0.229198 0.713363 0.0240862 0.0234055
0 0.664217 0.991929 0.0231323 0.0161421
0 0.552678 0.242139 0.0231674 0.0226169
0 0.909229 0.835734 0.021561 0.0211022
0 0.594616 0.920411 0.022609 0.0219421
0 0.827415 0.717642 0.023399 0.0228714
0 0.302034 0.0250425 0.02275 0.0221221
0 0.287499 0.84994 0.0251147 0.0245394
0 0.556691 0.883136 0.0225101 0.021838
