0 0.81845 0.747863 0.141431 0.139568
0 0.439264 0.732079 0.226519 0.223507
0 0.936785 0.162362 0.124366 0.126174
0 0.915748 0.486975 0.168505 0.242336
0 0.559119 0.305797 0.0443827 0.0434128
0 0.203926 0.985559 0.0302604 0.0284082
0 0.731792 0.698373 0.0333812 0.0324922
0 0.712912 0.153746 0.0272703 0.0272051
0 0.939318 0.0794785 0.121365 0.158957
0 0.673587 0.594979 0.0267334 0.0261977
0 0.673873 0.742349 0.0402498 0.0391266
0 0.71081 0.00742158 0.0503018 0.0147491
0 0.619894 0.934344 0.0717076 0.0691781
0 0.242167 0.485281 0.0607077 0.0573476
0 0.151446 0.789635 0.302893 0.324559
0 0.516182 0.97828 0.0271559 0.0259929
0 0.745909 0.90948 0.191963 0.180491
0 0.536959 0.845795 0.102841 0.0995979
0 0.271545 0.0449323 0.0409153 0.0394466
0 0.885925 0.218981 0.0539188 0.0515114
0 0.644255 0.254808 0.0237128 0.0235496
0 0.0491907 0.00642633 0.0474579 0.0128476
0 0.831419 0.985637 0.0255616 0.0248965
0 0.619212 0.837209 0.0654211 0.0635681
0 0.524234 0.443 0.110847 0.108339
0 0.587768 0.46345 0.229161 0.227064
0 0.211664 0.753405 0.022927 0.0227263
0 0.025628 0.594711 0.0319858 0.0319644
0 0.784816 0.924333 0.110107 0.10763
0 0.860002 0.292842 0.279496 0.357627
