0 0.562905 0.740066 0.25781 0.230163
0 0.497134 0.487384 0.0376442 0.035597
0 0.36941 0.559192 0.0386516 0.0367813
0 0.210479 0.567368 0.0352818 0.0329035
0 0.0847668 0.205286 0.0294029 0.0280419
0 0.645569 0.189585 0.0321948 0.0301082
0 0.790509 0.693061 0.038243 0.0366116
0 0.134157 0.16881 0.0260258 0.0250303
0 0.355418 0.888194 0.0284953 0.0269358
0 0.374876 0.738959 0.0256938 0.0244725
0 0.235101 0.0119677 0.0449781 0.0238748
0 0.867909 0.141283 0.0296431 0.026388
0 0.378521 0.704123 0.024786 0.0235643
0 0.556759 0.417013 0.0257163 0.0245911
0 0.257018 0.0899893 0.0242282 0.0235161
0 0.49491 0.167399 0.0269714 0.0252934
0 0.878067 0.0548467 0.0374022 0.0340333
0 0.86031 0.696915 0.0235292 0.0233867
0 0.434002 0.39049 0.0516226 0.0483763
0 0.993605 0.119748 0.0127907 0.0328625
0 0.775542 0.910881 0.0244269 0.0234389
0 0.230814 0.843532 0.0234454 0.0223579
0 0.702627 0.756835 0.0237166 0.0229101
0 0.383622 0.439326 0.023615 0.0226625
0 0.672887 0.261668 0.0241191 0.0228096
0 0.975448 0.042908 0.023266 0.0216512
0 0.432822 0.426385 0.0237143 0.0229022
0 0.935571 0.542137 0.128858 0.285027
0 0.773632 0.883765 0.18223 0.17355
0 0.38661 0.894873 0.039977 0.0376613
0 0.298873 0.251624 0.0227212 0.0217957
0 0.409327 0.325981 0.0305598 0.0285009
0 0.907761 0.859632 0.0925865 0.088633
