0 0.493321 0.736605 0.318431 0.30916
0 0.055502 0.702216 0.0730903 0.0710282
0 0.158469 0.978547 0.0367007 0.0366523
0 0.0169188 0.474246 0.0338376 0.0468545
0 0.824032 0.485536 0.0486193 0.0466454
0 0.913082 0.256268 0.137547 0.129403
0 0.195934 0.824633 0.0481881 0.0477347
0 0.183004 0.249388 0.0356405 0.0350171
0 0.945405 0.938145 0.0289312 0.0284868
0 0.445655 0.405952 0.0354912 0.0340153
0 0.295457 0.310625 0.0325874 0.0314909
0 0.33799 0.41228 0.0320364 0.0311147
0 0.597674 0.528468 0.07751 0.0746217
0 0.752875 0.0192819 0.0701275 0.0384522
0 0.911513 0.0696139 0.0847044 0.080703
0 0.797597 0.131836 0.0829373 0.0792482
0 0.254005 0.451404 0.0309385 0.0300304
0 0.371178 0.326231 0.0302615 0.0292052
0 0.734738 0.983654 0.0277001 0.0272826
0 0.186108 0.51821 0.0248591 0.023853
0 0.73128 0.233169 0.0267297 0.02597
0 0.785331 0.242989 0.0810904 0.0782004
0 0.298057 0.0800828 0.0262016 0.0246381
0 0.146454 0.766228 0.192634 0.194535
0 0.103626 0.20208 0.0241724 0.0238467
0 0.311062 0.863263 0.0282687 0.0275292
0 0.867904 0.497005 0.024164 0.0238143
0 0.0711189 0.985857 0.0244722 0.0239542
0 0.164378 0.140607 0.0375737 0.0367222
0 0.567063 0.984869 0.0610747 0.0302616
0 0.869703 0.655704 0.0272808 0.0267916
0 0.103541 0.0420387 0.151647 0.0840081
0 0.0874414 0.376647 0.174824 0.270794
0 0.243398 0.208796 0.0395252 0.0390764
