0 0.496623 0.858746 0.0638846 0.0631373
0 0.115274 0.310439 0.228864 0.228194
0 0.781552 0.0305934 0.0639624 0.0609123
0 0.736359 0.0947933 0.0624434 0.061813
0 0.188445 0.966167 0.0657283 0.063519
0 0.0517182 0.822477 0.0524529 0.0509126
0 0.400959 0.736228 0.0369687 0.0361376
0 0.5802 0.208542 0.0525513 0.0518076
0 0.591042 0.0649911 0.0475039 0.0464042
0 0.445413 0.665285 0.049811 0.048981
0 0.168516 0.875196 0.0435179 0.0428605
0 0.0892424 0.45758 0.0426223 0.0412551
0 0.153779 0.920971 0.0546578 0.0533131
0 0.963647 0.544322 0.0414609 0.0404875
0 0.389057 0.945067 0.0414434 0.0407116
0 0.380182 0.585246 0.0265632 0.0264409
0 0.402229 0.907727 0.0383277 0.0383785
0 0.654556 0.129684 0.0390997 0.0393981
0 0.196111 0.186905 0.0359637 0.0351391
0 0.400942 0.241151 0.0327058 0.032446
0 0.76924 0.240757 0.0286942 0.0288341
0 0.881254 0.216498 0.036902 0.0360607
0 0.0133909 0.911858 0.0267818 0.0485654
0 0.438534 0.362244 0.026021 0.0261244
0 0.760645 0.639137 0.0266414 0.0262041
0 0.563935 0.32288 0.0265253 0.0266829
0 0.920649 0.0793878 0.0570381 0.0559927
0 0.909304 0.20024 0.0272321 0.0266029
0 0.0139512 0.838572 0.0269506 0.0268995
0 0.377112 0.697779 0.0288663 0.028528
0 0.608092 0.327192 0.0371695 0.0368377
0 0.459132 0.515812 0.0316917 0.0319387
0 0.00899758 0.82033 0.0179952 0.0345127
0 0.987757 0.567379 0.0244098 0.0685107
0 0.418917 0.0770612 0.0282519 0.0275952
0 0.783301 0.220163 0.0273286 0.0271645
0 0.610828 0.130098 0.0265944 0.0259318
0 0.700387 0.0329891 0.173955 0.065865
0 0.749507 0.210821 0.0302267 0.0302453
0 0.0895422 0.668809 0.123711 0.121225
0 0.953898 0.400119 0.026235 0.0255733
0 0.808429 0.828694 0.0301482 0.0298522
0 0.64001 0.363574 0.0327171 0.0324612
0 0.724268 0.26437 0.0301607 0.0299479
0 0.0513886 0.579998 0.0515834 0.049702
0 0.918288 0.117128 0.0518181 0.0516863
0 0.622528 0.551336 0.0326219 0.0325432
0 0.388106 0.537377 0.0269029 0.0262052
0 0.887146 0.52773 0.0330114 0.0320367
0 0.345639 0.194826 0.0325537 0.0325554
0 0.93727 0.382254 0.0352325 0.0340816
0 0.6161 0.157311 0.0271013 0.0270199
0 0.385322 0.88882 0.0307832 0.0305874
0 0.357421 0.0380375 0.254855 0.076075
0 0.591607 0.351829 0.0365078 0.0367287
0 0.667147 0.0783537 0.0291574 0.0290183
0 0.872054 0.093961 0.0465318 0.0453748
0 0.666296 0.315952 0.0536034 0.0533298
0 0.089747 0.867194 0.0581034 0.0576393
0 0.809223 0.0611 0.0397902 0.0399762
0 0.307957 0.0557233 0.0271751 0.0264121
0 0.015312 0.563021 0.030624 0.0608768
0 0.0356579 0.198689 0.0711971 0.206404
0 0.568563 0.0194367 0.0317574 0.0321115
0 0.226091 0.216421 0.0226919 0.0227581
0 0.475866 0.402513 0.0234172 0.0233176
0 0.832484 0.390334 0.0242884 0.024212
0 0.0730876 0.0845888 0.0235711 0.0234745
0 0.0443009 0.231392 0.0873339 0.2822
0 0.373876 0.460071 0.127398 0.125356
0 0.887625 0.422497 0.0276575 0.0275089
0 0.149037 0.288708 0.0253978 0.0254967
0 0.908695 0.986963 0.0650219 0.0260748
0 0.987925 0.495674 0.0241002 0.0395446
0 0.0990502 0.879391 0.0780474 0.0748317
0 0.54952 0.0346331 0.0386577 0.0383449
0 0.511766 0.18919 0.0424128 0.0411638
0 0.612254 0.404181 0.0234059 0.0237004
0 0.837729 0.221759 0.0228986 0.0225587
0 0.00668083 0.0580347 0.0133617 0.0259954
0 0.625494 0.953591 0.195613 0.092819
0 0.916741 0.633543 0.161478 0.153013
0 0.465261 0.985659 0.0316596 0.0282329
0 0.426544 0.222808 0.022212 0.0223887
0 0.246409 0.826601 0.111056 0.108531
0 0.106084 0.0911018 0.181992 0.171498
0 0.464945 0.564804 0.0249964 0.0246243
0 0.420608 0.280895 0.0243271 0.0244397
