0 0.483307 0.710904 0.1215 0.111127
0 0.915865 0.531638 0.137241 0.125674
0 0.124112 0.204237 0.137654 0.122414
0 0.513532 0.930575 0.185991 0.138453
0 0.12368 0.741881 0.147604 0.128053
0 0.352044 0.96195 0.0534857 0.0440798
0 0.774596 0.217549 0.0559212 0.0503722
0 0.159825 0.978486 0.0575402 0.042657
0 0.604422 0.27715 0.0430481 0.0363856
0 0.248435 0.63125 0.0334839 0.0296619
0 0.703143 0.310296 0.0409765 0.0363445
0 0.374744 0.585088 0.029339 0.0268476
0 0.647206 0.346541 0.0721203 0.0618059
0 0.907919 0.612933 0.0333859 0.0297222
0 0.181428 0.934521 0.0458795 0.0375555
0 0.391962 0.975095 0.0385313 0.0322634
0 0.580377 0.29514 0.0357234 0.0301856
0 0.171304 0.60133 0.0522578 0.043712
0 0.31458 0.456161 0.0738778 0.0636099
0 0.17249 0.286217 0.0485099 0.0445693
0 0.900486 0.438648 0.0287622 0.0274129
0 0.035647 0.97074 0.0379938 0.0315822
0 0.259972 0.00862608 0.0620761 0.0171479
0 0.797706 0.808627 0.0323377 0.0301067
0 0.739174 0.841724 0.0325959 0.0296906
0 0.314274 0.212208 0.0402207 0.0349043
0 0.0518328 0.490766 0.0514663 0.0454058
0 0.943582 0.989552 0.0409281 0.020896
0 0.0303282 0.889715 0.0567265 0.0467002
0 0.134384 0.521536 0.0441367 0.0387985
0 0.721763 0.773803 0.0404431 0.0377836
0 0.325117 0.279593 0.0353757 0.0297503
0 0.794659 0.189786 0.0575895 0.0516783
0 0.592642 0.871496 0.0310681 0.0277828
0 0.753423 0.49476 0.0322232 0.0295977
0 0.364205 0.278832 0.0331678 0.0283759
0 0.0879036 0.660684 0.0967205 0.0826259
0 0.297434 0.404844 0.0495778 0.0448261
0 0.980232 0.984094 0.0369873 0.0311386
0 0.922581 0.799484 0.0367389 0.033978
0 0.905385 0.576435 0.0308878 0.029305
0 0.618861 0.788427 0.0412437 0.0381408
0 0.615242 0.256868 0.0292964 0.0260227
0 0.287207 0.484961 0.0398252 0.0363561
0 0.765699 0.316346 0.042424 0.0396711
0 0.210915 0.446384 0.0391057 0.0351341
0 0.781794 0.3701 0.0451242 0.0408463
0 0.836464 0.792689 0.0263191 0.0240851
0 0.347458 0.778703 0.034337 0.0303175
0 0.690501 0.523054 0.0436394 0.0386879
0 0.827243 0.84824 0.0366608 0.0339807
0 0.991762 0.265957 0.0164717 0.0258988
0 0.819268 0.733149 0.0384977 0.035372
0 0.200189 0.525861 0.046454 0.0415204
0 0.742483 0.084914 0.0320709 0.0304768
0 0.93445 0.0104251 0.0423234 0.0208311
0 0.00431808 0.427799 0.00863615 0.0455878
0 0.847612 0.385499 0.252971 0.239077
0 0.366413 0.933616 0.0292187 0.0241475
0 0.809316 0.91204 0.0250609 0.0234692
0 0.576814 0.776204 0.0277124 0.0258594
0 0.531803 0.611705 0.0245733 0.0228057
0 0.236743 0.0303703 0.0526808 0.043875
0 0.424642 0.884737 0.0466491 0.0388181
0 0.901869 0.809096 0.0318611 0.0290696
0 0.7043 0.444107 0.0450396 0.0399776
0 0.20012 0.484121 0.0345482 0.0307569
0 0.406943 0.297756 0.0574657 0.049747
0 0.364146 0.832245 0.0331961 0.0289905
0 0.0174001 0.463217 0.0348001 0.0471655
0 0.924347 0.651483 0.0254776 0.0237484
0 0.602507 0.898924 0.0301788 0.0265236
0 0.209108 0.097414 0.031408 0.0265509
0 0.114807 0.978626 0.0429153 0.0353768
0 0.604676 0.939536 0.0327094 0.0305957
0 0.353961 0.412555 0.046272 0.0407977
0 0.752051 0.827931 0.0247774 0.0221353
0 0.960454 0.798413 0.0390035 0.0359788
0 0.0786041 0.45723 0.0420736 0.0367399
0 0.329814 0.803825 0.0351081 0.0308221
0 0.890096 0.596199 0.0339918 0.0306456
0 0.887857 0.623847 0.0236346 0.022054
0 0.00378188 0.522065 0.00756375 0.0329106
0 0.200527 0.968827 0.0319873 0.0263047
0 0.981648 0.769902 0.0237174 0.0227024
0 0.230385 0.0833926 0.0293239 0.024759
0 0.197595 0.303655 0.0311877 0.0278901
0 0.704853 0.658587 0.0239887 0.0222993
0 0.297773 0.260579 0.0363554 0.0305685
0 0.736185 0.412902 0.0258667 0.0230596
0 0.228729 0.497949 0.0323967 0.0297991
0 0.748745 0.39391 0.0393472 0.0363093
0 0.017504 0.801373 0.0346396 0.0314732
0 0.556264 0.53136 0.0630698 0.0558038
0 0.991631 0.755862 0.0166211 0.0231554
0 0.788765 0.158593 0.0345831 0.0320177
0 0.49511 0.788555 0.0306566 0.0279028
0 0.0309115 0.334363 0.039049 0.0346564
0 0.498867 0.809359 0.0263034 0.0234149
0 0.495233 0.346747 0.0432427 0.0374063
0 0.586375 0.0936395 0.0332901 0.0304381
0 0.282379 0.622835 0.0263096 0.0239664
0 0.454818 0.843554 0.0271616 0.0243456
0 0.531094 0.327479 0.0302093 0.0257868
0 0.877179 0.762386 0.0267517 0.0246863
0 0.838477 0.624878 0.0246862 0.0235
0 0.962335 0.160365 0.0301654 0.0274812
0 0.0168666 0.849097 0.0337333 0.038321
0 0.781145 0.854426 0.025207 0.0239291
