0 0.0630522 0.124207 0.12603 0.119945
0 0.0661027 0.418047 0.0768469 0.0657814
0 0.851178 0.426099 0.0531621 0.0422227
0 0.3852 0.193604 0.0537062 0.0425807
0 0.539231 0.0584058 0.0731024 0.0598598
0 0.438703 0.298745 0.0389975 0.0314734
0 0.730457 0.463395 0.0602705 0.0458714
0 0.728544 0.874633 0.542912 0.247713
0 0.691176 0.520449 0.052721 0.040714
0 0.718481 0.118614 0.048125 0.0394636
0 0.0690283 0.930715 0.138057 0.138571
0 0.851937 0.128196 0.290103 0.232145
0 0.71326 0.081092 0.0547712 0.0455846
0 0.720744 0.964657 0.050786 0.0403049
0 0.634309 0.632887 0.0474179 0.0367723
0 0.529377 0.63426 0.0591597 0.0474038
0 0.14918 0.0647919 0.0350567 0.0298331
0 0.392505 0.490455 0.0378282 0.0318521
0 0.78826 0.0106275 0.0677149 0.0212549
0 0.0629113 0.813089 0.0303029 0.02492
0 0.533382 0.124773 0.0648003 0.0540302
