0 0.679281 0.85353 0.0880713 0.0677419
0 0.207426 0.130856 0.139614 0.106759
0 0.516784 0.921595 0.07856 0.0569056
0 0.0218531 0.049113 0.0437062 0.0433023
0 0.420807 0.210582 0.157909 0.11995
0 0.149117 0.872663 0.0936318 0.0720549
0 0.652044 0.694855 0.0662342 0.0522164
0 0.966656 0.819938 0.0445251 0.0348494
0 0.93417 0.548125 0.0586493 0.0444593
0 0.731148 0.98836 0.0433593 0.0232797
0 0.466448 0.339886 0.039272 0.0313507
0 0.0621204 0.71167 0.0716794 0.0552292
0 0.235531 0.676375 0.0503649 0.0382335
0 0.389942 0.45897 0.0862465 0.0698626
0 0.400589 0.272567 0.0333036 0.0267756
0 0.831355 0.186815 0.0658541 0.0538925
0 0.831225 0.0839951 0.0821569 0.0651437
0 0.848017 0.888247 0.133425 0.098427
0 0.673314 0.384936 0.0555353 0.0448736
0 0.546238 0.634572 0.047157 0.0364616
0 0.450808 0.124645 0.0538039 0.0430259
0 0.0877479 0.804933 0.0425777 0.033108
0 0.704309 0.288339 0.043049 0.0332384
0 0.146989 0.362026 0.139492 0.109257
0 0.514791 0.668851 0.0382162 0.028358
0 0.142062 0.702726 0.0583541 0.045435
0 0.288412 0.83487 0.0341554 0.0265835
0 0.755655 0.699551 0.0314346 0.0249037
0 0.906139 0.31765 0.0936402 0.0726964
0 0.0431801 0.645244 0.0547438 0.0415518
0 0.586238 0.665191 0.073241 0.0548402
0 0.0658036 0.941438 0.0739658 0.0564541
0 0.690995 0.113111 0.117163 0.0935122
0 0.913658 0.257452 0.0402797 0.0321392
0 0.885428 0.891971 0.0443645 0.033151
0 0.98753 0.4784 0.0249017 0.0399334
0 0.0505924 0.578893 0.10106 0.0827017
0 0.273676 0.316602 0.0307438 0.0248992
0 0.302513 0.383871 0.0303701 0.0244308
0 0.9536 0.610797 0.076712 0.0607381
0 0.0321369 0.935624 0.0544018 0.0434271
0 0.499803 0.0178371 0.0552563 0.0355425
0 0.895365 0.386977 0.0302267 0.0237834
0 0.0573345 0.907817 0.0378267 0.0281785
0 0.865036 0.524116 0.0295875 0.023701
0 0.985013 0.84283 0.0298941 0.0323575
0 0.326813 0.260132 0.0653401 0.0510859
0 0.684575 0.0489484 0.0592168 0.0467496
0 0.481316 0.837588 0.0720982 0.0544436
0 0.188587 0.226717 0.0758281 0.0585166
0 0.0206512 0.123021 0.028992 0.0230487
0 0.398823 0.644845 0.0584358 0.0462244
0 0.943144 0.522543 0.028873 0.0231315
0 0.311688 0.116991 0.0821464 0.064564
0 0.890243 0.933546 0.0324519 0.0244246
0 0.0625223 0.603519 0.0623644 0.0497506
0 0.299403 0.367075 0.0284349 0.0238588
0 0.0116826 0.693652 0.0233652 0.0695181
0 0.597166 0.676193 0.0306935 0.0241105
0 0.775794 0.105634 0.0445008 0.0350497
0 0.992231 0.303725 0.0155376 0.0285259
0 0.979569 0.667255 0.0286886 0.0229087
0 0.392344 0.52504 0.236542 0.185423
0 0.478676 0.400446 0.0632563 0.0496508
0 0.249114 0.914866 0.0302808 0.0230448
0 0.461461 0.263785 0.0364082 0.0275499
0 0.55519 0.0276615 0.0582016 0.0483763
0 0.492926 0.777149 0.0512148 0.037708
0 0.835226 0.333028 0.0278036 0.0231999
0 0.303124 0.0241386 0.0352485 0.0267343
0 0.984117 0.864401 0.0304356 0.0250947
0 0.0699066 0.16205 0.0343825 0.0264299
0 0.993854 0.00704512 0.0122331 0.0140239
0 0.280777 0.339395 0.0277403 0.0224972
0 0.187518 0.714957 0.0543338 0.041699
0 0.815339 0.678436 0.0597871 0.0477036
0 0.299495 0.0880271 0.0352701 0.0270574
0 0.822654 0.00488109 0.0287663 0.00976218
0 0.00639449 0.630599 0.012789 0.0321663
0 0.464855 0.584576 0.0309128 0.0248916
0 0.142533 0.562618 0.0501748 0.0394542
0 0.868197 0.00701631 0.0270597 0.0140128
0 0.926175 0.901552 0.0327051 0.0255563
0 0.457693 0.0815237 0.0331427 0.0262631
0 0.262827 0.809017 0.0407495 0.0322192
0 0.608533 0.603922 0.523409 0.438766
0 0.524287 0.559291 0.0376657 0.0301323
0 0.0699203 0.990253 0.0317045 0.019417
0 0.844589 0.146258 0.0452072 0.0359805
0 0.713091 0.362008 0.0404712 0.0306969
0 0.112998 0.834852 0.0456354 0.0359932
0 0.529333 0.0632715 0.0282632 0.0224225
0 0.815078 0.672238 0.0677141 0.0587449
0 0.942002 0.196766 0.0269378 0.0218296
0 0.596948 0.51359 0.0337398 0.0271068
0 0.710075 0.10607 0.0319371 0.0255202
