0 0.362258 0.825912 0.0715997 0.0705575
0 0.720867 0.494997 0.0822687 0.0810336
0 0.22245 0.421746 0.0675201 0.0653109
0 0.617338 0.24498 0.0470009 0.0461773
0 0.0819731 0.0705932 0.0400679 0.03899
0 0.853016 0.412245 0.0310467 0.0305321
0 0.0473331 0.762976 0.0303021 0.0287886
0 0.0645007 0.819345 0.0980043 0.0947487
0 0.662082 0.426564 0.034287 0.0339778
0 0.92706 0.977223 0.0433564 0.0421124
0 0.504286 0.981808 0.030132 0.029254
0 0.88464 0.709246 0.032123 0.0313262
0 0.800282 0.769987 0.0282966 0.0277332
0 0.718835 0.0519812 0.026474 0.0257648
0 0.824982 0.14084 0.026057 0.0251194
0 0.529047 0.744776 0.260922 0.246743
0 0.678776 0.108611 0.0309643 0.0301226
0 0.230425 0.053702 0.0339701 0.0336683
0 0.0427472 0.891257 0.0281965 0.027515
0 0.827243 0.751088 0.0315714 0.0309246
0 0.270173 0.0678744 0.0300924 0.0302261
0 0.367772 0.646443 0.0231264 0.0228844
0 0.222149 0.324025 0.0247561 0.0237968
0 0.198031 0.344548 0.0238561 0.0233161
0 0.803125 0.612457 0.0237656 0.023522
0 0.221501 0.606861 0.0351323 0.0329494
0 0.784896 0.811919 0.0683384 0.0652668
0 0.755962 0.368262 0.0235082 0.0228534
0 0.460639 0.72258 0.023774 0.0233954
0 0.738372 0.317573 0.02597 0.0255413
0 0.0931478 0.0496013 0.024238 0.0232609
0 0.213983 0.242952 0.0410341 0.0419521
0 0.215317 0.269309 0.053264 0.0516837
0 0.530874 0.0561767 0.0494434 0.0478285
0 0.0221528 0.00451732 0.0303714 0.00894197
0 0.0480799 0.11515 0.0961597 0.099986
0 0.182692 0.601657 0.024125 0.0238502
0 0.474602 0.45592 0.0236628 0.0234962
0 0.514145 0.491009 0.0227448 0.0224141
0 0.318652 0.381178 0.0447848 0.0440894
0 0.866549 0.732124 0.0248381 0.0244414
0 0.658534 0.758907 0.027622 0.0268857
