0 0.605526 0.841373 0.0508494 0.0491371
0 0.766799 0.753138 0.0459872 0.0442369
0 0.744485 0.826349 0.0419512 0.0406533
0 0.284083 0.812445 0.035316 0.0347484
0 0.680097 0.534294 0.0360208 0.0346929
0 0.443748 0.6585 0.04457 0.0433795
0 0.837311 0.155743 0.0409344 0.0397874
0 0.143206 0.702893 0.0330023 0.0319306
0 0.987246 0.411582 0.0254636 0.0338914
0 0.750237 0.651502 0.0294794 0.0283886
0 0.665926 0.269202 0.0497622 0.0479124
0 0.664911 0.577909 0.027611 0.026756
0 0.384575 0.0593854 0.0343222 0.0331464
0 0.489672 0.494341 0.0322871 0.0317109
0 0.953242 0.196923 0.0472978 0.0462237
0 0.407512 0.280176 0.0354024 0.0338058
0 0.98125 0.916088 0.029068 0.0281703
0 0.341135 0.833517 0.0276661 0.0270476
0 0.984989 0.26973 0.0300222 0.0401542
0 0.463783 0.287289 0.0366669 0.0353086
0 0.368049 0.902339 0.0286279 0.0279117
0 0.606104 0.537217 0.0272803 0.0267181
0 0.347761 0.103322 0.0384494 0.0370565
0 0.977951 0.247602 0.0286103 0.0281724
0 0.909537 0.92188 0.0266279 0.0258863
0 0.394003 0.656236 0.0348742 0.0337758
0 0.283228 0.768069 0.0261498 0.0257773
0 0.591128 0.0933871 0.0325823 0.0311587
0 0.223305 0.598264 0.0340076 0.0329561
0 0.449966 0.305801 0.0356181 0.0340734
0 0.804596 0.406972 0.0256323 0.0245793
0 0.496024 0.701877 0.0261145 0.0251462
0 0.932724 0.155099 0.0388723 0.0369076
0 0.878145 0.716166 0.0250967 0.0244841
0 0.203325 0.270824 0.0264522 0.0257629
0 0.946206 0.545856 0.0238585 0.0233126
0 0.801873 0.00710976 0.0289316 0.0142195
0 0.703238 0.306586 0.0248573 0.0239509
0 0.271607 0.581631 0.0244476 0.0239451
0 0.591 0.8103 0.0276711 0.0271093
0 0.438897 0.113921 0.0256717 0.024669
0 0.779195 0.79409 0.0363452 0.0358595
0 0.638697 0.494136 0.0235033 0.0228534
0 0.852829 0.861248 0.0234717 0.0226831
0 0.446845 0.0595043 0.0425051 0.0411242
0 0.317407 0.116558 0.0275262 0.0259737
0 0.966822 0.366277 0.0319188 0.031158
0 0.501817 0.149535 0.0320495 0.0305107
0 0.513917 0.420831 0.0248039 0.024192
0 0.559151 0.807407 0.0254321 0.0247189
0 0.790917 0.107431 0.026559 0.0257613
0 0.967303 0.934893 0.0230112 0.0222186
0 0.694431 0.475119 0.0246246 0.0239167
0 0.642473 0.158788 0.0281967 0.0275156
0 0.430081 0.255318 0.0340861 0.0328827
0 0.402735 0.245317 0.0259471 0.025048
0 0.87885 0.121174 0.0230754 0.0221162
0 0.250279 0.612815 0.024339 0.0234154
0 0.480724 0.0614507 0.0715557 0.0679531
0 0.439053 0.165654 0.0325348 0.0303749
0 0.982468 0.11347 0.0234132 0.0222447
0 0.345046 0.129162 0.0275018 0.026884
0 0.556011 0.135607 0.0285995 0.0274873
0 0.644725 0.912615 0.0232933 0.0226998
0 0.832217 0.408392 0.0302939 0.0279937
0 0.742883 0.00528727 0.0272439 0.0104806
0 0.641213 0.00445123 0.0336018 0.00883211
0 0.462431 0.640489 0.0224885 0.022739
0 0.957349 0.87613 0.0220723 0.0213437
0 0.825469 0.0523934 0.0270103 0.0266699
0 0.410644 0.197619 0.0477748 0.0455413
0 0.880011 0.349706 0.0251348 0.0250927
0 0.187966 0.591362 0.027304 0.0260967
0 0.403223 0.0147308 0.0281822 0.0272819
0 0.296204 0.245415 0.0387955 0.0365513
0 0.692808 0.184619 0.0264635 0.0252849
0 0.819344 0.390631 0.0242498 0.0230837
0 0.462064 0.170673 0.0405661 0.0385637
0 0.684713 0.853178 0.0231864 0.0227745
0 0.922618 0.493469 0.0236911 0.023505
0 0.943289 0.805798 0.0229301 0.0222809
0 0.177067 0.330726 0.0257609 0.0252962
0 0.851377 0.289684 0.031877 0.0308325
0 0.492209 0.56063 0.022844 0.0220249
0 0.933614 0.3663 0.044864 0.0437569
0 0.630491 0.0309991 0.0312443 0.030091
0 0.882693 0.322882 0.0291635 0.0289886
0 0.711089 0.574275 0.0242562 0.023468
0 0.446568 0.831197 0.0232953 0.0230732
