0 0.0190496 0.0416339 0.0380992 0.0433915
0 0.822694 0.487112 0.0736122 0.0649225
0 0.0413025 0.48531 0.0463556 0.0405823
0 0.703729 0.571525 0.0576764 0.0505543
0 0.313649 0.307061 0.0345839 0.0305194
0 0.265353 0.53053 0.0442414 0.0398376
0 0.830643 0.238583 0.0362403 0.0319073
0 0.964347 0.0318059 0.0478554 0.0416441
0 0.634509 0.264683 0.0346603 0.0305916
0 0.407539 0.475682 0.132119 0.116552
0 0.58182 0.720752 0.0594177 0.0531598
0 0.738512 0.525066 0.0318139 0.0277525
0 0.07553 0.890939 0.0268917 0.0250764
0 0.264297 0.310269 0.0345323 0.0309016
0 0.475971 0.00902272 0.0441902 0.0180454
0 0.328012 0.479621 0.0260824 0.0238116
0 0.35076 0.431483 0.0264464 0.0244308
0 0.672639 0.470672 0.0292575 0.0257462
0 0.0681395 0.367989 0.0246678 0.022675
0 0.99494 0.250982 0.0101206 0.0322565
0 0.367408 0.988687 0.0259887 0.0224004
0 0.0529945 0.386373 0.0257965 0.0224435
0 0.102806 0.0984018 0.0289425 0.0255764
0 0.699647 0.157515 0.0319348 0.0277937
0 0.104938 0.917408 0.0318026 0.0284395
0 0.165898 0.869478 0.0259642 0.0237794
0 0.338794 0.403688 0.0244876 0.0228877
0 0.951602 0.607528 0.0272713 0.0239685
0 0.669408 0.52829 0.0728846 0.0632951
0 0.584925 0.295646 0.0786791 0.0660015
0 0.0389975 0.211448 0.0276953 0.0252264
0 0.905761 0.105321 0.0259625 0.023583
