0 0.261894 0.40447 0.0936533 0.0892742
0 0.159387 0.532939 0.0506488 0.0487487
0 0.156482 0.375144 0.0538675 0.051455
0 0.924226 0.0824323 0.0425005 0.0401937
0 0.532451 0.742974 0.046741 0.0447481
0 0.7059 0.297029 0.0304334 0.029658
0 0.942192 0.82013 0.0297616 0.0291402
0 0.723766 0.0124812 0.0285182 0.0249538
0 0.485607 0.101626 0.0330003 0.0313187
0 0.197841 0.347761 0.0260298 0.0250697
0 0.462019 0.494488 0.0328128 0.0316121
0 0.395336 0.255665 0.025228 0.0238713
0 0.9933 0.394555 0.0133219 0.046312
0 0.353197 0.77812 0.0261891 0.0251418
0 0.87605 0.279468 0.0255989 0.02451
0 0.177702 0.308952 0.0319376 0.0314482
0 0.545346 0.0688361 0.0263872 0.025439
0 0.0711442 0.121509 0.026139 0.0250534
0 0.0996846 0.106175 0.0352165 0.0332705
0 0.215739 0.00507789 0.0579525 0.0100935
0 0.093803 0.678565 0.0335869 0.0325794
0 0.125462 0.219701 0.0699008 0.0651733
0 0.945657 0.0983938 0.0386799 0.0371812
0 0.255432 0.0477264 0.055168 0.0538339
0 0.895034 0.197829 0.0258883 0.0247698
0 0.317833 0.0913073 0.027835 0.0268173
0 0.0495924 0.238158 0.0267797 0.0261186
0 0.0199688 0.396985 0.0399377 0.0795025
0 0.811598 0.450099 0.024761 0.0238619
0 0.16657 0.435149 0.023567 0.0228076
0 0.939237 0.789661 0.0344302 0.0323732
0 0.818505 0.384359 0.0419464 0.0393299
0 0.995898 0.302901 0.00820313 0.0238935
0 0.441378 0.683403 0.0236558 0.0229136
0 0.331243 0.383898 0.0246477 0.0237798
0 0.570212 0.903111 0.0270305 0.0247887
0 0.274896 0.220917 0.0574729 0.0547884
0 0.974882 0.151558 0.0226293 0.0217749
0 0.515077 0.896973 0.0368753 0.034814
