0 0.502844 0.912667 0.221862 0.172731
0 0.333316 0.308311 0.0365518 0.0287218
0 0.143296 0.25477 0.0378115 0.0295905
0 0.236913 0.897795 0.0427743 0.0345537
0 0.349474 0.91617 0.0520182 0.0417926
0 0.189143 0.0318714 0.0892431 0.0634764
0 0.209622 0.606844 0.311599 0.214031
0 0.216074 0.850175 0.0419361 0.0336192
0 0.0558741 0.816453 0.111748 0.245832
0 0.822391 0.925791 0.0459214 0.0358867
0 0.649005 0.974988 0.0418329 0.0332039
0 0.657261 0.496726 0.0301731 0.023465
0 0.564322 0.697738 0.0650837 0.0531693
0 0.505269 0.0843737 0.0924873 0.0684679
0 0.338442 0.232372 0.557599 0.43988
0 0.94012 0.274445 0.119613 0.197428
0 0.355067 0.633622 0.0990329 0.0780931
0 0.162803 0.131637 0.0304619 0.0238912
0 0.0714684 0.490305 0.140895 0.112127
0 0.0876569 0.275922 0.0923124 0.0723142
0 0.859439 0.0564086 0.030949 0.0237422
0 0.22959 0.78764 0.0293233 0.0243361
0 0.759348 0.111758 0.475655 0.223516
0 0.833704 0.753095 0.0355673 0.0283615
0 0.970804 0.986859 0.0308059 0.0250985
0 0.272705 0.825525 0.0281599 0.0231194
0 0.52544 0.368091 0.0425191 0.0323572
0 0.171237 0.35148 0.0276391 0.0226845
0 0.0108994 0.204074 0.0217988 0.0260391
0 0.983523 0.489997 0.0289417 0.0235004
0 0.558626 0.132768 0.0308266 0.0230809
0 0.969327 0.232714 0.0314754 0.0249482
0 0.491526 0.382346 0.0296427 0.0223827
0 0.00380231 0.680388 0.00760462 0.0298627
0 0.310929 0.468495 0.0540543 0.0429205
0 0.460545 0.805625 0.118614 0.0934712
0 0.440997 0.825312 0.0920466 0.0756162
0 0.208502 0.987589 0.0287395 0.0237683
0 0.63605 0.893731 0.0529394 0.0439369
0 0.0122137 0.639515 0.0244274 0.0516229
0 0.118859 0.976582 0.071518 0.0468355
0 0.286947 0.954276 0.149141 0.091448
0 0.334265 0.00538679 0.0276976 0.0107736
0 0.0473634 0.0777974 0.0635826 0.0483893
