0 0.344997 0.805637 0.388994 0.353549
0 0.069925 0.691013 0.116937 0.111436
0 0.935335 0.0541505 0.0398846 0.0398919
0 0.162518 0.427884 0.0458842 0.0449942
0 0.482062 0.976202 0.0515828 0.0472692
0 0.182919 0.97365 0.0561801 0.0523649
0 0.882586 0.409645 0.0573443 0.0553951
0 0.927872 0.841565 0.0320942 0.0312557
0 0.0496598 0.107187 0.0537485 0.0533402
0 0.824739 0.0182922 0.0310645 0.0310546
0 0.365823 0.278084 0.0399293 0.0389777
0 0.885563 0.359721 0.046663 0.0468175
0 0.0136919 0.287518 0.0273838 0.0309603
0 0.205561 0.0931174 0.0467252 0.0453714
0 0.128411 0.0820232 0.0336868 0.0327839
0 0.576848 0.0470618 0.0374393 0.0359502
0 0.250703 0.280751 0.0364352 0.0349655
0 0.932884 0.609606 0.0413383 0.0402317
0 0.260355 0.0882956 0.041517 0.0397669
0 0.0731568 0.284255 0.0327649 0.0312642
0 0.842359 0.379687 0.0462729 0.0452502
0 0.764507 0.734267 0.466182 0.531466
0 0.313476 0.822217 0.0256701 0.0255766
0 0.646542 0.489514 0.0374316 0.0361245
0 0.232428 0.0479428 0.0390246 0.037525
0 0.456632 0.394498 0.0326801 0.0319572
0 0.653647 0.307087 0.0435452 0.0413764
0 0.321568 0.453696 0.0263901 0.0258536
0 0.316791 0.392324 0.0330625 0.0321196
0 0.128841 0.321503 0.0308395 0.0292277
0 0.405232 0.143074 0.0336959 0.0328823
0 0.722538 0.292476 0.0374846 0.0361312
0 0.771356 0.612945 0.0514069 0.0491096
0 0.626693 0.385699 0.0300282 0.028933
0 0.235837 0.756155 0.046909 0.045689
0 0.541134 0.241195 0.0331855 0.031746
0 0.358629 0.0273137 0.0275432 0.0267836
0 0.24437 0.610865 0.0239959 0.0235703
0 0.337497 0.95998 0.0318244 0.0317757
0 0.943578 0.376253 0.0479584 0.0463696
0 0.182126 0.0481541 0.0322398 0.0314499
0 0.400695 0.3789 0.0248605 0.0246545
0 0.532111 0.198014 0.027073 0.0265054
0 0.143787 0.258202 0.0275086 0.0263906
0 0.210368 0.198577 0.0259946 0.0248355
0 0.258352 0.0092442 0.0281368 0.0183394
0 0.436073 0.140248 0.0263133 0.0257705
0 0.464868 0.20183 0.0277268 0.0271851
0 0.269306 0.633091 0.0267156 0.0259344
0 0.806996 0.906679 0.0233604 0.0230221
0 0.283657 0.828053 0.0232506 0.0228908
0 0.335636 0.307753 0.0235897 0.0228367
0 0.191272 0.918536 0.057027 0.0560839
0 0.164246 0.177077 0.0259428 0.0252154
0 0.493024 0.396553 0.023365 0.0230035
0 0.408055 0.316459 0.0239619 0.0233774
0 0.60582 0.307923 0.0280692 0.0273941
0 0.0086422 0.770425 0.0172844 0.0234025
0 0.0634281 0.989729 0.0451262 0.0205422
0 0.784348 0.519581 0.024142 0.0239697
0 0.241708 0.205789 0.0292625 0.0285049
0 0.567 0.462095 0.0356274 0.0342188
0 0.529648 0.410218 0.0250452 0.0238872
0 0.44763 0.780784 0.0324871 0.0314491
0 0.103017 0.0293923 0.0242825 0.0241008
0 0.662743 0.347339 0.0303318 0.0296543
0 0.899217 0.374033 0.0228648 0.022964
0 0.013563 0.00386476 0.0259446 0.00772952
0 0.260356 0.760814 0.0221334 0.0221243
0 0.767146 0.201622 0.460512 0.399665
0 0.837358 0.573654 0.0224225 0.0223926
0 0.214733 0.671803 0.024882 0.0251338
0 0.4631 0.907059 0.0240649 0.0240055
0 0.984567 0.486082 0.0225177 0.0219128
0 0.647339 0.211733 0.0247265 0.0241809
0 0.425725 0.29204 0.0326359 0.0317175
0 0.251514 0.343449 0.0329042 0.0316507
0 0.0802058 0.414831 0.0227858 0.0224326
0 0.849619 0.0819996 0.0218239 0.0219283
0 0.322456 0.130646 0.0437957 0.041728
0 0.99308 0.418767 0.0138403 0.0427296
0 0.489742 0.517301 0.024788 0.0241632
0 0.268952 0.488391 0.022642 0.0223564
0 0.581905 0.539958 0.0289862 0.0276567
0 0.735352 0.316751 0.0229523 0.0227842
0 0.059436 0.919505 0.0226694 0.0224795
