0 0.601616 0.316991 0.137506 0.133344
0 0.658388 0.592091 0.0971224 0.0935335
0 0.786567 0.649316 0.0779495 0.0762098
0 0.85919 0.158208 0.0799842 0.0759337
0 0.958017 0.35139 0.0837835 0.101475
0 0.62356 0.534995 0.0561916 0.0543269
0 0.0930152 0.935218 0.0485846 0.0476227
0 0.124261 0.894171 0.0514103 0.0503473
0 0.586121 0.691977 0.191397 0.17974
0 0.351509 0.0926817 0.2271 0.184874
0 0.390754 0.235954 0.105239 0.102805
0 0.285902 0.426149 0.0457575 0.0450528
0 0.774972 0.421385 0.0306215 0.0298561
0 0.0555743 0.832943 0.0431184 0.0420351
0 0.885316 0.756982 0.0358804 0.0346687
0 0.233872 0.230621 0.211524 0.206591
0 0.40726 0.94773 0.0558538 0.0531785
0 0.667801 0.0336437 0.120014 0.0671007
0 0.728379 0.778477 0.0478604 0.0456979
0 0.980535 0.00895309 0.0358524 0.0178961
0 0.388895 0.735538 0.52991 0.519479
0 0.837707 0.213634 0.0328644 0.0319806
0 0.627108 0.0778714 0.0379639 0.0372343
0 0.539112 0.193944 0.037184 0.036307
0 0.666052 0.708095 0.0725334 0.0713476
0 0.462406 0.759031 0.0392559 0.0377164
0 0.2544 0.89473 0.0546191 0.0520099
0 0.21353 0.540377 0.0262924 0.0261655
0 0.438969 0.499671 0.047511 0.0466668
0 0.477969 0.261374 0.0450342 0.0440498
0 0.521193 0.689451 0.0380156 0.0367071
0 0.263394 0.383964 0.0478209 0.0468199
0 0.348435 0.193062 0.0302345 0.0292162
0 0.665467 0.950659 0.0266871 0.0251598
0 0.552056 0.781036 0.0408247 0.0383365
0 0.468459 0.30935 0.0416657 0.0398
0 0.542825 0.237567 0.0866346 0.0842199
0 0.457154 0.722486 0.0310262 0.0300136
0 0.777362 0.0105199 0.0414577 0.0209768
0 0.677526 0.171452 0.0306846 0.0297241
0 0.74407 0.555998 0.18275 0.171867
0 0.71923 0.28316 0.0241427 0.0237792
0 0.55746 0.104322 0.0238585 0.0235548
0 0.975774 0.124259 0.0318351 0.0307011
0 0.898869 0.290709 0.040467 0.0383182
0 0.558596 0.0309554 0.0461707 0.0460953
0 0.523071 0.0859292 0.0555364 0.0531773
0 0.832943 0.00542992 0.0375369 0.010857
0 0.493048 0.4644 0.0232622 0.0231524
0 0.489638 0.368418 0.0461493 0.0437057
0 0.330236 0.88485 0.0236181 0.0231804
0 0.434468 0.0274404 0.0237827 0.0237942
0 0.467757 0.212564 0.0369008 0.0364054
0 0.105515 0.772787 0.0246172 0.0249143
0 0.34795 0.249793 0.0343992 0.0335226
0 0.134925 0.0920073 0.176885 0.167665
0 0.446469 0.235649 0.0276316 0.0269696
0 0.689223 0.785669 0.0454457 0.0436784
0 0.553394 0.736362 0.02292 0.0223401
0 0.541968 0.50834 0.0297015 0.0292732
0 0.634938 0.444165 0.0700221 0.0660035
0 0.958796 0.225752 0.0527511 0.0504585
0 0.939724 0.0646127 0.120551 0.127736
0 0.845967 0.937304 0.022836 0.0223675
0 0.0608447 0.712997 0.121689 0.238231
0 0.43576 0.656393 0.0253027 0.0249193
0 0.0338678 0.382017 0.0677357 0.0857424
0 0.621792 0.122591 0.0283303 0.0266185
0 0.95638 0.633877 0.0337481 0.0331894
0 0.876691 0.63508 0.0246447 0.0239539
0 0.0791479 0.571607 0.0235169 0.0230341
0 0.272566 0.0460084 0.0250431 0.0248902
0 0.188702 0.92833 0.0248795 0.0241404
0 0.585916 0.155495 0.0283851 0.0275075
0 0.783616 0.938259 0.0238597 0.0233049
0 0.135294 0.143374 0.243456 0.233023
