0 0.556243 0.8904 0.0547326 0.0413076
0 0.0760314 0.282755 0.0506938 0.0396499
0 0.605674 0.468761 0.0588406 0.0452981
0 0.358261 0.768787 0.239795 0.180152
0 0.180501 0.23379 0.0468641 0.0361327
0 0.903692 0.642891 0.0454219 0.0342402
0 0.452284 0.447358 0.0505899 0.0391213
0 0.886441 0.748762 0.05902 0.0442915
0 0.727498 0.48796 0.0516651 0.0386347
0 0.634305 0.0672199 0.0350976 0.0266959
0 0.761856 0.695462 0.0356605 0.0280049
0 0.101472 0.435106 0.172808 0.137545
0 0.765669 0.243872 0.0436762 0.032951
0 0.311872 0.410687 0.0699736 0.0525931
0 0.945813 0.234746 0.0527261 0.0389625
0 0.460747 0.57066 0.0489118 0.0381742
0 0.744302 0.359702 0.125778 0.0952359
0 0.824585 0.383758 0.0395962 0.0299106
0 0.950025 0.558034 0.0446417 0.0336295
0 0.575939 0.93714 0.0401628 0.0303086
0 0.585651 0.304534 0.0446196 0.034282
0 0.463971 0.685586 0.0594544 0.0446648
0 0.639236 0.799552 0.0416625 0.0310853
0 0.493205 0.609455 0.0666845 0.0523619
0 0.760872 0.307606 0.0365751 0.0284203
0 0.445842 0.935737 0.0512056 0.0382017
0 0.441793 0.375806 0.0317075 0.0246145
0 0.141721 0.0323916 0.248257 0.0647832
0 0.626432 0.099957 0.038667 0.0290744
0 0.879543 0.551627 0.034558 0.0257168
0 0.406739 0.333371 0.0372152 0.0280131
0 0.813572 0.755097 0.0318919 0.0247501
0 0.469229 0.538975 0.0351766 0.0273368
0 0.915335 0.161312 0.0515353 0.0396665
0 0.0447655 0.40405 0.03414 0.0260186
0 0.577588 0.585288 0.048632 0.0370461
0 0.568689 0.636631 0.0513034 0.0378957
0 0.704417 0.166719 0.0315125 0.0241228
0 0.980462 0.0336025 0.039075 0.0647361
0 0.317308 0.0749049 0.033054 0.0255919
0 0.716041 0.0862442 0.0364849 0.0277217
0 0.715967 0.962205 0.0311177 0.0235713
0 0.251836 0.286793 0.0424317 0.0324589
0 0.901001 0.857124 0.0598636 0.0448973
0 0.624222 0.731525 0.106592 0.0808895
0 0.420711 0.248677 0.123662 0.0924016
0 0.142627 0.593378 0.0388255 0.0300582
0 0.434381 0.178879 0.0667893 0.0486944
0 0.512586 0.682587 0.156632 0.116848
0 0.226733 0.104488 0.0299155 0.0234971
0 0.386439 0.99178 0.0303083 0.016439
0 0.516788 0.280172 0.0741685 0.0544957
0 0.444372 0.890819 0.0292206 0.0226088
0 0.586852 0.821735 0.0301126 0.0225377
0 0.0472917 0.0669778 0.0293477 0.0226755
0 0.461785 0.981236 0.0394823 0.0309806
0 0.623025 0.0238621 0.0294943 0.0225292
0 0.01712 0.637248 0.0341869 0.135955
0 0.270482 0.00651865 0.0285457 0.0129461
0 0.797537 0.287985 0.0305829 0.0234172
0 0.987026 0.228853 0.025655 0.0414265
0 0.730788 0.170479 0.0996021 0.0763615
0 0.327205 0.193475 0.0319635 0.0245681
0 0.788068 0.263954 0.0289791 0.022529
0 0.505466 0.659889 0.0314605 0.0246214
0 0.690984 0.0974592 0.0315618 0.0250483
0 0.188929 0.35176 0.0564331 0.0421671
0 0.899347 0.716098 0.0295007 0.0220883
0 0.749199 0.538793 0.0596313 0.045429
0 0.159065 0.082354 0.0383294 0.0293538
0 0.738254 0.620588 0.368646 0.249899
0 0.423326 0.46248 0.0306026 0.0234013
0 0.467946 0.620747 0.111766 0.088412
0 0.0179098 0.829988 0.0357552 0.0474956
0 0.0250524 0.874086 0.0500035 0.0438228
0 0.557734 0.323296 0.0287232 0.0220245
0 0.67737 0.224588 0.0836051 0.0647089
0 0.00347352 0.728272 0.00694705 0.0295384
0 0.472896 0.489284 0.0347841 0.0268397
0 0.194656 0.568305 0.041891 0.0324988
0 0.0524802 0.654679 0.0433813 0.0323203
0 0.475174 0.471036 0.0321321 0.0257335
0 0.65824 0.246808 0.0740145 0.0539543
0 0.576796 0.0332541 0.168118 0.0661911
