0 0.654264 0.151748 0.19154 0.155069
0 0.85369 0.362464 0.0862316 0.069406
0 0.0238422 0.282251 0.0476843 0.0509383
0 0.35229 0.366406 0.0568763 0.0448569
0 0.135818 0.518967 0.188757 0.153859
0 0.680862 0.765278 0.0639286 0.0495539
0 0.351081 0.766532 0.211565 0.163105
0 0.42649 0.0522758 0.0504694 0.041989
0 0.741384 0.0293415 0.0406722 0.0334081
0 0.0542075 0.441246 0.108415 0.17032
0 0.420917 0.276968 0.0355778 0.0281219
0 0.875641 0.873748 0.248718 0.226388
0 0.775193 0.747517 0.201337 0.157767
0 0.736868 0.741828 0.0523 0.0410894
0 0.912483 0.262152 0.11328 0.086316
0 0.142271 0.212509 0.0310277 0.0250898
0 0.448268 0.103736 0.0369525 0.0306702
0 0.901075 0.885925 0.033055 0.0252138
0 0.514952 0.347938 0.0511804 0.0404689
0 0.469224 0.8289 0.0709402 0.0562757
0 0.314287 0.880032 0.0314231 0.0254498
0 0.779968 0.187906 0.0329283 0.0268221
0 0.935108 0.38703 0.129783 0.137757
0 0.941792 0.504222 0.116416 0.13904
0 0.447437 0.189529 0.0553821 0.0450684
0 0.239095 0.495184 0.0303213 0.0235453
0 0.168931 0.423749 0.0313384 0.0252913
0 0.748079 0.857681 0.0702837 0.0541513
0 0.772135 0.263594 0.0316978 0.0256302
0 0.043296 0.920309 0.086592 0.108951
0 0.363077 0.962553 0.0289876 0.0235753
0 0.708869 0.408259 0.147029 0.117002
0 0.45778 0.143655 0.0335491 0.0272292
0 0.710727 0.498316 0.0375097 0.0283034
0 0.536663 0.726051 0.0361156 0.0277896
0 0.648578 0.0201658 0.0312128 0.025618
0 0.278688 0.880655 0.0262548 0.0221453
0 0.375169 0.231067 0.034098 0.0271659
0 0.0504657 0.690952 0.0821062 0.065402
