0 0.649961 0.272353 0.183416 0.155707
0 0.433313 0.034123 0.0914407 0.0682459
0 0.73649 0.718027 0.181653 0.156185
0 0.417099 0.449001 0.127588 0.108649
0 0.956348 0.57847 0.053607 0.0470521
0 0.360346 0.521244 0.106497 0.0928857
0 0.213174 0.636241 0.0652592 0.057415
0 0.14738 0.669859 0.0917046 0.0807669
0 0.275403 0.96162 0.0483696 0.0435863
0 0.809865 0.3964 0.0461549 0.038942
0 0.906755 0.632239 0.182809 0.166367
0 0.118463 0.935444 0.0365409 0.03271
0 0.568483 0.846809 0.0415056 0.037751
0 0.897391 0.58998 0.0313754 0.0271723
0 0.884185 0.286524 0.0899433 0.0759518
0 0.58822 0.716949 0.0381048 0.0327337
0 0.352946 0.835992 0.0461597 0.0409085
0 0.10275 0.382498 0.0913504 0.0767132
0 0.94404 0.0877447 0.0972886 0.088174
0 0.0497644 0.35 0.0356257 0.0308251
0 0.197911 0.844171 0.0623649 0.0567287
0 0.821031 0.303141 0.0840009 0.0738986
0 0.318895 0.349606 0.0291412 0.0255685
0 0.298228 0.794869 0.0347289 0.0308221
0 0.0528446 0.61872 0.105044 0.0964818
0 0.819761 0.878454 0.0292189 0.0258539
0 0.169575 0.564683 0.0816915 0.0688496
0 0.487691 0.199384 0.0290606 0.024998
0 0.710068 0.947399 0.0358614 0.0312477
0 0.237288 0.198914 0.0468786 0.0407263
0 0.736165 0.779808 0.0438102 0.0377119
0 0.0312387 0.281291 0.0622351 0.0590821
0 0.495945 0.991994 0.0355026 0.016012
0 0.950213 0.97386 0.0713493 0.0521248
0 0.2703 0.879589 0.127299 0.116509
0 0.406174 0.974488 0.102354 0.0506765
0 0.497231 0.25467 0.119797 0.104426
0 0.918393 0.495195 0.0281607 0.0251265
0 0.524199 0.458166 0.0290586 0.0249628
0 0.569254 0.770121 0.0294388 0.0260523
0 0.407522 0.280695 0.0972044 0.0846634
0 0.32686 0.10856 0.0442066 0.0399979
0 0.871152 0.247306 0.0408841 0.0346659
0 0.866439 0.336613 0.0311154 0.0271966
0 0.768251 0.590673 0.0296303 0.0254755
0 0.970628 0.281236 0.0587437 0.101939
0 0.139366 0.614905 0.071454 0.0638383
0 0.0321118 0.577147 0.0494226 0.0434394
0 0.0588188 0.0916838 0.117638 0.183295
0 0.0319862 0.219938 0.0439523 0.0380476
0 0.0252618 0.546636 0.0503994 0.0511796
0 0.0423024 0.185637 0.0302484 0.0259679
0 0.209135 0.531673 0.0326296 0.0280473
0 0.267791 0.757084 0.0305225 0.0262481
0 0.61178 0.927378 0.0267427 0.0238365
0 0.320534 0.60731 0.0590172 0.0510815
0 0.565433 0.1448 0.194756 0.164863
0 0.458579 0.222053 0.0807517 0.0693649
0 0.589059 0.598657 0.101212 0.087537
0 0.242859 0.605087 0.0442348 0.0377958
0 0.170124 0.120226 0.0435861 0.0367621
0 0.426264 0.669336 0.147291 0.131425
0 0.124594 0.460852 0.0264401 0.0227537
0 0.88515 0.864366 0.0254656 0.022681
0 0.257603 0.776261 0.265292 0.250846
0 0.198363 0.193444 0.0373893 0.0330653
0 0.302534 0.0581754 0.207539 0.115703
0 0.904566 0.409159 0.0255527 0.0227757
0 0.562049 0.14447 0.0245459 0.0220607
0 0.637032 0.15663 0.525312 0.311239
0 0.433488 0.1649 0.0570339 0.0510306
0 0.229081 0.231606 0.0491552 0.0427682
0 0.353029 0.0358755 0.0619759 0.0545763
0 0.417352 0.56274 0.0301401 0.026535
0 0.189621 0.406849 0.0247509 0.0219814
0 0.620109 0.0436146 0.0249769 0.0225375
0 0.30128 0.264756 0.124874 0.108258
0 0.702356 0.290959 0.0259221 0.022932
0 0.911444 0.352566 0.0650516 0.0556592
0 0.921902 0.0472826 0.0239577 0.0218178
0 0.518937 0.534394 0.0327656 0.0292441
0 0.155479 0.50466 0.0763292 0.0609994
0 0.363654 0.146908 0.0363677 0.032285
0 0.778347 0.56072 0.116409 0.095462
