0 0.884321 0.380618 0.110808 0.106769
0 0.385066 0.276192 0.066713 0.0655535
0 0.921921 0.687356 0.0519474 0.0502331
0 0.328176 0.022915 0.0430001 0.042378
0 0.788172 0.232478 0.0421821 0.0413129
0 0.482452 0.879294 0.0342955 0.0331854
0 0.821143 0.728534 0.0352443 0.0332147
0 0.90397 0.25007 0.0273826 0.0263371
0 0.356254 0.319537 0.0302968 0.0294511
0 0.0116168 0.687925 0.0232336 0.026335
0 0.091798 0.200459 0.030288 0.0275551
0 0.265864 0.281516 0.027299 0.026159
0 0.193152 0.0299654 0.0270184 0.0251377
0 0.358139 0.126084 0.0410918 0.039643
0 0.465062 0.649199 0.0291886 0.0276448
0 0.751191 0.401985 0.0281345 0.0272441
0 0.638066 0.77131 0.0270026 0.0259117
0 0.437762 0.537412 0.024553 0.0237765
0 0.456216 0.435759 0.0242224 0.0234962
0 0.0470436 0.288269 0.025253 0.0238395
0 0.376041 0.806199 0.0279498 0.0278983
0 0.394963 0.713698 0.0259911 0.024863
0 0.0799245 0.496691 0.0227048 0.0220346
0 0.992219 0.404311 0.0155617 0.0362833
0 0.217337 0.610418 0.0224609 0.021831
0 0.82954 0.664315 0.0240395 0.0228534
0 0.235985 0.59328 0.0226214 0.0223137
0 0.170177 0.152837 0.02489 0.0232897
0 0.3993 0.0627294 0.023384 0.0229616
0 0.872422 0.994341 0.026118 0.0113176
0 0.346321 0.143597 0.0304665 0.0282454
0 0.693561 0.751151 0.0585724 0.0553576
