0 0.655998 0.713214 0.164048 0.151792
0 0.480136 0.801567 0.0540452 0.0517988
0 0.809873 0.240302 0.327343 0.303575
0 0.132781 0.446628 0.039814 0.037591
0 0.861837 0.538185 0.0443554 0.0422833
0 0.448749 0.643107 0.0380743 0.0357919
0 0.869105 0.679646 0.0343711 0.0324233
0 0.98644 0.803782 0.0270312 0.0386992
0 0.941814 0.617448 0.0346432 0.0333189
0 0.904492 0.653809 0.0380993 0.0364282
0 0.918802 0.775157 0.033052 0.031656
0 0.59819 0.867729 0.0531163 0.0497746
0 0.492646 0.949555 0.0441448 0.0416959
0 0.585029 0.822083 0.0349692 0.0337381
0 0.510283 0.246919 0.130552 0.123959
0 0.944311 0.542845 0.0342389 0.0326869
0 0.987373 0.894481 0.0250975 0.0339458
0 0.871811 0.64711 0.0318295 0.0301538
0 0.903034 0.857138 0.0429249 0.0416044
0 0.263597 0.9481 0.0367351 0.034473
0 0.863267 0.742514 0.0284653 0.0271649
0 0.773118 0.769601 0.0378287 0.0359005
0 0.97299 0.699434 0.0302623 0.0291945
0 0.988768 0.455253 0.0223565 0.0413555
0 0.747664 0.965206 0.0446668 0.0407949
0 0.731135 0.775755 0.0422294 0.039506
0 0.421193 0.2106 0.0280311 0.027103
0 0.615172 0.0904574 0.0269351 0.0255087
0 0.739523 0.846915 0.0340434 0.03143
0 0.0976186 0.592144 0.0264076 0.0257017
0 0.530854 0.791952 0.0271399 0.0258654
0 0.67737 0.821072 0.0257096 0.0238502
0 0.718526 0.921594 0.0315721 0.0292902
0 0.59985 0.899269 0.0326371 0.0306815
0 0.733585 0.0546429 0.105367 0.0963944
0 0.210161 0.645173 0.0248393 0.0237878
0 0.267578 0.0246318 0.0422983 0.0414458
0 0.621609 0.838988 0.0248963 0.023557
0 0.457405 0.123521 0.0811307 0.0765705
0 0.992987 0.835255 0.014002 0.0236345
0 0.178377 0.384933 0.0252283 0.023849
0 0.915703 0.475758 0.161026 0.151191
0 0.853277 0.104122 0.0338004 0.0315347
0 0.122661 0.180646 0.245322 0.360552
0 0.745506 0.533311 0.166838 0.154281
0 0.354643 0.841553 0.0238909 0.0233164
0 0.820848 0.816676 0.0264699 0.0245745
0 0.686293 0.634888 0.0250018 0.0233572
0 0.949312 0.108146 0.0264928 0.0245129
0 0.906003 0.504631 0.0244346 0.0233335
0 0.709787 0.00950635 0.0254404 0.0189421
0 0.810598 0.591319 0.0234966 0.0230005
0 0.9842 0.388458 0.0242354 0.0225048
0 0.549904 0.152673 0.073456 0.0683639
0 0.231441 0.00805458 0.0484394 0.0160812
0 0.530797 0.932233 0.0458755 0.0443538
