0 0.0524426 0.613088 0.104885 0.0910508
0 0.330333 0.631756 0.111329 0.0939794
0 0.842769 0.0822048 0.0996246 0.0837337
0 0.0319736 0.94909 0.0355033 0.0300653
0 0.22633 0.73307 0.042709 0.0355141
0 0.358836 0.67977 0.0998751 0.0814443
0 0.47495 0.465118 0.0808172 0.0644731
0 0.122568 0.904299 0.0425617 0.0347231
0 0.145076 0.0770905 0.0273749 0.0236836
0 0.586893 0.479821 0.027723 0.0235796
0 0.471411 0.626552 0.027947 0.0241235
0 0.275168 0.313714 0.0259836 0.0228036
0 0.0862795 0.487673 0.0263947 0.0221945
0 0.159154 0.764801 0.0598335 0.0508669
0 0.301951 0.123663 0.0622211 0.0532998
0 0.491958 0.950899 0.0247622 0.022648
0 0.369326 0.153056 0.0298191 0.0238261
0 0.987124 0.513718 0.0241723 0.0220714
0 0.223637 0.41081 0.447273 0.549245
0 0.317424 0.692957 0.0440201 0.0377701
0 0.0871754 0.807328 0.172204 0.32368
0 0.149399 0.922666 0.0328426 0.0284511
0 0.127615 0.933293 0.030413 0.0256688
0 0.274405 0.725101 0.03032 0.0261364
