0 0.534071 0.335483 0.575337 0.442556
0 0.113621 0.731527 0.129531 0.101298
0 0.110262 0.636366 0.149386 0.120448
0 0.944983 0.303276 0.110034 0.105615
0 0.55326 0.795528 0.13207 0.099931
0 0.853522 0.534747 0.0647902 0.0514418
0 0.4246 0.0438347 0.0662226 0.0505517
0 0.62275 0.0857342 0.0576888 0.0442639
0 0.456841 0.103193 0.0573639 0.0448206
0 0.221384 0.929254 0.0519956 0.0408275
0 0.851359 0.766899 0.0530278 0.0406458
0 0.858945 0.899243 0.0430408 0.033932
0 0.820133 0.905454 0.0392962 0.0311818
0 0.791115 0.0124689 0.0404716 0.0249378
0 0.501174 0.0561098 0.0469467 0.0356462
0 0.704501 0.539264 0.0563725 0.0429678
0 0.223337 0.844612 0.0776953 0.063287
0 0.729475 0.781837 0.045136 0.0341198
0 0.062158 0.0405539 0.0499443 0.0389987
0 0.799583 0.950502 0.0366332 0.0279158
0 0.280136 0.15332 0.12191 0.0932707
0 0.977172 0.373594 0.0399575 0.0324548
0 0.768356 0.138508 0.0725933 0.0569414
0 0.163337 0.141427 0.109753 0.0861247
0 0.693864 0.975027 0.0357361 0.0280933
0 0.518259 0.264867 0.0467331 0.0369978
0 0.942524 0.888297 0.0367752 0.0285018
0 0.0731745 0.557077 0.0491807 0.0378106
0 0.964707 0.82792 0.0385595 0.0303427
0 0.155413 0.226472 0.0465332 0.0361547
0 0.931802 0.930523 0.0392272 0.0305283
0 0.109274 0.691027 0.0308174 0.0252102
0 0.918973 0.48791 0.16152 0.15756
0 0.0130281 0.221158 0.0260563 0.0257085
0 0.627977 0.738426 0.0355673 0.0271954
0 0.942371 0.380203 0.028477 0.0235088
0 0.721548 0.825235 0.0304125 0.0233294
0 0.956545 0.951115 0.0401022 0.0311693
0 0.968545 0.100452 0.0334685 0.0270893
0 0.316629 0.693558 0.0373991 0.0293985
0 0.631734 0.130383 0.0350842 0.0278045
0 0.3399 0.0392058 0.0313074 0.0248419
0 0.504385 0.744998 0.0409433 0.0323784
0 0.957117 0.595143 0.0470304 0.0377054
0 0.579422 0.632017 0.0328808 0.0254267
0 0.385375 0.761484 0.0743432 0.0598454
0 0.708521 0.118365 0.0302565 0.024173
0 0.893012 0.73519 0.0332795 0.0258527
0 0.896878 0.196663 0.0379658 0.0296198
0 0.0332956 0.510338 0.0665016 0.0688624
0 0.185967 0.724245 0.0549919 0.04443
0 0.253264 0.492824 0.0377201 0.029829
0 0.115435 0.810205 0.0543552 0.040965
0 0.929849 0.232817 0.0451047 0.0354292
0 0.255518 0.395412 0.0312492 0.0247274
0 0.835256 0.959319 0.0301653 0.0236895
0 0.0770884 0.174279 0.0356672 0.0283032
0 0.152972 0.975569 0.0877553 0.0486927
0 0.988685 0.0782031 0.0226292 0.0277244
0 0.959301 0.768419 0.0330906 0.026751
0 0.244551 0.027863 0.0886733 0.0549876
0 0.290775 0.0571838 0.0657272 0.0514029
0 0.221561 0.992432 0.036412 0.0151363
0 0.7244 0.691894 0.0815523 0.0645293
0 0.978635 0.433161 0.0426744 0.0438672
0 0.108871 0.888308 0.217742 0.210406
0 0.130639 0.336897 0.0306487 0.0242526
0 0.992269 0.557291 0.0154615 0.026714
0 0.0923629 0.90334 0.094866 0.0765122
0 0.819754 0.309467 0.0345821 0.0281665
