0 0.387324 0.908654 0.103899 0.10032
0 0.987007 0.655719 0.0258938 0.0305664
0 0.932371 0.207491 0.0382826 0.0368685
0 0.231955 0.697511 0.0393419 0.0384476
0 0.120044 0.330142 0.0330536 0.0316668
0 0.748735 0.0698228 0.0310593 0.0296627
0 0.0871488 0.316292 0.0276656 0.0264928
0 0.539614 0.320824 0.0259228 0.0250343
0 0.898587 0.704432 0.027322 0.0263772
0 0.396139 0.561059 0.0290622 0.0280433
0 0.57152 0.941763 0.0413476 0.040167
0 0.940901 0.58027 0.0254423 0.0245593
0 0.666901 0.353981 0.0255897 0.024701
0 0.157548 0.932735 0.0319555 0.0309544
0 0.0108186 0.252953 0.0216372 0.0274207
0 0.279267 0.776201 0.0265177 0.0257902
0 0.772267 0.486285 0.0284424 0.0270603
0 0.249181 0.864201 0.038117 0.0380064
0 0.594975 0.22123 0.0350924 0.0342718
0 0.208731 0.866121 0.0344419 0.0335793
0 0.497903 0.941027 0.0331231 0.0320314
0 0.549362 0.92939 0.0378611 0.0364266
0 0.515717 0.905324 0.0594654 0.0587921
0 0.686054 0.844877 0.0283031 0.0278233
0 0.306985 0.932782 0.0283729 0.0275533
0 0.69354 0.626482 0.0374832 0.03574
0 0.688057 0.278284 0.0346198 0.0334188
0 0.362027 0.775852 0.0305836 0.0297647
0 0.87455 0.983893 0.0263601 0.0264816
0 0.403953 0.508768 0.0253444 0.0243572
0 0.182563 0.261471 0.0246365 0.0236483
0 0.407794 0.960137 0.0252242 0.024549
0 0.886474 0.244003 0.0321416 0.0314118
0 0.896037 0.271388 0.0354217 0.0341145
0 0.676949 0.248507 0.026428 0.0254408
0 0.464823 0.926184 0.0441301 0.0429749
0 0.74277 0.777837 0.024159 0.023778
0 0.610449 0.17079 0.0273452 0.0270281
0 0.327964 0.870814 0.0251579 0.0241559
0 0.465684 0.349543 0.0232352 0.0224814
0 0.55492 0.0603326 0.0234176 0.0228031
0 0.611942 0.61661 0.0279621 0.0264676
0 0.055415 0.890605 0.0577202 0.0571419
0 0.565178 0.805944 0.0239046 0.0241364
0 0.580574 0.612824 0.0268154 0.0262346
0 0.345458 0.143733 0.0242084 0.0233418
0 0.571956 0.827071 0.0284528 0.0281785
0 0.988722 0.259135 0.0225558 0.0235722
0 0.0693027 0.609735 0.0254894 0.0240748
0 0.415629 0.65573 0.0248016 0.0245123
0 0.190958 0.754926 0.0338429 0.0328918
0 0.405426 0.00451591 0.0241912 0.00896523
0 0.564172 0.768166 0.0258742 0.0247302
0 0.264824 0.88316 0.028065 0.0276029
0 0.0226902 0.936826 0.0248262 0.02382
0 0.310869 0.897174 0.0298776 0.0288866
0 0.713598 0.645937 0.0235375 0.0234125
0 0.0873731 0.84549 0.0395928 0.0368116
0 0.707718 0.497025 0.026375 0.0252731
0 0.0776861 0.184079 0.0249498 0.0236228
0 0.0934898 0.813475 0.0252826 0.0242419
0 0.215086 0.553859 0.0228584 0.0223176
0 0.154298 0.69254 0.0266218 0.0260985
0 0.074933 0.653449 0.0230447 0.0221597
0 0.0753756 0.836743 0.0237904 0.0232026
0 0.38344 0.605055 0.0245569 0.023856
0 0.747078 0.100247 0.0241032 0.0232751
0 0.0910442 0.140302 0.0226212 0.0215748
