0 0.533243 0.821544 0.134974 0.125661
0 0.153521 0.48109 0.0473709 0.0454166
0 0.61884 0.525581 0.053232 0.0504842
0 0.0742105 0.45586 0.0426108 0.0407782
0 0.402329 0.159282 0.0312314 0.0297873
0 0.109335 0.22727 0.0346189 0.0323336
0 0.00967899 0.271705 0.019358 0.0488855
0 0.729524 0.480561 0.0366479 0.0343399
0 0.727888 0.331835 0.0332468 0.031602
0 0.247107 0.188838 0.0325841 0.0311404
0 0.218846 0.824068 0.0299061 0.0284313
0 0.22486 0.854158 0.0307579 0.0295846
0 0.308919 0.0906895 0.0324302 0.0309917
0 0.346387 0.920202 0.0267655 0.0257187
0 0.542775 0.280106 0.0325174 0.0314431
0 0.720924 0.856603 0.0984976 0.093252
0 0.795634 0.696403 0.0739968 0.0696456
0 0.444695 0.718945 0.0911979 0.0869997
0 0.031634 0.134981 0.063047 0.169979
0 0.439915 0.839626 0.0291483 0.0279481
0 0.8474 0.371549 0.0252358 0.0239154
0 0.666923 0.184277 0.033158 0.0315186
0 0.412119 0.857362 0.0240666 0.0227504
0 0.590367 0.116155 0.025666 0.0253054
0 0.10979 0.502651 0.0844056 0.0807667
0 0.765462 0.77025 0.0335776 0.0321299
0 0.295932 0.947776 0.0242484 0.0230502
0 0.388837 0.987454 0.0242314 0.0228036
0 0.176228 0.717645 0.0234641 0.0227218
0 0.177485 0.0381994 0.143466 0.0762709
0 0.860052 0.056082 0.0289884 0.026508
0 0.906375 0.760662 0.18725 0.471947
0 0.586415 0.0365588 0.138964 0.0730669
0 0.693568 0.468657 0.0369383 0.0346975
0 0.964977 0.125574 0.0324586 0.0305484
0 0.601476 0.772421 0.0521054 0.0487657
0 0.223189 0.710049 0.0246548 0.0240808
0 0.51884 0.541126 0.0349269 0.0340369
