0 0.565437 0.844932 0.0554261 0.0480843
0 0.0420982 0.904238 0.0841964 0.0850344
0 0.578003 0.215691 0.0465279 0.0420041
0 0.230733 0.45415 0.0343457 0.0319954
0 0.481989 0.85834 0.0441226 0.0380205
0 0.270739 0.782238 0.0336604 0.0316762
0 0.373844 0.0119138 0.0297676 0.0237796
0 0.0762356 0.10998 0.0315375 0.0295892
0 0.118044 0.355489 0.0304296 0.0286111
0 0.347992 0.470795 0.029947 0.027638
0 0.340215 0.275927 0.0276415 0.0257491
0 0.23584 0.364625 0.0291335 0.0270813
0 0.115888 0.54403 0.0277518 0.0258385
0 0.311977 0.212035 0.0309699 0.0283437
0 0.211441 0.60429 0.0389922 0.0358586
0 0.185972 0.713584 0.0255534 0.0234398
0 0.0255828 0.879559 0.0511656 0.0628831
0 0.290271 0.545842 0.0284548 0.0264717
0 0.20065 0.630633 0.0239114 0.0225236
0 0.151274 0.460315 0.0237559 0.0221897
0 0.55272 0.547311 0.0249918 0.0236452
0 0.107472 0.340618 0.0229879 0.022047
0 0.254659 0.75377 0.0243014 0.0227718
0 0.566219 0.798831 0.0386064 0.0331585
0 0.581414 0.478592 0.024056 0.0226158
