0 0.952757 0.213246 0.0623761 0.0608745
0 0.449445 0.546386 0.0333142 0.0321691
0 0.0676145 0.0471442 0.0291163 0.0282492
0 0.498159 0.887308 0.0290716 0.0278255
0 0.512161 0.630052 0.0315189 0.0308673
0 0.406475 0.847654 0.0256179 0.0245421
0 0.715449 0.912983 0.0288403 0.0272651
0 0.866715 0.145128 0.0358254 0.0349107
0 0.334252 0.0236454 0.0254464 0.0244807
0 0.108204 0.724054 0.025777 0.0245681
0 0.692141 0.575942 0.0278842 0.0268888
0 0.518239 0.209756 0.0262318 0.0250252
0 0.861158 0.511491 0.0246601 0.0239764
0 0.820921 0.871666 0.024531 0.0232908
0 0.99255 0.136896 0.0149008 0.0256791
0 0.924311 0.101777 0.0234146 0.0225404
0 0.800575 0.403831 0.0239489 0.023315
0 0.692412 0.279459 0.023832 0.0233693
