0 0.853252 0.221838 0.256339 0.202595
0 0.925714 0.880314 0.147476 0.142096
0 0.569468 0.264276 0.235517 0.189939
0 0.814908 0.0668646 0.258225 0.133729
0 0.186162 0.493031 0.164939 0.137944
0 0.83188 0.320339 0.0542273 0.0438534
0 0.364583 0.675113 0.0365244 0.0297503
0 0.823996 0.781822 0.0624438 0.0514789
0 0.198298 0.279498 0.0449149 0.0339888
0 0.472645 0.754015 0.577652 0.481914
0 0.174053 0.261412 0.0295412 0.0230517
0 0.485736 0.433487 0.0392572 0.0309145
0 0.0525347 0.785176 0.105069 0.290149
0 0.524554 0.0383171 0.136458 0.0766342
0 0.267693 0.78628 0.0306047 0.0238514
0 0.908037 0.380248 0.0281237 0.0239535
0 0.700301 0.123737 0.0981612 0.078749
0 0.943194 0.439065 0.029813 0.0239489
0 0.602077 0.373356 0.0276023 0.0225268
0 0.0898337 0.374584 0.0262843 0.0216638
0 0.636978 0.537049 0.0375406 0.0314811
0 0.487557 0.342465 0.0808949 0.0658517
0 0.989052 0.26439 0.0218487 0.0329585
0 0.306814 0.304059 0.0400498 0.0301312
0 0.996068 0.137831 0.00786409 0.0582772
0 0.971277 0.551371 0.0291822 0.0236974
0 0.938551 0.389211 0.0262193 0.0222536
