0 0.179599 0.18622 0.0726281 0.0610839
0 0.495021 0.431421 0.186382 0.175763
0 0.366519 0.787382 0.100638 0.0887703
0 0.649042 0.851725 0.0908132 0.0794183
0 0.900753 0.779887 0.0650534 0.0556681
0 0.575955 0.0471678 0.0459784 0.0402396
0 0.963488 0.617042 0.0377522 0.0314508
0 0.54038 0.889832 0.184688 0.155566
0 0.302955 0.20941 0.112634 0.0976484
0 0.20659 0.120291 0.0495825 0.0421943
0 0.794878 0.231855 0.0439559 0.0382291
0 0.279776 0.596147 0.0289404 0.0260269
0 0.520944 0.534727 0.0307603 0.0278597
0 0.350028 0.934114 0.317793 0.131772
0 0.611664 0.733871 0.0460172 0.0397551
0 0.284365 0.0137197 0.0808472 0.0274394
0 0.244168 0.265039 0.0726137 0.0625539
0 0.536261 0.919717 0.0414011 0.0381593
0 0.122846 0.540896 0.24519 0.413422
0 0.812342 0.302859 0.0432609 0.0380504
0 0.774227 0.267435 0.439695 0.534869
0 0.143353 0.100515 0.0744272 0.0619374
0 0.174174 0.00473289 0.0319932 0.00940738
0 0.28103 0.313078 0.0386312 0.0342757
0 0.0900123 0.381994 0.0859458 0.072821
0 0.828614 0.289023 0.0354162 0.031446
0 0.404802 0.655136 0.0249064 0.0229983
0 0.363757 0.18297 0.061898 0.0537352
0 0.766051 0.257641 0.0412993 0.035473
0 0.218614 0.732528 0.0305464 0.0259392
0 0.48826 0.216289 0.465898 0.432579
0 0.16837 0.0571039 0.0262235 0.0225355
0 0.0306705 0.287721 0.0255613 0.0219969
0 0.690455 0.238099 0.0420542 0.0374826
0 0.616843 0.00646196 0.033375 0.0128845
0 0.0469515 0.883229 0.0265412 0.0247364
0 0.71813 0.234488 0.0392696 0.0346075
0 0.799739 0.26015 0.026021 0.0227717
0 0.269477 0.282505 0.0388911 0.0330084
0 0.931188 0.760666 0.0299563 0.0258694
0 0.751371 0.760296 0.0610465 0.0517071
0 0.268965 0.519569 0.0304456 0.0277774
0 0.293594 0.659366 0.0243265 0.0225467
0 0.248395 0.120067 0.0412876 0.0346787
0 0.494738 0.524079 0.0257459 0.0242517
0 0.756645 0.749698 0.0767362 0.0666158
