0 0.865365 0.922604 0.0616651 0.0603073
0 0.922027 0.748297 0.0641794 0.063292
0 0.130898 0.21969 0.0455969 0.0429388
0 0.0980033 0.306029 0.0609686 0.0569843
0 0.680423 0.990078 0.0247916 0.0198442
0 0.493319 0.327578 0.0315234 0.0304401
0 0.279007 0.0436313 0.0377553 0.0363054
0 0.494235 0.626003 0.0399756 0.0376543
0 0.210217 0.0936008 0.0330137 0.0312591
0 0.899738 0.892345 0.033689 0.0330352
0 0.251162 0.275836 0.0326682 0.0304422
0 0.782585 0.563263 0.0478664 0.0457813
0 0.672552 0.459301 0.0275545 0.0259449
0 0.144696 0.157744 0.033028 0.0309409
0 0.151277 0.263635 0.0453645 0.0427578
0 0.198356 0.330245 0.0326688 0.0312126
0 0.448252 0.0820223 0.0398068 0.0383633
0 0.679526 0.220236 0.0338929 0.0332057
0 0.398361 0.0884116 0.0265761 0.0257287
0 0.620354 0.186355 0.02741 0.0265345
0 0.0964405 0.526991 0.0241866 0.0222115
0 0.630028 0.65283 0.0518721 0.0504338
0 0.561346 0.587434 0.0385118 0.0374756
0 0.895895 0.611398 0.0270133 0.0259668
0 0.53953 0.634527 0.0488504 0.0465455
0 0.766562 0.110087 0.0231326 0.0224424
0 0.166709 0.319517 0.0284535 0.0268134
0 0.0463199 0.755874 0.028145 0.0267925
0 0.178276 0.156698 0.0309165 0.0285824
0 0.81158 0.187897 0.0241405 0.0237972
0 0.788227 0.21782 0.0243837 0.0243449
0 0.555206 0.518877 0.031576 0.0311057
0 0.537974 0.560132 0.0334511 0.0325452
0 0.148625 0.180839 0.0380055 0.0355176
0 0.889062 0.37194 0.0260793 0.0250598
0 0.303043 0.44795 0.0232441 0.0218059
0 0.928103 0.630485 0.0327287 0.0310131
0 0.860005 0.245742 0.022213 0.0220276
