0 0.896865 0.391437 0.196209 0.190529
0 0.175428 0.563386 0.0597925 0.0590196
0 0.51008 0.585029 0.081271 0.0786901
0 0.322551 0.779989 0.0471655 0.0464334
0 0.460386 0.231961 0.0507569 0.0501814
0 0.0177414 0.405713 0.035465 0.0442616
0 0.243649 0.35847 0.0384356 0.0374478
0 0.173794 0.906723 0.0345193 0.032997
0 0.840188 0.648082 0.0634537 0.0611234
0 0.459749 0.523928 0.0378367 0.0373077
0 0.864499 0.587136 0.0673432 0.0659091
0 0.990035 0.816315 0.0197742 0.0293417
0 0.419552 0.57902 0.125092 0.121686
0 0.740854 0.271847 0.0303452 0.02948
0 0.549443 0.206104 0.0304775 0.03006
0 0.882551 0.392429 0.0354199 0.0340247
0 0.66199 0.125923 0.0298488 0.0290454
0 0.542069 0.65638 0.100939 0.0979991
0 0.290025 0.430436 0.0389037 0.0382164
0 0.358423 0.649199 0.11748 0.113524
0 0.813528 0.301173 0.0299466 0.0294079
0 0.830531 0.263062 0.0313889 0.0305581
0 0.53435 0.245403 0.0295002 0.0286956
0 0.532407 0.0964353 0.0295289 0.0287458
0 0.190078 0.452567 0.0323046 0.0321011
0 0.4113 0.199015 0.0271528 0.0266554
0 0.911208 0.5006 0.153011 0.14616
0 0.525109 0.446652 0.102648 0.0982922
0 0.774267 0.53715 0.0551235 0.0526729
0 0.247191 0.0856911 0.0308005 0.0296548
0 0.724322 0.00667723 0.0276501 0.0132991
0 0.718172 0.301733 0.0249889 0.0241238
0 0.0782938 0.792336 0.0446857 0.042448
0 0.0913686 0.548575 0.0242324 0.0238152
0 0.656466 0.594063 0.0827104 0.0807757
0 0.405078 0.684034 0.0308023 0.0309508
0 0.0931187 0.329822 0.0418791 0.0404152
0 0.166019 0.408525 0.0355188 0.0348552
0 0.487181 0.0046104 0.0239375 0.00920392
0 0.463028 0.875891 0.0496749 0.0488347
0 0.311413 0.337514 0.0268312 0.0264866
0 0.526841 0.0445828 0.0239866 0.0229589
0 0.675394 0.819092 0.0518529 0.0512073
0 0.442032 0.156786 0.0311889 0.0303191
0 0.102788 0.847672 0.072058 0.06814
0 0.749626 0.346459 0.0227963 0.0222512
0 0.435034 0.716849 0.0235945 0.0230523
0 0.991224 0.136308 0.0175509 0.0264325
0 0.75659 0.944334 0.0312374 0.0309413
