0 0.79244 0.88607 0.107047 0.0964957
0 0.612024 0.851866 0.0356579 0.0315368
0 0.292977 0.502877 0.0455195 0.0381668
0 0.704614 0.518344 0.0263882 0.02404
0 0.553847 0.77773 0.0513779 0.0458973
0 0.433944 0.301866 0.0327655 0.0305858
0 0.594548 0.929384 0.0298932 0.0255092
0 0.0697944 0.0120362 0.0354507 0.024056
0 0.0302987 0.170351 0.0264894 0.0231671
0 0.792363 0.240254 0.0431964 0.0378724
0 0.294471 0.464681 0.0285487 0.0246235
0 0.585593 0.60397 0.0244455 0.0228376
0 0.71196 0.412575 0.0243108 0.0225566
0 0.75072 0.917152 0.0506916 0.0459576
0 0.665026 0.970927 0.0799763 0.0581459
0 0.231639 0.488471 0.0363779 0.0310562
0 0.784354 0.955439 0.0459313 0.0416739
0 0.971423 0.556368 0.0236232 0.0222619
