0 0.298064 0.213047 0.0483319 0.0429112
0 0.417939 0.937071 0.0362366 0.0327482
0 0.113309 0.44144 0.0429878 0.0403713
0 0.956524 0.0616168 0.0340907 0.0304823
0 0.787927 0.650369 0.034973 0.0322187
0 0.353725 0.0365851 0.0334523 0.03017
0 0.607616 0.406536 0.0382426 0.0364341
0 0.613765 0.639097 0.0310721 0.029261
0 0.82678 0.0264577 0.0273347 0.0247046
0 0.105657 0.887031 0.0267615 0.0241666
0 0.598745 0.65853 0.0367785 0.0350564
0 0.120971 0.470676 0.0434777 0.0421739
0 0.329758 0.746606 0.038362 0.0361928
0 0.156443 0.717378 0.0314702 0.0294051
0 0.821118 0.87535 0.0273172 0.0261469
0 0.891733 0.873717 0.0313952 0.0303186
0 0.365895 0.208979 0.0327587 0.0307835
0 0.891069 0.919226 0.0253978 0.0242558
0 0.126799 0.492003 0.0287817 0.0272183
0 0.0164912 0.71563 0.0328713 0.035346
0 0.951724 0.0847234 0.0249755 0.0230359
0 0.701 0.898277 0.026567 0.0250108
0 0.433215 0.628492 0.0257254 0.0242989
0 0.31713 0.568407 0.0337933 0.03157
0 0.379464 0.302333 0.0264481 0.0251313
0 0.510931 0.891276 0.0278257 0.0258258
0 0.666512 0.808687 0.0289741 0.0273641
0 0.0122473 0.843675 0.0244946 0.0309145
0 0.850471 0.411813 0.0237754 0.022658
0 0.886856 0.714883 0.0354242 0.0337045
0 0.975616 0.487805 0.0305929 0.0285783
0 0.985014 0.469056 0.029972 0.0313213
0 0.719246 0.752285 0.0286458 0.0268971
0 0.996972 0.285002 0.00605574 0.0246164
0 0.481519 0.0603266 0.0269767 0.0251572
0 0.295925 0.907529 0.0243013 0.0226197
0 0.787879 0.397118 0.0238583 0.0228885
0 0.443266 0.975242 0.0267139 0.0245379
0 0.482341 0.960655 0.0321581 0.0296147
0 0.565502 0.193963 0.0319881 0.0306473
0 0.710285 0.682763 0.0299013 0.0285138
0 0.451776 0.639566 0.0263382 0.0244136
0 0.696889 0.113936 0.0258323 0.0236835
0 0.531455 0.129957 0.0302706 0.0285763
0 0.571833 0.40428 0.0293335 0.0281332
0 0.695208 0.096569 0.0252988 0.0244955
0 0.921765 0.732776 0.024524 0.0231192
0 0.0257751 0.871843 0.0250519 0.0234816
0 0.730919 0.449317 0.0343096 0.0319778
