0 0.483613 0.557702 0.165879 0.148847
0 0.359166 0.361328 0.128132 0.116781
0 0.883917 0.906174 0.21073 0.186169
0 0.69363 0.188749 0.363842 0.351771
0 0.256177 0.503516 0.0318395 0.0300407
0 0.969762 0.258445 0.0361777 0.0317194
0 0.980713 0.10925 0.0385746 0.0526928
0 0.00977891 0.262618 0.0195578 0.0255576
0 0.299826 0.0352108 0.127392 0.0701678
0 0.366511 0.00916917 0.024995 0.018296
0 0.656225 0.97682 0.0286975 0.0257219
0 0.73093 0.159447 0.0258587 0.0242296
0 0.631066 0.858195 0.0280852 0.0242293
0 0.0181995 0.186521 0.0363991 0.0432547
0 0.0398405 0.263637 0.0300577 0.0270852
0 0.876292 0.0387678 0.155311 0.0775355
0 0.369104 0.753072 0.0256653 0.0228167
0 0.590063 0.0155929 0.0899424 0.0311841
0 0.334206 0.0802731 0.0342939 0.0327026
0 0.98318 0.859684 0.033641 0.182474
0 0.588688 0.429897 0.148627 0.12874
0 0.338484 0.876785 0.0253419 0.0222836
0 0.386209 0.218619 0.499145 0.411347
0 0.00987642 0.547771 0.0197528 0.0243025
0 0.0467013 0.0735983 0.0618219 0.0543812
0 0.982358 0.973001 0.035284 0.0529039
0 0.88052 0.142249 0.027467 0.0252852
0 0.97059 0.0301975 0.0585966 0.0603951
0 0.949936 0.730609 0.100128 0.13714
