0 0.62732 0.766206 0.0938076 0.0726274
0 0.185466 0.442558 0.072916 0.0578601
0 0.192571 0.194942 0.0421439 0.0324722
0 0.323648 0.773792 0.0474604 0.0365412
0 0.296409 0.923405 0.0492603 0.0369358
0 0.798502 0.4351 0.0380609 0.0290115
0 0.264204 0.763811 0.0438471 0.0332747
0 0.297377 0.85435 0.0371134 0.0285304
0 0.483505 0.837161 0.0385926 0.030171
0 0.248537 0.989083 0.0407894 0.0218329
0 0.180607 0.555672 0.0464831 0.0368588
0 0.527948 0.638322 0.0356517 0.0269618
0 0.668056 0.673789 0.0346028 0.0270722
0 0.348144 0.809925 0.0383612 0.0285995
0 0.79728 0.394354 0.0352478 0.0265682
0 0.510282 0.0259169 0.0343058 0.0265109
0 0.523678 0.0529727 0.0338608 0.0252416
0 0.924178 0.0889401 0.0314904 0.0249511
0 0.442884 0.934187 0.0344801 0.0265591
0 0.552505 0.255584 0.0297708 0.0233751
0 0.293537 0.677944 0.0330439 0.0261521
0 0.97739 0.108503 0.0350173 0.0269283
0 0.436492 0.826278 0.0314169 0.0240929
0 0.533722 0.778364 0.0314354 0.0246475
0 0.644002 0.637326 0.0297294 0.0235663
0 0.0176129 0.248899 0.0323423 0.0233142
0 0.16709 0.589466 0.0353525 0.0283241
0 0.97858 0.566607 0.0315597 0.0239906
0 0.581324 0.470232 0.0294378 0.0232318
0 0.11445 0.62464 0.0291039 0.0240827
0 0.673795 0.483725 0.031841 0.0248161
0 0.994743 0.197936 0.0105142 0.0262883
0 0.39157 0.910967 0.0294176 0.023352
0 0.990017 0.0347988 0.0199665 0.0252342
0 0.74699 0.346499 0.0406777 0.0313493
0 0.195211 0.651954 0.0293014 0.0239449
0 0.221434 0.662887 0.0420273 0.033015
0 0.625043 0.692898 0.0287135 0.0229974
0 0.00414674 0.305909 0.00829347 0.0254343
0 0.738422 0.326135 0.0361986 0.0296922
0 0.668465 0.570068 0.0276773 0.0221636
0 0.819949 0.564009 0.0268745 0.0218487
0 0.730747 0.225307 0.0280204 0.0215888
0 0.416543 0.136889 0.0273684 0.0215985
0 0.0829291 0.783863 0.0267594 0.0222464
0 0.583646 0.674411 0.0270355 0.021799
0 0.392304 0.824907 0.0279284 0.022496
0 0.60844 0.514601 0.0271991 0.0216393
0 0.988133 0.540128 0.0236549 0.0209825
0 0.196573 0.617752 0.0391908 0.0320822
0 0.207677 0.573144 0.0288699 0.0234804
0 0.189167 0.517821 0.0291764 0.0238191
0 0.579362 0.393265 0.0326729 0.026366
0 0.649705 0.720372 0.0274182 0.021427
0 0.267769 0.136262 0.0289222 0.0231977
0 0.857651 0.729258 0.0280855 0.0222583
0 0.265903 0.912956 0.0279104 0.022407
