0 0.238489 0.171989 0.0481697 0.040236
0 0.469156 0.379572 0.0405617 0.0331892
0 0.085415 0.973174 0.0801942 0.0536516
0 0.0834218 0.115482 0.0371659 0.0306497
0 0.610616 0.0997721 0.0525942 0.0443108
0 0.981062 0.424732 0.0378761 0.0366968
0 0.382698 0.680218 0.0401112 0.0325859
0 0.238115 0.448248 0.032019 0.026597
0 0.768433 0.837382 0.045798 0.0386602
0 0.721726 0.0177779 0.0280998 0.0243074
0 0.623468 0.12677 0.0374653 0.0322883
0 0.983432 0.098371 0.0283389 0.0242787
0 0.662314 0.181452 0.0479245 0.0397
0 0.0718841 0.0595468 0.0379317 0.0321358
0 0.719399 0.104292 0.0276957 0.0234889
0 0.283915 0.149561 0.0397002 0.0336306
0 0.27213 0.010374 0.0323143 0.0206983
0 0.0195616 0.266126 0.0380482 0.0325194
0 0.123686 0.627356 0.0500317 0.0417383
0 0.524201 0.44071 0.0300304 0.0250978
0 0.419532 0.527224 0.0292462 0.0248213
0 0.609949 0.424319 0.0268162 0.0229289
0 0.397213 0.0843343 0.176751 0.156762
0 0.520597 0.176282 0.0288758 0.024839
0 0.295298 0.904681 0.0273963 0.0232361
0 0.855135 0.252972 0.122677 0.106555
0 0.122321 0.00509155 0.0244442 0.010162
