0 0.19396 0.474129 0.0566813 0.0536526
0 0.704656 0.407015 0.0571413 0.0531284
0 0.922044 0.596365 0.0496904 0.0464172
0 0.616182 0.411699 0.0412555 0.0385509
0 0.645818 0.273639 0.0340332 0.0314787
0 0.666224 0.198125 0.0310612 0.0293353
0 0.810997 0.879592 0.0293097 0.0275938
0 0.582099 0.242083 0.026631 0.0251234
0 0.640502 0.251993 0.0312453 0.0293738
0 0.258598 0.360548 0.0245343 0.0229211
0 0.357314 0.662508 0.0246215 0.0227575
0 0.714146 0.151213 0.0235538 0.0220514
0 0.278325 0.275739 0.0235591 0.0223504
0 0.332314 0.348409 0.0238709 0.0227889
0 0.852981 0.935731 0.023577 0.0220268
0 0.626899 0.445707 0.0233012 0.0212107
