0 0.384118 0.352675 0.142828 0.132408
0 0.450196 0.653062 0.129186 0.118086
0 0.06635 0.66581 0.106378 0.0975132
0 0.758806 0.483287 0.081663 0.0750253
0 0.287789 0.514754 0.0783997 0.0702905
0 0.0777786 0.400525 0.102844 0.0948629
0 0.842449 0.468825 0.0484481 0.0453348
0 0.235029 0.689935 0.056972 0.0527598
0 0.949581 0.87522 0.0337572 0.031691
0 0.332292 0.97325 0.0338791 0.0325196
0 0.556622 0.429469 0.0315878 0.0289025
0 0.947705 0.719303 0.104211 0.103979
0 0.550504 0.397887 0.0498176 0.0450885
0 0.110799 0.0433766 0.0564167 0.0540509
0 0.11883 0.919154 0.0284043 0.027087
0 0.986879 0.273319 0.0254696 0.0242791
0 0.859822 0.207686 0.0261833 0.0249978
0 0.131411 0.30033 0.0607479 0.0560793
0 0.14563 0.602216 0.0308919 0.0285361
0 0.724502 0.527581 0.0298579 0.0282662
0 0.0474082 0.953136 0.0311742 0.0296229
0 0.835299 0.156894 0.0280191 0.0269245
0 0.700086 0.339433 0.0410919 0.0373844
0 0.251687 0.35428 0.232357 0.217856
0 0.625902 0.515079 0.0352061 0.0320764
0 0.588679 0.444362 0.0631442 0.057208
0 0.20682 0.219388 0.133445 0.122557
0 0.873022 0.639287 0.0238115 0.0229733
0 0.392741 0.593293 0.0417392 0.0378515
0 0.172523 0.601419 0.0254339 0.0236564
0 0.972707 0.387377 0.0542407 0.0603586
0 0.242912 0.754349 0.0246744 0.0228494
0 0.968693 0.610027 0.0626143 0.163507
0 0.768243 0.61887 0.0272757 0.0252054
0 0.978453 0.802538 0.0288253 0.0283152
0 0.698241 0.594522 0.075803 0.0693432
0 0.557659 0.662256 0.133621 0.123413
0 0.185721 0.559077 0.0620363 0.0566323
0 0.754006 0.954476 0.0234365 0.022541
0 0.0435332 0.591646 0.0318618 0.0287471
0 0.077326 0.0974815 0.075954 0.0720232
0 0.782005 0.142931 0.0367237 0.0350299
0 0.627784 0.317248 0.0613344 0.0576041
0 0.386879 0.492957 0.0487413 0.0445531
0 0.505248 0.586649 0.0516748 0.0482592
0 0.00292638 0.495322 0.00585275 0.0287677
0 0.799055 0.962452 0.0254353 0.0240684
