0 0.0380506 0.426959 0.0622997 0.0571344
0 0.22066 0.927652 0.0603451 0.057653
0 0.671991 0.590038 0.182748 0.178497
0 0.944467 0.820253 0.0625308 0.0610537
0 0.155208 0.663017 0.0548515 0.0537981
0 0.343164 0.582744 0.415145 0.446066
0 0.890055 0.881578 0.0389502 0.0380384
0 0.770368 0.259675 0.0314473 0.031026
0 0.0513843 0.765401 0.0303794 0.0295188
0 0.518394 0.271689 0.0356898 0.0345078
0 0.927654 0.889438 0.0439858 0.0441225
0 0.934509 0.703765 0.0424302 0.0409157
0 0.720755 0.741902 0.0421955 0.0408967
0 0.955814 0.405164 0.0310793 0.0306782
0 0.552394 0.327784 0.0319078 0.0307294
0 0.55722 0.515772 0.0263691 0.0260408
0 0.56135 0.49002 0.0313475 0.0298742
0 0.057616 0.0440511 0.0341937 0.0330481
0 0.761288 0.831196 0.034178 0.0332796
0 0.377086 0.0168512 0.14306 0.0336776
0 0.766356 0.464962 0.0281855 0.0274733
0 0.812228 0.317032 0.292648 0.270431
0 0.610092 0.0847032 0.0453308 0.0443195
0 0.988133 0.639283 0.0237119 0.0642412
0 0.221358 0.386587 0.0312524 0.0296835
0 0.924745 0.364062 0.0425379 0.0414209
0 0.695866 0.737829 0.0242481 0.0239751
0 0.518788 0.37234 0.185325 0.18343
0 0.878691 0.25477 0.0303087 0.0287496
0 0.581611 0.951741 0.144505 0.0962955
0 0.608415 0.746177 0.0281472 0.0279264
0 0.683489 0.714757 0.0296268 0.0286129
0 0.737706 0.149077 0.11881 0.116892
0 0.116792 0.823845 0.232202 0.348717
0 0.25217 0.176993 0.0273358 0.026515
0 0.135878 0.110039 0.0243272 0.0238212
0 0.541176 0.456657 0.0359165 0.0348308
0 0.499519 0.994243 0.0257647 0.0115136
0 0.293733 0.203978 0.375835 0.396895
0 0.833213 0.988455 0.0354767 0.0230907
0 0.080023 0.517269 0.158964 0.375699
0 0.459991 0.911507 0.0447794 0.0422023
0 0.0834369 0.54881 0.154267 0.146904
0 0.845234 0.390642 0.0287639 0.02784
0 0.851278 0.0813859 0.297445 0.162323
0 0.518298 0.468757 0.0243406 0.0235821
0 0.854729 0.51989 0.0289442 0.0277164
0 0.830942 0.555573 0.024505 0.0242076
0 0.0157932 0.114562 0.031534 0.0592055
0 0.601473 0.807376 0.0347364 0.0344975
0 0.103871 0.833428 0.0434567 0.0401708
0 0.75704 0.283638 0.0218112 0.021808
0 0.0958265 0.928969 0.0235016 0.0231903
0 0.0951023 0.834621 0.0276603 0.0261949
0 0.944036 0.750691 0.0266435 0.0260878
