0 0.415226 0.282513 0.0524513 0.0428762
0 0.638578 0.707063 0.0423019 0.0340195
0 0.0768813 0.727838 0.153763 0.198206
0 0.915803 0.816698 0.106607 0.0851312
0 0.192769 0.68547 0.040567 0.0313147
0 0.679279 0.442689 0.033659 0.0272244
0 0.612333 0.406323 0.0331993 0.0274756
0 0.806648 0.833577 0.048307 0.0377996
0 0.249746 0.024708 0.0304147 0.023867
0 0.485738 0.408032 0.0367073 0.0312074
0 0.97458 0.521223 0.0285553 0.0231833
0 0.290221 0.311698 0.0321101 0.0250002
0 0.798311 0.71566 0.0295571 0.0232666
0 0.986995 0.745891 0.026011 0.0235484
0 0.626088 0.641233 0.0273355 0.0223556
0 0.475107 0.443325 0.0301502 0.0258266
0 0.718549 0.330984 0.028574 0.0245612
0 0.258674 0.346613 0.0279149 0.0225346
0 0.829374 0.815014 0.0319567 0.0264842
0 0.910588 0.755258 0.0275094 0.0229144
0 0.376386 0.0751247 0.0885807 0.0715881
0 0.430121 0.209109 0.06446 0.0518912
0 0.844673 0.801998 0.0314325 0.0252706
