0 0.0442169 0.96899 0.0485592 0.0378823
0 0.116593 0.433655 0.0366262 0.0291965
0 0.730606 0.0668026 0.0404372 0.0307994
0 0.0542414 0.305569 0.035126 0.027436
0 0.167125 0.351097 0.0906435 0.0719997
0 0.0488734 0.245198 0.0977468 0.0979492
0 0.771608 0.0164589 0.0316068 0.0249064
0 0.695188 0.152058 0.0738716 0.0594031
0 0.986364 0.656936 0.0272722 0.0241823
0 0.827187 0.107252 0.0292454 0.0237874
0 0.0742698 0.0285452 0.0879713 0.0568187
0 0.947248 0.732359 0.0350064 0.0271155
0 0.570376 0.239754 0.030705 0.0247383
0 0.169769 0.0630998 0.0752199 0.0608424
0 0.968425 0.474558 0.0294917 0.0233403
0 0.0375017 0.762147 0.074892 0.0903919
0 0.709156 0.149941 0.100982 0.0804524
0 0.949066 0.0103274 0.0781627 0.0205387
0 0.803163 0.655424 0.0628412 0.0475826
0 0.863259 0.790326 0.0372917 0.027987
0 0.265705 0.333271 0.062127 0.0505983
0 0.75737 0.227013 0.083681 0.0672341
0 0.566754 0.554786 0.0301893 0.023475
0 0.951171 0.701176 0.0325034 0.025984
0 0.136461 0.258537 0.0662371 0.0513979
0 0.487686 0.301582 0.111321 0.0905068
0 0.0873774 0.533865 0.0799512 0.0632218
0 0.475527 0.331251 0.082494 0.0684006
0 0.600663 0.562 0.030323 0.0234642
