0 0.685498 0.744628 0.49253 0.356949
0 0.640161 0.277135 0.153087 0.116507
0 0.839774 0.375247 0.211533 0.160326
0 0.0397475 0.313549 0.0793437 0.0815586
0 0.936219 0.0678489 0.127561 0.131775
0 0.920631 0.954172 0.0520194 0.0410638
0 0.20123 0.667141 0.262188 0.186877
0 0.212311 0.863025 0.042048 0.0336606
0 0.740715 0.0529683 0.247835 0.105838
0 0.112156 0.3782 0.050181 0.038095
0 0.0188195 0.390329 0.0376391 0.0360852
0 0.0353835 0.808165 0.070767 0.0786585
0 0.225225 0.796318 0.0476418 0.0373781
0 0.217477 0.101293 0.244378 0.167101
0 0.602714 0.93137 0.0537354 0.0411286
0 0.882779 0.986612 0.0511026 0.0266037
0 0.376675 0.894907 0.0413064 0.0315245
0 0.538505 0.496751 0.0428407 0.0336246
0 0.0499597 0.45857 0.0313069 0.0247381
0 0.485087 0.507639 0.246322 0.167352
0 0.130343 0.582135 0.0387656 0.0299561
0 0.986746 0.663962 0.0261004 0.0250729
0 0.351821 0.22677 0.0345838 0.026877
0 0.95254 0.876541 0.0438724 0.0334761
0 0.701901 0.11783 0.0594858 0.0442773
0 0.194601 0.737477 0.127153 0.0966013
0 0.347418 0.286758 0.035954 0.0284891
0 0.232583 0.0247897 0.190718 0.0493351
0 0.972522 0.903391 0.0418693 0.031312
0 0.890102 0.203309 0.0663581 0.0539391
0 0.0448291 0.244198 0.0896582 0.116508
0 0.865525 0.956734 0.0466088 0.0353392
0 0.0962535 0.855967 0.0830504 0.0646484
0 0.368055 0.449118 0.172212 0.132056
0 0.343256 0.756128 0.122716 0.0964549
0 0.876651 0.92907 0.0386706 0.0293893
0 0.136648 0.255006 0.065289 0.0489369
0 0.0776056 0.266533 0.0346709 0.0261734
0 0.466668 0.98802 0.0409059 0.0238384
0 0.355018 0.926543 0.0544601 0.0420726
0 0.0954514 0.954967 0.120227 0.089581
0 0.0863325 0.173004 0.0833089 0.061247
0 0.499415 0.380468 0.0292552 0.0234257
0 0.0284683 0.703093 0.0290322 0.022723
0 0.411171 0.79758 0.0300995 0.0238221
0 0.739956 0.793528 0.0281638 0.0228055
0 0.0323073 0.364247 0.0279235 0.0215315
0 0.550766 0.962615 0.0275035 0.0220137
0 0.0102977 0.123711 0.0205954 0.0608934
0 0.0739241 0.0183752 0.145877 0.0366458
0 0.919932 0.245112 0.0336032 0.0271347
0 0.0241989 0.902129 0.0483978 0.194963
0 0.275881 0.018501 0.0493746 0.0361303
0 0.0502756 0.98283 0.0934282 0.0342981
