0 0.823705 0.214043 0.130748 0.104811
0 0.96119 0.947365 0.0479687 0.0378655
0 0.593293 0.775563 0.0958695 0.0782624
0 0.369511 0.032939 0.0563952 0.0456448
0 0.501653 0.655172 0.104084 0.0839064
0 0.4001 0.890262 0.147134 0.116053
0 0.762927 0.130546 0.0500406 0.04129
0 0.110195 0.297778 0.0501466 0.0382221
0 0.900495 0.284264 0.130705 0.105568
0 0.166621 0.0676227 0.034026 0.0270176
0 0.491358 0.493311 0.228049 0.176765
0 0.287058 0.902995 0.0924617 0.0744752
0 0.289196 0.623198 0.0317982 0.0257819
0 0.110717 0.877898 0.057106 0.0463061
0 0.0701317 0.704475 0.0312737 0.0247779
0 0.150373 0.675009 0.300746 0.437762
0 0.55361 0.1978 0.155615 0.124769
0 0.553335 0.701663 0.0805409 0.0634688
0 0.359261 0.874842 0.0356445 0.0298088
0 0.817778 0.149523 0.0578424 0.0457382
0 0.90139 0.384311 0.0359134 0.0276465
0 0.197203 0.161896 0.0572779 0.0458558
0 0.6936 0.12889 0.0324619 0.0257834
0 0.628449 0.674503 0.0579916 0.0446811
0 0.405606 0.367606 0.185294 0.133984
0 0.860168 0.986865 0.0305362 0.0244889
0 0.057046 0.393406 0.0643195 0.0482674
0 0.520598 0.0931141 0.0527666 0.0420067
0 0.833219 0.930953 0.0300846 0.0235987
0 0.0980709 0.105341 0.0313183 0.0249756
0 0.551795 0.936945 0.0339925 0.0279145
0 0.714605 0.815662 0.0894104 0.0740568
0 0.933152 0.995919 0.0485619 0.00816202
0 0.969431 0.205323 0.0262734 0.0220204
0 0.484567 0.437282 0.0526977 0.0416958
0 0.804483 0.655516 0.341835 0.222016
0 0.627828 0.448458 0.0487833 0.0381302
0 0.480828 0.575042 0.0297552 0.0243163
0 0.751408 0.044475 0.332969 0.0889499
0 0.116827 0.532611 0.197327 0.153986
