0 0.408665 0.0767381 0.0329275 0.0320069
0 0.638933 0.294589 0.0273244 0.0264136
0 0.496713 0.784499 0.0270084 0.0263724
0 0.22718 0.0685075 0.0252443 0.0247069
0 0.99443 0.681183 0.0111407 0.0336084
0 0.13809 0.473935 0.0247014 0.0238331
0 0.208571 0.539689 0.0254323 0.0240653
0 0.349862 0.929712 0.0246929 0.0235345
0 0.51165 0.837594 0.0247345 0.0238189
0 0.565721 0.204555 0.0237888 0.0229118
0 0.746227 0.679079 0.0382652 0.0375989
0 0.035804 0.384682 0.0239267 0.0225853
0 0.733227 0.668503 0.0293093 0.0279386
0 0.231969 0.550292 0.024772 0.0244782
0 0.544846 0.781785 0.0230329 0.0223322
0 0.246388 0.343127 0.0229775 0.0225319
0 0.192015 0.522281 0.02322 0.0224323
