0 0.831368 0.0569544 0.174423 0.113909
0 0.61574 0.908867 0.249615 0.182266
0 0.787292 0.206135 0.0628219 0.053104
0 0.367806 0.461601 0.040805 0.0314941
0 0.912853 0.445366 0.036879 0.0291983
0 0.152149 0.141018 0.0473908 0.0378387
0 0.222863 0.0103752 0.0576796 0.0207504
0 0.756796 0.337256 0.0500911 0.0400389
0 0.896853 0.813066 0.055913 0.0449011
0 0.27681 0.224035 0.091299 0.0735729
0 0.272066 0.596687 0.0368402 0.0288157
0 0.0291366 0.844299 0.0375591 0.0291181
0 0.152519 0.112121 0.0270362 0.0220459
0 0.692081 0.778267 0.17377 0.141512
0 0.390529 0.755084 0.0273787 0.0219653
0 0.703069 0.317786 0.0320786 0.0271569
0 0.110832 0.0435484 0.162458 0.0870967
0 0.318777 0.171205 0.0576754 0.0461246
0 0.687837 0.472085 0.0409339 0.0331772
0 0.217455 0.242875 0.0712581 0.0560879
0 0.724507 0.0157733 0.0381849 0.0311243
0 0.755934 0.611064 0.0396147 0.0302958
