0 0.657706 0.716798 0.285031 0.252802
0 0.833329 0.75336 0.0973463 0.0876538
0 0.138973 0.198714 0.134741 0.123983
0 0.555949 0.944539 0.118136 0.108529
0 0.950809 0.286087 0.0791898 0.072771
0 0.606445 0.169035 0.0908483 0.0854424
0 0.257782 0.636177 0.0650555 0.0626272
0 0.219042 0.373549 0.0549549 0.0520489
0 0.831729 0.0328719 0.0381143 0.0371785
0 0.48552 0.689208 0.0487303 0.0444217
0 0.138244 0.0295824 0.0619251 0.0561633
0 0.741535 0.0138078 0.0350817 0.0275318
0 0.883908 0.411582 0.0540449 0.0466721
0 0.910073 0.833145 0.106521 0.0943461
0 0.636045 0.300553 0.0350406 0.0327752
0 0.0164723 0.140708 0.032862 0.0394049
0 0.348941 0.766586 0.0628426 0.0586226
0 0.396406 0.283337 0.0819619 0.0762839
0 0.860492 0.223106 0.0297723 0.0277324
0 0.312764 0.361863 0.0347975 0.0321503
0 0.933522 0.904259 0.0933406 0.0848214
0 0.249548 0.313122 0.0423095 0.039026
0 0.0805694 0.28096 0.048648 0.0437466
0 0.974518 0.682351 0.050728 0.0679758
0 0.783029 0.379099 0.0309854 0.0280093
0 0.984699 0.746778 0.030601 0.0714221
0 0.191683 0.6201 0.0230286 0.0223021
0 0.492612 0.242168 0.0896205 0.0845626
0 0.184548 0.340182 0.0287593 0.0271595
0 0.908016 0.487453 0.0264602 0.0241748
0 0.325369 0.293222 0.0500737 0.0465083
0 0.512283 0.616563 0.0259811 0.0242203
0 0.0749137 0.136709 0.049638 0.0460665
0 0.067957 0.825366 0.135914 0.348769
0 0.38339 0.901654 0.0244972 0.0235721
0 0.318834 0.159565 0.0377707 0.0340322
0 0.531259 0.170354 0.0398188 0.0371801
0 0.343882 0.144573 0.0315673 0.0303269
0 0.980655 0.63081 0.0386244 0.0442255
0 0.260008 0.381251 0.028895 0.0275615
0 0.140959 0.585997 0.0285483 0.0266713
0 0.805317 0.440223 0.0264299 0.0245717
0 0.395743 0.413445 0.0312805 0.03023
0 0.504879 0.326994 0.0237914 0.0232373
0 0.75607 0.168664 0.032408 0.0311683
0 0.0471479 0.664085 0.0942958 0.102735
0 0.582196 0.818179 0.057219 0.0519659
0 0.221375 0.462538 0.0251033 0.0239194
0 0.142046 0.520512 0.0428071 0.0401707
0 0.185323 0.500689 0.0353676 0.033756
0 0.363686 0.985498 0.116754 0.028965
0 0.280892 0.505009 0.0369442 0.0347517
0 0.42323 0.197058 0.0417651 0.0383719
0 0.37883 0.292348 0.0251201 0.0237442
0 0.38505 0.123293 0.0491704 0.045072
0 0.990734 0.340293 0.0185328 0.0240543
0 0.774286 0.33739 0.0285809 0.0263722
0 0.00719759 0.350054 0.0143952 0.0388345
0 0.0284417 0.110772 0.0550443 0.0528171
0 0.394083 0.071436 0.165634 0.142298
0 0.343935 0.576713 0.0378293 0.0362523
0 0.44116 0.10318 0.0673699 0.0602538
