0 0.924566 0.61892 0.0647499 0.0612874
0 0.464415 0.0771127 0.0791101 0.0755564
0 0.667962 0.986856 0.0483074 0.0262873
0 0.315324 0.46097 0.037324 0.0349218
0 0.695854 0.959256 0.0296215 0.0288225
0 0.142848 0.207468 0.0334541 0.031978
0 0.0293156 0.0626126 0.0436 0.0425319
0 0.220061 0.887944 0.0244713 0.0239338
0 0.107937 0.263789 0.0277543 0.0269229
0 0.528989 0.225452 0.0288363 0.0278745
0 0.779618 0.762619 0.0513203 0.0499282
0 0.961829 0.89085 0.0277431 0.0276025
0 0.0948239 0.252596 0.0273183 0.02626
0 0.0244458 0.023427 0.0271548 0.0266389
0 0.0646365 0.699279 0.0243592 0.0235732
0 0.488317 0.936867 0.0255415 0.0242777
0 0.116864 0.0104218 0.023344 0.0208437
0 0.283328 0.0870758 0.0282683 0.0268681
0 0.82249 0.513747 0.0315168 0.0302366
0 0.874511 0.619674 0.0429446 0.0410568
0 0.902018 0.650704 0.023081 0.0222299
0 0.280688 0.189038 0.04572 0.0447607
0 0.870939 0.961126 0.0384651 0.0386279
0 0.312957 0.987816 0.0278751 0.0242753
0 0.333828 0.194858 0.191825 0.180586
