0 0.734939 0.803414 0.0553105 0.0467605
0 0.767575 0.673319 0.0589356 0.0494987
0 0.564173 0.659609 0.0375876 0.0331676
0 0.453837 0.840053 0.0413997 0.0360925
0 0.405226 0.759535 0.051399 0.0452674
0 0.98904 0.524869 0.0218045 0.0264814
0 0.7564 0.57263 0.0332441 0.027734
0 0.589781 0.600192 0.0310793 0.0266128
0 0.341819 0.281376 0.0300904 0.0280586
0 0.563134 0.809133 0.0295247 0.0261567
0 0.352263 0.739587 0.050189 0.0447288
0 0.888132 0.295977 0.0309815 0.0254866
0 0.375923 0.198355 0.028713 0.0266818
0 0.65843 0.842495 0.0287871 0.0246882
0 0.237651 0.604129 0.0284421 0.0239229
0 0.819224 0.338453 0.0313649 0.0249412
0 0.585555 0.835951 0.0278524 0.024147
0 0.564433 0.849225 0.0285151 0.0250926
0 0.782398 0.337771 0.0374797 0.029808
0 0.556626 0.78016 0.0258849 0.0227911
0 0.539478 0.0188613 0.0276593 0.0257569
0 0.506957 0.770614 0.0256711 0.0228529
0 0.522006 0.664307 0.026779 0.023774
0 0.572281 0.748883 0.0263235 0.0236645
0 0.0153968 0.422585 0.030698 0.0284549
0 0.972528 0.453469 0.0542458 0.05065
0 0.252441 0.957548 0.0236593 0.0226903
0 0.411013 0.204203 0.0291981 0.0267909
0 0.265787 0.646714 0.0261693 0.02313
0 0.513448 0.295984 0.0271165 0.0249097
0 0.97936 0.0495625 0.0408012 0.0468725
0 0.681153 0.260966 0.0266664 0.0229222
0 0.0175564 0.825445 0.0250401 0.0233181
0 0.884549 0.471621 0.0894839 0.0739856
0 0.317983 0.724356 0.0375907 0.034431
0 0.869852 0.459332 0.0508943 0.0436131
