0 0.870581 0.150693 0.134647 0.100774
0 0.203356 0.286263 0.0932873 0.0720738
0 0.282668 0.709296 0.0582885 0.04342
0 0.914458 0.0264825 0.0860238 0.0527319
0 0.87268 0.100639 0.100465 0.0760456
0 0.0360039 0.0553415 0.0720078 0.0571475
0 0.974728 0.293743 0.0504269 0.0792452
0 0.448423 0.770214 0.0669678 0.0498805
0 0.678673 0.775544 0.0441298 0.0350206
0 0.689626 0.845378 0.0452945 0.0354613
0 0.699412 0.638806 0.0410224 0.03228
0 0.682285 0.537522 0.0416751 0.0320632
0 0.175163 0.030173 0.0363408 0.027688
0 0.289623 0.866265 0.0496271 0.0380615
0 0.636031 0.7001 0.0465271 0.0358701
0 0.588302 0.712422 0.0461766 0.038216
0 0.467015 0.568219 0.0298226 0.0236051
0 0.916219 0.484465 0.0369446 0.0284497
0 0.3528 0.803349 0.0338352 0.026041
0 0.0557263 0.459355 0.0312488 0.0237188
0 0.986701 0.847179 0.0265549 0.0249727
0 0.0276119 0.815136 0.0300847 0.0249557
0 0.0561146 0.106947 0.056787 0.0430133
0 0.373607 0.893651 0.0499177 0.0369628
0 0.234743 0.933756 0.0306006 0.0235271
0 0.659468 0.81813 0.0306853 0.0256181
0 0.691856 0.120666 0.0540363 0.0414831
0 0.177457 0.171706 0.0420509 0.0333107
0 0.301356 0.937031 0.0309391 0.0238881
0 0.421908 0.85492 0.033208 0.0256138
0 0.768434 0.287948 0.0289485 0.0217522
0 0.560784 0.692231 0.0517521 0.0424821
0 0.668528 0.896894 0.0308667 0.0251472
0 0.116802 0.412028 0.0502301 0.0376186
0 0.0807548 0.609338 0.0281145 0.0223595
0 0.566063 0.0496753 0.0288806 0.0229995
0 0.798062 0.639657 0.0269227 0.0233057
0 0.578826 0.821183 0.0628762 0.0510108
0 0.940037 0.0654384 0.0431604 0.0334557
0 0.324579 0.330107 0.0409908 0.0305443
