0 0.421434 0.764974 0.22153 0.178836
0 0.436618 0.493776 0.180322 0.14478
0 0.0350795 0.941991 0.0700125 0.069683
0 0.624982 0.0856436 0.233274 0.171287
0 0.722252 0.849573 0.515621 0.300004
0 0.79539 0.0159354 0.0504446 0.0318509
0 0.325457 0.272777 0.0660352 0.0529926
0 0.825599 0.419831 0.0331485 0.0263464
0 0.284836 0.811513 0.0663276 0.0533459
0 0.473716 0.0570062 0.0904906 0.0755592
0 0.47529 0.608013 0.121529 0.0969627
0 0.596312 0.409908 0.0281997 0.0239553
0 0.0879714 0.438736 0.0365469 0.0305771
0 0.772388 0.607505 0.0368358 0.029765
0 0.530945 0.317273 0.086677 0.070698
0 0.336162 0.62668 0.0935037 0.075778
0 0.641769 0.690256 0.0495642 0.0395315
0 0.866127 0.197086 0.1173 0.0931989
0 0.110533 0.71756 0.0602052 0.0463452
0 0.893296 0.364809 0.0842669 0.068663
0 0.272093 0.58456 0.055162 0.0444006
0 0.408038 0.676077 0.102913 0.0811083
