0 0.0785158 0.530283 0.0599017 0.0488205
0 0.880382 0.453725 0.0472992 0.0375217
0 0.783984 0.207776 0.0369463 0.0310203
0 0.941928 0.848636 0.0348531 0.0286458
0 0.76163 0.78783 0.0349598 0.0294523
0 0.990019 0.875382 0.0199588 0.0334801
0 0.897488 0.619168 0.0411621 0.0349607
0 0.596258 0.489601 0.029376 0.0236826
0 0.831946 0.847614 0.0320959 0.0272136
0 0.313778 0.830257 0.0307959 0.0248549
0 0.763848 0.807273 0.0360409 0.0297032
0 0.124285 0.710095 0.0284522 0.0228231
0 0.927577 0.822178 0.027454 0.0227949
