0 0.565155 0.918082 0.0488436 0.0382107
0 0.159682 0.978543 0.0545638 0.0429132
0 0.448022 0.196808 0.0798965 0.0632443
0 0.347037 0.61055 0.0389272 0.0324097
0 0.246296 0.21832 0.0322119 0.0262256
0 0.394684 0.0719278 0.0335275 0.027097
0 0.798014 0.0363619 0.0384833 0.0303439
0 0.487819 0.00982664 0.0449976 0.0196433
0 0.877001 0.1088 0.0415504 0.0328105
0 0.955492 0.301664 0.0367123 0.0302404
0 0.285834 0.449823 0.0327568 0.0256435
0 0.833884 0.491514 0.0269876 0.0228199
0 0.4939 0.285118 0.0585229 0.0468025
0 0.785868 0.0100006 0.0313454 0.0199574
0 0.353355 0.198414 0.0276918 0.0224776
0 0.456569 0.259956 0.0324187 0.0262877
0 0.889795 0.299836 0.0523336 0.043017
0 0.309682 0.421057 0.027911 0.0221979
0 0.457006 0.33793 0.0279083 0.0226011
0 0.933416 0.320338 0.0466508 0.0398785
0 0.945293 0.184729 0.0267987 0.0222461
0 0.653306 0.0708731 0.0272 0.0226549
0 0.454094 0.312498 0.0407922 0.032327
0 0.536743 0.245972 0.0357027 0.028335
0 0.369271 0.00387249 0.0287913 0.00774497
