0 0.255786 0.57095 0.115108 0.114579
0 0.509765 0.789899 0.143503 0.141693
0 0.756128 0.81811 0.128504 0.129161
0 0.38667 0.12924 0.158187 0.154652
0 0.358661 0.467494 0.0555258 0.0545325
0 0.488861 0.965882 0.0861569 0.0680189
0 0.688992 0.414017 0.0742198 0.0723868
0 0.915276 0.174173 0.136621 0.134289
0 0.824912 0.734084 0.0390309 0.0381069
0 0.952379 0.329199 0.0470175 0.0456662
0 0.192631 0.188843 0.0626137 0.0606305
0 0.761179 0.0256991 0.0567687 0.051326
0 0.865363 0.337847 0.0477659 0.0469912
0 0.365149 0.81941 0.0377454 0.0371609
0 0.574827 0.600109 0.0356743 0.0354781
0 0.829886 0.749551 0.227393 0.244395
0 0.419551 0.679438 0.0449894 0.0440136
0 0.454268 0.347736 0.0382051 0.0371372
0 0.145076 0.351478 0.192049 0.198597
0 0.680068 0.35198 0.067019 0.0643617
0 0.228325 0.126178 0.0505157 0.0482344
0 0.535072 0.930969 0.0506489 0.0505772
0 0.35779 0.230667 0.0482395 0.046366
0 0.323589 0.648552 0.0324832 0.0322905
0 0.299752 0.894189 0.0297648 0.0296383
0 0.98383 0.0623133 0.032198 0.0328372
0 0.695611 0.655157 0.0312474 0.0305262
0 0.85858 0.25983 0.0772731 0.076718
0 0.534318 0.900103 0.036365 0.0352809
0 0.782009 0.296973 0.0265558 0.0264198
0 0.666208 0.4959 0.0269949 0.0266876
0 0.855769 0.401368 0.0347735 0.034241
0 0.875392 0.949409 0.0345244 0.0337861
0 0.0297801 0.720527 0.031303 0.0310022
0 0.741448 0.312581 0.0284 0.028434
0 0.054117 0.364687 0.0352472 0.0345912
0 0.228791 0.7121 0.025593 0.0255192
0 0.375096 0.514221 0.0332727 0.0325822
0 0.0775511 0.618496 0.0329797 0.0326911
0 0.634845 0.758917 0.0247011 0.0248718
0 0.522665 0.139823 0.0420586 0.0408273
0 0.722217 0.0896117 0.0321746 0.0309843
0 0.493214 0.499307 0.0261741 0.0255313
0 0.593176 0.152678 0.0261986 0.0253769
0 0.586069 0.247219 0.0242263 0.023568
0 0.558764 0.649729 0.0245357 0.0243919
0 0.808574 0.963332 0.0365778 0.0361115
0 0.287609 0.726599 0.0375537 0.0371487
0 0.571714 0.711554 0.0246387 0.0246575
0 0.973841 0.543996 0.0257131 0.0250895
0 0.819448 0.246719 0.0251493 0.0244836
0 0.924592 0.0388084 0.0454645 0.0438962
0 0.00532003 0.898579 0.0106401 0.0312996
0 0.645754 0.681118 0.0256927 0.0249596
0 0.056393 0.935475 0.0261357 0.0258255
0 0.0237814 0.94431 0.0347949 0.0341744
0 0.0932046 0.599561 0.0354564 0.0346141
0 0.986872 0.426005 0.02616 0.0634905
0 0.320175 0.0840374 0.0263846 0.0251282
0 0.45373 0.271177 0.0253081 0.0247877
0 0.128586 0.558224 0.0244088 0.0239893
0 0.386138 0.868189 0.0244311 0.0241719
0 0.312098 0.330227 0.0321407 0.0313308
0 0.503576 0.239905 0.0261674 0.0255382
0 0.847782 0.111865 0.0334225 0.0322838
0 0.929303 0.385646 0.0257566 0.025207
0 0.514795 0.514346 0.0253004 0.0250421
0 0.565303 0.489271 0.0396299 0.0382478
0 0.0259516 0.488309 0.0289639 0.0282724
0 0.485357 0.618786 0.023906 0.0239202
0 0.179436 0.812434 0.0612684 0.0614204
0 0.321259 0.214936 0.0303062 0.0290765
0 0.422206 0.732963 0.0239427 0.0233523
0 0.922016 0.909162 0.0321746 0.0316514
0 0.687107 0.968175 0.0297323 0.0293606
0 0.779475 0.451885 0.266559 0.247084
0 0.975243 0.16591 0.0492158 0.229309
0 0.369142 0.748284 0.0241665 0.023785
0 0.156367 0.127288 0.0890597 0.0855809
0 0.0596533 0.869803 0.0236976 0.0233315
0 0.777371 0.950009 0.0288861 0.0282507
0 0.822179 0.924505 0.0259307 0.025987
0 0.459398 0.527389 0.0243095 0.0240548
0 0.00709122 0.191365 0.0141824 0.035242
0 0.0973283 0.176844 0.0610119 0.0582731
0 0.82696 0.94418 0.030714 0.0304604
0 0.381999 0.371263 0.02481 0.0243222
0 0.92119 0.525649 0.0244699 0.0236185
0 0.981427 0.821309 0.0370416 0.0516329
0 0.0294299 0.782358 0.0229012 0.0228896
0 0.604031 0.0148474 0.077661 0.0296453
0 0.411319 0.309425 0.0231862 0.0226821
0 0.82073 0.764495 0.0227287 0.0226247
0 0.827279 0.358616 0.0283367 0.0281093
0 0.310217 0.019775 0.142891 0.0393461
0 0.191361 0.457811 0.023461 0.0232463
0 0.596982 0.195658 0.0237617 0.0232653
0 0.233077 0.645633 0.0242434 0.023758
0 0.693033 0.313077 0.0469096 0.0465785
0 0.904099 0.363022 0.0276797 0.0266992
0 0.00499693 0.631612 0.00999387 0.0377154
0 0.307505 0.761543 0.0702511 0.0699129
0 0.414291 0.204407 0.0237924 0.0232969
0 0.507475 0.910903 0.025892 0.0255771
0 0.332767 0.447652 0.0317405 0.0315826
0 0.813808 0.290491 0.0224161 0.0220746
0 0.105583 0.993528 0.0339562 0.0129438
0 0.431579 0.452589 0.0228878 0.0229967
0 0.0547391 0.0422111 0.0450831 0.0435145
0 0.0181851 0.593507 0.0243689 0.0238976
0 0.949739 0.847691 0.0369143 0.0349708
0 0.0704813 0.811115 0.0235175 0.0227278
0 0.616008 0.803604 0.0225959 0.0220504
