0 0.710145 0.546313 0.0817184 0.062583
0 0.352429 0.459076 0.0492895 0.0385963
0 0.381416 0.53566 0.0430441 0.0340269
0 0.223088 0.887603 0.0332247 0.0256896
0 0.364891 0.148355 0.0258126 0.0239706
0 0.605581 0.151597 0.0283425 0.0252908
0 0.772917 0.152007 0.0405927 0.032527
0 0.205577 0.968545 0.0313661 0.0240572
0 0.140584 0.814075 0.0291126 0.0232582
0 0.575912 0.814227 0.0254273 0.0217214
0 0.516422 0.723824 0.0269354 0.0224197
0 0.795511 0.760829 0.0259839 0.02143
0 0.792662 0.16297 0.0238857 0.0210891
