0 0.264471 0.396473 0.298017 0.268081
0 0.405012 0.165691 0.0963375 0.0877478
0 0.882343 0.213691 0.110603 0.101625
0 0.691501 0.435334 0.126804 0.117463
0 0.263098 0.162537 0.107634 0.0986965
0 0.749781 0.373159 0.121179 0.10864
0 0.546821 0.210044 0.103666 0.0930565
0 0.205995 0.647785 0.0338733 0.0306663
0 0.963289 0.885457 0.034059 0.0307409
0 0.486831 0.517233 0.224224 0.195148
0 0.949109 0.436136 0.0455453 0.041853
0 0.545397 0.442145 0.0633645 0.0575062
0 0.845318 0.668299 0.051229 0.0467894
0 0.257728 0.368386 0.0300803 0.0275219
0 0.660179 0.0901877 0.053019 0.0506689
0 0.711504 0.0439598 0.0631035 0.060657
0 0.435169 0.414987 0.0602031 0.0546458
0 0.962808 0.488892 0.0741627 0.0942468
0 0.571866 0.730277 0.294178 0.265861
0 0.0521823 0.163877 0.047557 0.044832
0 0.7404 0.861128 0.0303863 0.0272379
0 0.780193 0.429473 0.060947 0.0559108
0 0.302657 0.115776 0.0347683 0.0315884
0 0.676491 0.991701 0.0380049 0.0165985
0 0.105867 0.139735 0.0711879 0.0653916
0 0.66056 0.0346409 0.0440262 0.0415996
0 0.889782 0.856973 0.0307379 0.0282369
0 0.837683 0.00723802 0.0363867 0.0144599
0 0.81791 0.453217 0.0341633 0.0311232
0 0.339614 0.12537 0.0260717 0.0246838
0 0.796668 0.157006 0.0388473 0.0372369
0 0.872627 0.378084 0.159355 0.14852
0 0.490888 0.500656 0.0271975 0.0245256
0 0.699734 0.618547 0.0293804 0.0263166
0 0.872163 0.306099 0.0255225 0.0232772
0 0.58925 0.731756 0.0240054 0.0230004
0 0.202446 0.437658 0.0252985 0.0235556
0 0.693226 0.158904 0.0468096 0.0438908
0 0.481669 0.125906 0.0358057 0.0333004
0 0.498814 0.647362 0.04587 0.041677
0 0.194994 0.916166 0.0256167 0.0235559
0 0.91766 0.597138 0.159483 0.145887
0 0.701172 0.250439 0.0566978 0.0518803
0 0.9361 0.168361 0.027033 0.0252974
0 0.908236 0.924748 0.0248273 0.023322
0 0.910203 0.718868 0.0289342 0.0270974
0 0.0830262 0.319105 0.125125 0.118247
0 0.77 0.12704 0.0349395 0.0337705
0 0.926498 0.105855 0.0321246 0.0303091
0 0.97869 0.734272 0.0351537 0.0329043
0 0.964038 0.0706926 0.0305686 0.028224
0 0.333828 0.018301 0.0272788 0.0257589
0 0.471029 0.0185965 0.0823376 0.0370323
0 0.136668 0.326544 0.110253 0.104444
0 0.265163 0.277742 0.0239897 0.0225204
0 0.87965 0.448155 0.0378933 0.0357528
0 0.54546 0.00680738 0.0276542 0.0136148
0 0.47678 0.471045 0.029693 0.0258593
0 0.806761 0.299741 0.0249904 0.022992
0 0.405802 0.645425 0.0272989 0.0253389
0 0.990639 0.356639 0.0187008 0.0257179
0 0.204523 0.73068 0.409046 0.491953
0 0.612736 0.103294 0.0580592 0.0543863
0 0.783932 0.825896 0.428737 0.34631
0 0.785431 0.949829 0.0268755 0.0264874
0 0.868349 0.0198326 0.0244208 0.0231146
0 0.193015 0.26221 0.0262382 0.0239851
0 0.71648 0.414147 0.0236734 0.0223976
0 0.522984 0.905172 0.0245975 0.0232903
