0 0.705485 0.0648049 0.0561376 0.054628
0 0.832754 0.34575 0.0498703 0.0465481
0 0.871623 0.51242 0.0445133 0.041142
0 0.893895 0.570914 0.0376958 0.0350723
0 0.539584 0.319536 0.0366319 0.0345501
0 0.560932 0.24914 0.0334889 0.0317183
0 0.780581 0.234317 0.0305206 0.0290781
0 0.176426 0.106643 0.0562461 0.0507439
0 0.801629 0.625475 0.0295499 0.0277493
0 0.866968 0.219835 0.0274237 0.0264787
0 0.871739 0.54602 0.0279723 0.0260508
0 0.987539 0.101174 0.024821 0.0300385
0 0.886687 0.0418083 0.0349241 0.0343685
0 0.628341 0.899921 0.0309488 0.0282285
0 0.960772 0.664421 0.0267735 0.0255942
0 0.89293 0.405252 0.031058 0.0285259
0 0.947535 0.57945 0.0292814 0.0279286
0 0.792433 0.330801 0.0329165 0.0312277
0 0.967113 0.419315 0.0289312 0.0270951
0 0.643668 0.0754153 0.0280002 0.0267352
0 0.338583 0.386938 0.0277283 0.026278
0 0.990602 0.390714 0.0185397 0.0514689
0 0.889556 0.380494 0.029668 0.0274903
0 0.916386 0.00765261 0.0522223 0.0152875
0 0.515264 0.587181 0.0391264 0.0366942
0 0.972361 0.626063 0.0257723 0.0247567
0 0.623786 0.721013 0.0256853 0.0241939
0 0.934213 0.630937 0.0486419 0.0440292
0 0.873493 0.439393 0.0290477 0.0267744
0 0.358887 0.48041 0.0253116 0.0240662
0 0.596701 0.318738 0.0240142 0.0232288
0 0.69066 0.827854 0.0249179 0.0239443
0 0.87328 0.255772 0.0408766 0.0389342
0 0.766859 0.716496 0.0329587 0.0302927
0 0.654474 0.864914 0.0308086 0.0292496
0 0.117924 0.151552 0.0246902 0.0228744
0 0.577566 0.420726 0.0280252 0.0262679
0 0.659135 0.88789 0.0364697 0.0343299
0 0.424471 0.636079 0.0243883 0.0239572
0 0.99425 0.2667 0.0115 0.0467869
0 0.901099 0.54589 0.0256553 0.0242455
0 0.0620176 0.380983 0.0306685 0.028609
0 0.0121399 0.990485 0.0241437 0.0190297
0 0.00771787 0.206437 0.0154357 0.075781
0 0.885022 0.303195 0.0509348 0.0494038
0 0.712992 0.681936 0.0235855 0.0222514
0 0.00325981 0.354716 0.00651962 0.0363286
0 0.881962 0.934949 0.0241268 0.022718
0 0.969241 0.687584 0.0232313 0.0222652
0 0.648815 0.212595 0.0314288 0.0299181
0 0.984094 0.484607 0.0291061 0.0281486
0 0.388244 0.198906 0.0396672 0.0376408
0 0.543028 0.374723 0.0232369 0.0222395
0 0.963759 0.0750455 0.0452137 0.0428516
0 0.995133 0.0740845 0.00973463 0.0367644
0 0.825951 0.119993 0.0401313 0.0394215
0 0.581783 0.358786 0.0263741 0.0254258
0 0.579253 0.375724 0.0265486 0.0247727
0 0.622704 0.270584 0.0651142 0.0634754
0 0.60968 0.234795 0.0404218 0.0377131
0 0.0359069 0.407927 0.0253997 0.0239801
0 0.850928 0.29648 0.0253956 0.0241393
0 0.704165 0.00867941 0.0221591 0.0173588
