0 0.233362 0.479618 0.0504247 0.0464944
0 0.598568 0.771919 0.0461008 0.0448194
0 0.0222385 0.746959 0.0403529 0.0381613
0 0.414035 0.76196 0.0383368 0.0373874
0 0.349232 0.731154 0.036068 0.03461
0 0.648713 0.399794 0.031512 0.0307848
0 0.479296 0.969399 0.0369076 0.0350411
0 0.584051 0.28858 0.0376685 0.0367039
0 0.227913 0.640407 0.0322374 0.0307848
0 0.355074 0.944803 0.0314399 0.0301009
0 0.553987 0.441267 0.0313163 0.0302698
0 0.647797 0.457236 0.0280865 0.0271473
0 0.717436 0.827486 0.030755 0.0295218
0 0.416567 0.545799 0.0315347 0.0299354
0 0.950132 0.917155 0.0282134 0.0274491
0 0.806641 0.642377 0.0348335 0.0339351
0 0.672769 0.698981 0.0340765 0.0323538
0 0.0863661 0.856553 0.0265927 0.025303
0 0.176025 0.34345 0.0307904 0.0285628
0 0.410398 0.0747327 0.0323383 0.0301074
0 0.297919 0.522888 0.030475 0.0286908
0 0.411599 0.716895 0.0240772 0.0234282
0 0.43911 0.0682961 0.0308833 0.0300485
0 0.310057 0.542822 0.024236 0.0234017
0 0.673763 0.419325 0.0274365 0.026444
0 0.468641 0.941712 0.0278066 0.026825
0 0.752887 0.576283 0.0246568 0.0240464
0 0.0389287 0.508712 0.0252899 0.0241512
0 0.287036 0.0198209 0.0281725 0.0271473
0 0.72316 0.674101 0.0805085 0.0775517
0 0.415682 0.975766 0.0308343 0.0294257
0 0.908917 0.809225 0.0245193 0.0237293
0 0.279699 0.425684 0.0247873 0.0236582
0 0.189245 0.455548 0.0545613 0.052427
0 0.905893 0.0648145 0.0565715 0.0539111
0 0.177224 0.962941 0.0293759 0.0273127
0 0.687327 0.632941 0.0296516 0.0285956
0 0.382377 0.603305 0.0274506 0.0263787
0 0.267296 0.0967863 0.0346924 0.0339638
0 0.827307 0.516576 0.0248945 0.0244192
0 0.309771 0.197424 0.0248504 0.0235765
0 0.555956 0.310271 0.0597832 0.0595889
0 0.924194 0.121232 0.0580788 0.0550638
0 0.877009 0.532191 0.0249343 0.023355
0 0.224844 0.988369 0.0551236 0.0232629
