0 0.874628 0.461841 0.087904 0.0808673
0 0.0973056 0.216097 0.0631776 0.0574703
0 0.435628 0.376695 0.0511366 0.0476357
0 0.187761 0.692676 0.0326847 0.0298062
0 0.547239 0.394837 0.0639849 0.059956
0 0.5318 0.702078 0.0300126 0.0282796
0 0.982324 0.0406574 0.0335237 0.030106
0 0.610929 0.895322 0.035949 0.0335217
0 0.331423 0.945163 0.0314639 0.0300074
0 0.309128 0.241257 0.0414722 0.0394787
0 0.0998038 0.867304 0.0271732 0.0253205
0 0.213936 0.237595 0.0270283 0.0256326
0 0.45538 0.927401 0.0276847 0.0265164
0 0.156859 0.203618 0.0371094 0.034926
0 0.552047 0.639935 0.0315772 0.0294616
0 0.215257 0.516237 0.0265141 0.0251758
0 0.380088 0.452854 0.0311737 0.0291665
0 0.524706 0.902995 0.024884 0.0239572
0 0.307001 0.381817 0.0431181 0.0414599
0 0.953217 0.423645 0.0256107 0.0233178
0 0.991844 0.440193 0.0163116 0.0277886
0 0.751796 0.343377 0.0240212 0.0225879
0 0.203352 0.0195756 0.0237439 0.0227625
0 0.12901 0.860497 0.0330322 0.0300285
0 0.215237 0.46074 0.04975 0.0466677
0 0.516345 0.0425808 0.0248878 0.0241326
0 0.919722 0.0957058 0.160555 0.190255
0 0.646024 0.836175 0.0252843 0.0230818
0 0.990595 0.311376 0.0188095 0.0243266
0 0.742997 0.578287 0.0588449 0.0544478
0 0.211606 0.377509 0.0344177 0.0323378
0 0.334215 0.722558 0.0385761 0.0358035
0 0.5061 0.914244 0.0232179 0.0219472
0 0.294603 0.0783193 0.0293638 0.0279287
0 0.0530529 0.223979 0.0241509 0.0226895
