0 0.515179 0.849448 0.107447 0.104248
0 0.274556 0.608762 0.0536016 0.0512846
0 0.156912 0.703126 0.046983 0.0455523
0 0.0406298 0.257275 0.0408725 0.0402553
0 0.476317 0.666508 0.0448357 0.0431561
0 0.0331304 0.753341 0.0321277 0.030631
0 0.264837 0.946256 0.0325861 0.0320161
0 0.788421 0.671176 0.0361216 0.0347149
0 0.76325 0.908702 0.0575321 0.055526
0 0.0104539 0.619076 0.0209078 0.0272233
0 0.10748 0.566139 0.0329629 0.0317633
0 0.915827 0.110992 0.0319434 0.0313712
0 0.0192111 0.418075 0.0384066 0.0465981
0 0.815557 0.637343 0.0307311 0.0298505
0 0.70361 0.963059 0.0283475 0.0282412
0 0.194102 0.0422533 0.025273 0.0246997
0 0.881708 0.698704 0.0349374 0.0338662
0 0.0886144 0.475614 0.033393 0.0319219
0 0.535685 0.743929 0.054008 0.0528922
0 0.0489648 0.451865 0.0523596 0.050905
0 0.0523199 0.411185 0.0340314 0.0332751
0 0.0179946 0.892447 0.0262764 0.0258198
0 0.880709 0.613539 0.0318387 0.0306867
0 0.00895684 0.157387 0.0179137 0.0258749
0 0.898047 0.750478 0.0311608 0.0303891
0 0.871138 0.765678 0.0268507 0.0263097
0 0.0441017 0.0694518 0.0247257 0.0245622
0 0.364671 0.968613 0.0272712 0.0267084
0 0.749959 0.94929 0.02855 0.0279333
0 0.0281984 0.143058 0.0244664 0.0239305
0 0.385987 0.915935 0.0494583 0.0487468
0 0.434727 0.866865 0.0744167 0.0726889
0 0.83267 0.760519 0.0270292 0.026603
0 0.262084 0.290063 0.0258796 0.0252991
0 0.797841 0.975874 0.0495844 0.0451777
0 0.043888 0.118338 0.0279453 0.026856
0 0.523368 0.689956 0.0601141 0.0589687
0 0.392582 0.495039 0.17417 0.171367
0 0.648981 0.186836 0.467333 0.371925
0 0.421022 0.989325 0.0261658 0.0212818
0 0.962393 0.854734 0.059963 0.0578636
0 0.680027 0.827096 0.0421052 0.0412125
0 0.145025 0.160677 0.0311747 0.0309562
0 0.0721419 0.082925 0.0345506 0.0337795
0 0.724132 0.811189 0.0402534 0.0389688
0 0.972202 0.041552 0.0265577 0.0259609
0 0.934925 0.251015 0.130151 0.179395
0 0.657361 0.859428 0.0383675 0.0380746
0 0.847384 0.0216047 0.072036 0.0432094
0 0.0319638 0.372061 0.0247449 0.0242339
