0 0.268202 0.839744 0.333571 0.315335
0 0.745984 0.283127 0.0415533 0.0391232
0 0.0268299 0.655758 0.0462706 0.0452053
0 0.425501 0.106769 0.0314851 0.0282317
0 0.396432 0.0112707 0.0266069 0.0225415
0 0.767119 0.811395 0.0494757 0.0443705
0 0.21843 0.0567076 0.0295797 0.027765
0 0.432215 0.661185 0.0359427 0.0319099
0 0.404105 0.0696823 0.0285945 0.0262378
0 0.948214 0.141286 0.0450662 0.0440693
0 0.0956895 0.670868 0.0274669 0.0262268
0 0.94476 0.475392 0.0558742 0.0520673
0 0.430071 0.040578 0.0257218 0.0241777
0 0.632533 0.0335916 0.0256639 0.0243078
0 0.612235 0.0173142 0.0504155 0.0345858
0 0.735354 0.945926 0.0254929 0.023616
0 0.744643 0.125195 0.0338996 0.0321443
0 0.647806 0.156954 0.024688 0.0243143
0 0.2572 0.17888 0.0339712 0.0316274
0 0.529345 0.0130838 0.0322546 0.0261676
0 0.764723 0.317603 0.0384978 0.0359743
0 0.697535 0.495277 0.0262701 0.0245173
0 0.350892 0.0395177 0.0257399 0.0241671
0 0.371372 0.695406 0.0247314 0.0232873
0 0.169406 0.565132 0.0334579 0.0317116
0 0.340372 0.213545 0.0649556 0.060067
0 0.877154 0.233876 0.0337739 0.0331155
0 0.127269 0.364764 0.034849 0.0326944
0 0.0700347 0.756553 0.140069 0.166785
0 0.320679 0.710899 0.0349586 0.0321939
0 0.508758 0.744289 0.0289275 0.0259054
0 0.718656 0.86391 0.0479879 0.0427871
0 0.223099 0.215889 0.0324556 0.0305902
0 0.0786282 0.963705 0.157256 0.0724111
0 0.17614 0.231219 0.035005 0.032676
0 0.651065 0.241304 0.0233809 0.0228501
0 0.835592 0.00647719 0.0265688 0.0129203
0 0.240318 0.666292 0.043362 0.041696
0 0.378443 0.569871 0.0241266 0.0224233
0 0.960591 0.0644072 0.0788179 0.128814
