0 0.688167 0.745319 0.0830464 0.0813697
0 0.253933 0.0621176 0.0680526 0.0669752
0 0.830132 0.133233 0.0414754 0.0410251
0 0.852351 0.584613 0.0397034 0.03891
0 0.670728 0.462615 0.0359569 0.0354738
0 0.471882 0.579117 0.0595521 0.0587444
0 0.18816 0.0856034 0.0309387 0.0299601
0 0.268543 0.382435 0.0328962 0.0327137
0 0.907138 0.0400866 0.0258681 0.0258037
0 0.529027 0.780143 0.0257757 0.025835
0 0.909218 0.663332 0.0307384 0.0302153
0 0.154376 0.370717 0.029374 0.0287489
0 0.739721 0.4886 0.0308609 0.0301597
0 0.0503017 0.715024 0.0322824 0.0315805
0 0.344734 0.526218 0.0446432 0.0425871
0 0.139251 0.104313 0.0250857 0.0242565
0 0.841986 0.433737 0.0399814 0.0387816
0 0.0994947 0.388817 0.0252932 0.0248034
0 0.152822 0.898622 0.0257868 0.0247972
0 0.121936 0.302748 0.0254925 0.0252953
0 0.983607 0.962561 0.0257347 0.0252301
0 0.370943 0.0373504 0.0297676 0.0288591
0 0.249641 0.322893 0.0284568 0.0279975
0 0.141393 0.138601 0.0236279 0.0230488
0 0.905843 0.57696 0.0277659 0.0270682
0 0.993254 0.226083 0.013492 0.024061
0 0.691931 0.905055 0.0263333 0.0256977
0 0.757514 0.990002 0.0278769 0.0199685
0 0.539144 0.0230911 0.026989 0.0262843
0 0.244352 0.88861 0.0256751 0.0247149
0 0.542664 0.222846 0.068055 0.0666101
0 0.966234 0.734349 0.0232172 0.022841
0 0.812854 0.617046 0.0230243 0.0228403
0 0.301407 0.301387 0.023199 0.0226467
0 0.684554 0.118362 0.022961 0.022745
0 0.818549 0.977661 0.0237998 0.0233927
0 0.456715 0.985422 0.0281208 0.0264266
