0 0.977075 0.518256 0.0458509 0.0517595
0 0.957135 0.667587 0.0484071 0.046242
0 0.705917 0.700849 0.0509617 0.0496454
0 0.799224 0.470453 0.037956 0.0368954
0 0.838091 0.546438 0.0380799 0.0368276
0 0.0873702 0.904951 0.0310709 0.0304391
0 0.846556 0.649361 0.0393769 0.0379782
0 0.719292 0.276395 0.0298189 0.0289652
0 0.798446 0.147885 0.0397215 0.0388098
0 0.709518 0.12811 0.0297937 0.0285908
0 0.852881 0.144723 0.0319681 0.0309452
0 0.368071 0.827981 0.0258506 0.0253772
0 0.668764 0.395416 0.0291958 0.0282958
0 0.30101 0.575524 0.0266377 0.0259838
0 0.990598 0.388123 0.0187695 0.0471282
0 0.316225 0.884996 0.0261083 0.0254965
0 0.929776 0.731224 0.0290648 0.0280364
0 0.78568 0.67809 0.0271044 0.0263498
0 0.298889 0.898776 0.0288548 0.0279644
0 0.352753 0.922852 0.0385265 0.0375525
0 0.136198 0.305717 0.0237397 0.0232751
0 0.682823 0.29658 0.0253186 0.0248181
0 0.757897 0.687875 0.0285959 0.0277112
0 0.651233 0.687575 0.0266943 0.0260842
0 0.343057 0.745166 0.0259714 0.024967
0 0.610386 0.0521282 0.348946 0.104256
0 0.068845 0.687895 0.0254746 0.024305
0 0.866221 0.919855 0.0231687 0.0229216
0 0.764949 0.102625 0.0240796 0.0237492
0 0.471328 0.178966 0.0237033 0.0228636
0 0.151065 0.0530081 0.0244347 0.0233913
0 0.694722 0.49346 0.0236113 0.0225818
0 0.0304976 0.47818 0.0222578 0.0216033
0 0.428132 0.916877 0.0229385 0.022386
0 0.40234 0.781619 0.0230025 0.022501
0 0.958347 0.719671 0.0225795 0.0218349
0 0.958953 0.762731 0.0231807 0.0224411
0 0.74187 0.59398 0.0230308 0.0226182
0 0.394617 0.888626 0.0235466 0.0230002
0 0.228469 0.426606 0.0225139 0.0221935
0 0.763776 0.538919 0.0221379 0.0218582
0 0.422596 0.839809 0.0225049 0.0221081
0 0.53769 0.162511 0.0219109 0.0218809
0 0.0982442 0.518262 0.0219306 0.021311
0 0.224986 0.401994 0.0217475 0.0209689
