0 0.897402 0.670814 0.205197 0.234716
0 0.572196 0.329202 0.157163 0.114474
0 0.515691 0.836066 0.121346 0.0944475
0 0.712731 0.0959962 0.102995 0.0755081
0 0.521632 0.194793 0.118119 0.0921693
0 0.820507 0.799068 0.0847365 0.0629566
0 0.412029 0.843737 0.146529 0.114168
0 0.689475 0.0347949 0.104394 0.0695431
0 0.536995 0.067246 0.091034 0.0679387
0 0.468118 0.412113 0.0647022 0.0512843
0 0.609751 0.534456 0.27708 0.200916
0 0.0670283 0.743893 0.134057 0.11681
0 0.374464 0.0354673 0.143213 0.0708935
0 0.795179 0.0393202 0.05218 0.0387061
0 0.310596 0.863444 0.0576189 0.0456441
0 0.0555163 0.242146 0.0373414 0.0277634
0 0.339876 0.402169 0.0392331 0.030509
0 0.69359 0.63793 0.0374056 0.0280936
0 0.711326 0.794714 0.0372639 0.0285686
0 0.224752 0.0520709 0.0343488 0.0261578
0 0.200755 0.0708002 0.0324922 0.025274
0 0.116842 0.239879 0.0313991 0.0246066
0 0.217278 0.475044 0.0556356 0.0430656
0 0.609859 0.239234 0.0923048 0.0710162
0 0.246141 0.852507 0.0490062 0.0400448
0 0.582043 0.676712 0.167353 0.122469
0 0.0824816 0.825885 0.0585931 0.0455785
0 0.226496 0.2742 0.0311811 0.0243084
0 0.0435963 0.98297 0.0324724 0.0255217
0 0.684274 0.166708 0.159789 0.11369
0 0.144754 0.765769 0.0537132 0.0398634
0 0.7305 0.761286 0.113289 0.085481
0 0.909554 0.260405 0.0871695 0.066979
0 0.0700506 0.868418 0.0317975 0.0242543
0 0.398378 0.478845 0.0517528 0.0397256
0 0.100998 0.608395 0.0392633 0.0302305
0 0.385278 0.379081 0.0370904 0.0291571
0 0.106782 0.579452 0.0398397 0.0302749
0 0.284159 0.829385 0.0399429 0.0312939
0 0.0746731 0.566419 0.0316676 0.0243549
0 0.200723 0.859861 0.0293399 0.0237492
0 0.613386 0.966423 0.0753682 0.0560426
0 0.760299 0.706708 0.0518657 0.0382382
0 0.121339 0.398503 0.0274891 0.0219401
0 0.147274 0.39014 0.0282295 0.0228492
0 0.586458 0.379495 0.0426057 0.0332084
0 0.265162 0.40544 0.0325442 0.0255456
0 0.910744 0.993306 0.0326803 0.0133877
0 0.893769 0.891098 0.103531 0.0753767
0 0.00892067 0.0903339 0.0178413 0.0215125
0 0.143739 0.367142 0.0269318 0.0216162
0 0.683995 0.276301 0.116331 0.0933435
0 0.664149 0.917219 0.0285292 0.0218897
0 0.910685 0.886041 0.0753564 0.0554083
0 0.580439 0.0255796 0.113401 0.0508786
0 0.79983 0.583788 0.0286694 0.0223165
