0 0.0935582 0.272174 0.10479 0.102485
0 0.436351 0.643458 0.0808775 0.0799136
0 0.109796 0.166977 0.0952182 0.0941014
0 0.415547 0.183415 0.0435398 0.0427309
0 0.250689 0.262907 0.0471014 0.0470431
0 0.085769 0.70756 0.0402058 0.03919
0 0.0149932 0.518249 0.0299865 0.041153
0 0.514952 0.123854 0.0405235 0.0391821
0 0.405124 0.462867 0.0387614 0.0381285
0 0.300431 0.155478 0.041091 0.0408002
0 0.132554 0.961168 0.0327112 0.0317543
0 0.431476 0.830681 0.0334802 0.032526
0 0.0620774 0.35639 0.03025 0.0293221
0 0.128932 0.871491 0.0356411 0.0351031
0 0.250918 0.303414 0.0462558 0.0455962
0 0.128883 0.737626 0.026869 0.0264568
0 0.456395 0.589195 0.0309696 0.030156
0 0.477719 0.961199 0.0268321 0.0263317
0 0.798959 0.262746 0.033726 0.0330799
0 0.0120099 0.0733145 0.0240199 0.0438438
0 0.953217 0.975438 0.0268947 0.0261976
0 0.639637 0.768545 0.0505268 0.0494905
0 0.0994547 0.387392 0.0337491 0.0328149
0 0.0598893 0.555713 0.0261001 0.0255928
0 0.372304 0.992795 0.0275931 0.014411
0 0.922847 0.549958 0.0258521 0.0249767
0 0.210974 0.393361 0.0260272 0.0256022
0 0.259449 0.144343 0.0272018 0.0266288
0 0.944962 0.524742 0.0251632 0.0242159
0 0.568321 0.767167 0.0311478 0.0298951
0 0.614018 0.267214 0.0282156 0.027005
0 0.871617 0.785704 0.0269768 0.0264045
0 0.822597 0.532005 0.0232223 0.0226763
0 0.798672 0.559175 0.0928654 0.0920287
0 0.451565 0.700187 0.026209 0.0257423
0 0.257441 0.96684 0.0244023 0.0235767
0 0.290236 0.0685088 0.024492 0.0240931
0 0.865258 0.815577 0.0271606 0.0264852
0 0.221754 0.720656 0.0352652 0.0343311
0 0.570125 0.542176 0.026178 0.0253613
0 0.954678 0.726696 0.0283873 0.0272761
0 0.679374 0.465314 0.0252062 0.0245391
0 0.190345 0.257214 0.0332514 0.0325048
0 0.28059 0.528109 0.0264246 0.0257853
0 0.714804 0.163037 0.0325289 0.0327866
0 0.389275 0.866999 0.0242046 0.0236764
0 0.620523 0.679387 0.0363491 0.036694
0 0.169126 0.750694 0.022717 0.022541
0 0.0632706 0.744392 0.0228219 0.0222454
0 0.457297 0.931514 0.0231181 0.0224854
0 0.273361 0.0075481 0.023758 0.015087
0 0.705701 0.389282 0.0269785 0.0260683
0 0.548417 0.741497 0.0399857 0.0390131
0 0.098875 0.925476 0.0230319 0.0226212
0 0.500069 0.550613 0.0254155 0.024678
0 0.198982 0.644704 0.031441 0.0312159
0 0.350314 0.432496 0.0356291 0.0344145
0 0.382507 0.677221 0.0291349 0.0283208
0 0.129939 0.516364 0.0229599 0.0226398
0 0.77402 0.968307 0.022893 0.0224633
0 0.272878 0.358149 0.0636755 0.0667801
0 0.319929 0.436587 0.0336059 0.0331525
0 0.135973 0.386956 0.0292323 0.0284755
0 0.995807 0.01176 0.00838604 0.0230682
0 0.889997 0.358178 0.0277813 0.0271891
