0 0.532298 0.0478438 0.134533 0.095348
0 0.362922 0.244355 0.095352 0.0811064
0 0.760686 0.240385 0.0973332 0.0826609
0 0.587075 0.975284 0.0925558 0.049428
0 0.844194 0.342157 0.0970424 0.0848161
0 0.547507 0.672538 0.10029 0.0834532
0 0.670145 0.849553 0.0609281 0.0508245
0 0.643972 0.398709 0.0405225 0.0349442
0 0.516853 0.396668 0.0512897 0.0427451
0 0.471949 0.379507 0.0547019 0.0459505
0 0.742492 0.987149 0.051837 0.0255247
0 0.489327 0.913974 0.116576 0.0973156
0 0.767895 0.824797 0.0574348 0.0478374
0 0.142038 0.703071 0.0921449 0.0802996
0 0.650984 0.346999 0.0469184 0.0396447
0 0.431455 0.181446 0.119651 0.0980386
0 0.589269 0.717592 0.0569719 0.0477409
0 0.223345 0.486736 0.0448363 0.0375968
0 0.873834 0.838623 0.0332648 0.0283688
0 0.444442 0.254771 0.058635 0.0488582
0 0.359038 0.499398 0.0421803 0.0341638
0 0.739345 0.456533 0.0390681 0.0344071
0 0.494528 0.724427 0.0544096 0.0459407
0 0.844995 0.631012 0.0457854 0.0381231
0 0.900164 0.20566 0.044861 0.0378691
0 0.455593 0.307839 0.0287521 0.0240685
0 0.34723 0.655933 0.331854 0.249692
0 0.708586 0.330668 0.0411994 0.0353878
0 0.825091 0.513388 0.0659544 0.055607
0 0.343793 0.0686575 0.0328562 0.0270543
0 0.0711913 0.394147 0.0289274 0.0249481
0 0.550357 0.294326 0.0885358 0.0739129
0 0.434348 0.989522 0.0367652 0.0209093
0 0.330153 0.533619 0.035956 0.02963
0 0.138011 0.264884 0.0434661 0.0366197
0 0.24359 0.210182 0.0299428 0.0256104
0 0.0514906 0.957535 0.0274191 0.0234369
0 0.743162 0.304972 0.0452112 0.037739
0 0.503922 0.54177 0.0320004 0.0265926
0 0.958525 0.189775 0.0821024 0.0764736
0 0.569014 0.180295 0.0520155 0.0441429
0 0.889999 0.779489 0.220003 0.409941
0 0.428352 0.375558 0.030707 0.0264215
0 0.159729 0.0588516 0.0675071 0.0576349
0 0.0628262 0.638432 0.125566 0.191859
0 0.756138 0.530412 0.0277953 0.0241202
0 0.68963 0.744918 0.0337532 0.0276675
0 0.198529 0.0439908 0.0694992 0.057576
0 0.176032 0.212825 0.0449884 0.0390375
0 0.251146 0.807663 0.106172 0.0879421
0 0.952675 0.364841 0.0703015 0.059549
0 0.294365 0.0162781 0.131983 0.0324454
0 0.644798 0.0603713 0.0468314 0.0383241
0 0.16963 0.415505 0.0285785 0.0239728
0 0.808034 0.0577293 0.0759249 0.0654582
0 0.13648 0.8983 0.272549 0.201349
0 0.514463 0.970648 0.0620914 0.052736
0 0.267904 0.256704 0.0470181 0.0394105
0 0.273238 0.865673 0.0423107 0.036133
0 0.329147 0.363381 0.0429419 0.0357693
0 0.816295 0.283571 0.0737167 0.0626502
0 0.269756 0.182676 0.0452198 0.0370906
0 0.743018 0.331937 0.0276432 0.0244494
0 0.396615 0.718395 0.0270031 0.0226691
0 0.264432 0.0313492 0.0382661 0.0320044
0 0.340667 0.787473 0.0307678 0.0267272
0 0.149933 0.551625 0.0396096 0.0326355
0 0.127968 0.463809 0.0696929 0.0575862
0 0.762264 0.782616 0.0526986 0.0431002
0 0.505959 0.327955 0.0403686 0.0338488
0 0.190265 0.704773 0.0264089 0.0228834
0 0.0606245 0.781488 0.119196 0.106039
0 0.714996 0.19211 0.043454 0.0365121
0 0.986456 0.562907 0.0254883 0.0239347
0 0.309563 0.776637 0.0314978 0.026049
0 0.236247 0.764671 0.0268177 0.0238368
0 0.681557 0.225063 0.0745439 0.0651454
0 0.68893 0.704467 0.0244102 0.0222063
0 0.189964 0.451424 0.031776 0.0269904
0 0.0461111 0.0241816 0.0922222 0.0480791
0 0.00391757 0.141376 0.00783514 0.0283967
0 0.162747 0.00742801 0.0700888 0.0148076
0 0.34719 0.39594 0.0300477 0.0257387
0 0.752654 0.432805 0.0243586 0.0211351
0 0.24312 0.0880002 0.038037 0.0308004
0 0.35313 0.443351 0.0316197 0.0265231
0 0.518645 0.442115 0.0396095 0.0351085
0 0.0620544 0.741478 0.0323649 0.028422
0 0.316368 0.427199 0.0362499 0.0302472
0 0.763959 0.648484 0.0232431 0.0208163
0 0.829812 0.278276 0.0494165 0.0421721
0 0.187889 0.252829 0.0342456 0.0290488
