0 0.114314 0.449962 0.0538907 0.0496139
0 0.0139941 0.886154 0.0279883 0.0352379
0 0.887832 0.0131079 0.0315342 0.0262036
0 0.33671 0.670272 0.0498173 0.0461986
0 0.828353 0.261241 0.0302498 0.0282511
0 0.783659 0.0934316 0.0273836 0.0258985
0 0.229762 0.136591 0.027741 0.0258218
0 0.374363 0.65374 0.0410035 0.0372338
0 0.160624 0.369648 0.0311539 0.0288766
0 0.260849 0.0878341 0.0278554 0.025763
0 0.892379 0.436585 0.0254661 0.0242482
0 0.729632 0.495547 0.0260344 0.0245991
0 0.030967 0.693007 0.0265117 0.0239226
0 0.336207 0.471056 0.0316691 0.0290709
0 0.959114 0.0908957 0.0241514 0.0233648
0 0.222625 0.484503 0.139834 0.130445
0 0.288806 0.50091 0.0264427 0.024519
0 0.292629 0.0741075 0.0265663 0.0245742
0 0.0405172 0.559165 0.0236883 0.0224545
0 0.137062 0.334635 0.0271971 0.0252866
0 0.838754 0.220478 0.0242933 0.023349
0 0.472189 0.806239 0.0414232 0.0378389
0 0.151753 0.568644 0.0256809 0.0234582
0 0.0693717 0.00962274 0.0308665 0.0191864
0 0.232992 0.00799655 0.0262762 0.0159931
0 0.991796 0.116667 0.0164089 0.0254272
0 0.774928 0.305977 0.0245876 0.0227731
0 0.252498 0.865745 0.0237896 0.0226596
0 0.683224 0.47948 0.0330029 0.0289522
0 0.756503 0.660488 0.0241864 0.0222602
0 0.267353 0.00471006 0.0245426 0.00939949
0 0.544497 0.248147 0.02552 0.0236495
0 0.464762 0.0470042 0.259382 0.0939815
0 0.472847 0.308188 0.024264 0.0218489
0 0.901579 0.0701798 0.194667 0.140029
0 0.246052 0.375369 0.023621 0.0223137
