0 0.0632195 0.301193 0.041339 0.0389286
0 0.556801 0.452219 0.0349624 0.0314225
0 0.0123932 0.638458 0.0247253 0.0344639
0 0.4844 0.660251 0.0359389 0.0319073
0 0.196267 0.769026 0.085573 0.0756992
0 0.11739 0.78794 0.09206 0.0792436
0 0.934962 0.603456 0.0312659 0.0277821
0 0.656458 0.959787 0.0320697 0.0287867
0 0.0292088 0.981595 0.0350521 0.0289866
0 0.395913 0.698936 0.0316494 0.0275137
0 0.298627 0.353429 0.15343 0.138508
0 0.773584 0.0759375 0.029187 0.0272866
0 0.10169 0.456385 0.0270376 0.0256301
0 0.118027 0.144245 0.0276448 0.0265755
0 0.145021 0.883259 0.0345557 0.0290874
0 0.00715797 0.28217 0.0143159 0.0279357
0 0.337449 0.0523567 0.346739 0.104713
0 0.319337 0.66823 0.0569541 0.0506523
0 0.0647222 0.905132 0.0389788 0.0322281
0 0.599189 0.595002 0.0226943 0.0214469
0 0.528495 0.536466 0.0508978 0.0464134
0 0.25494 0.994887 0.042483 0.0102254
0 0.489785 0.00456044 0.0242328 0.00909655
0 0.311684 0.114068 0.0384886 0.0344963
0 0.739011 0.989955 0.0249531 0.0200899
0 0.927966 0.731316 0.0355625 0.0318463
0 0.28502 0.573049 0.036909 0.0345469
0 0.469841 0.591704 0.0438936 0.0401038
0 0.626774 0.90208 0.0238502 0.0216105
0 0.207868 0.974954 0.0319128 0.0260888
0 0.670186 0.642121 0.0243001 0.0223434
