0 0.322547 0.0686644 0.108946 0.0882516
0 0.446072 0.603675 0.0695823 0.0580707
0 0.831515 0.823316 0.334777 0.353368
0 0.23872 0.318995 0.107818 0.0922093
0 0.960612 0.322534 0.040771 0.031742
0 0.0911317 0.740423 0.0827778 0.0655885
0 0.546664 0.876509 0.0325227 0.0273228
0 0.490597 0.933724 0.0415726 0.0333854
0 0.42358 0.24189 0.0316935 0.0259756
0 0.304246 0.315624 0.070781 0.0583325
0 0.326215 0.0491201 0.034646 0.0288403
0 0.336572 0.911829 0.0317973 0.0261208
0 0.126347 0.308995 0.0339189 0.0281512
0 0.421953 0.353233 0.0701985 0.0571988
0 0.441183 0.662628 0.059053 0.0471487
0 0.307115 0.739591 0.0290079 0.0245012
0 0.489758 0.754748 0.0337506 0.0269659
0 0.448208 0.478741 0.197723 0.163296
0 0.505599 0.85553 0.0538363 0.0415802
0 0.0326896 0.332613 0.0491307 0.0402207
0 0.394466 0.890771 0.0518294 0.0411878
0 0.286727 0.912556 0.0319613 0.0264192
0 0.721133 0.984306 0.0308993 0.0261314
0 0.520398 0.71016 0.0331175 0.0270383
0 0.434018 0.559424 0.0501878 0.0411178
0 0.468293 0.113251 0.0356504 0.0281282
0 0.558581 0.168925 0.0268767 0.0228118
0 0.374961 0.287088 0.0316959 0.025963
0 0.268437 0.220059 0.0551245 0.0451973
0 0.58957 0.493842 0.0318704 0.0261676
0 0.696729 0.653555 0.0301986 0.0242658
0 0.81416 0.346381 0.0838576 0.0678469
0 0.61482 0.00723404 0.0279243 0.0144539
0 0.642089 0.688663 0.159535 0.12307
0 0.17385 0.335577 0.0283025 0.0235241
0 0.500472 0.401963 0.0824351 0.0685418
0 0.376023 0.538887 0.0264552 0.0224562
0 0.0248565 0.413949 0.0265878 0.0224753
0 0.678621 0.591698 0.053692 0.0442888
0 0.0252104 0.217296 0.0504208 0.0571991
0 0.0130045 0.3695 0.026009 0.0433807
0 0.56586 0.0867367 0.025881 0.0223826
0 0.974232 0.437687 0.0494938 0.0411884
0 0.9135 0.417031 0.0686028 0.0568627
0 0.939982 0.618154 0.0265951 0.0219793
0 0.568033 0.735215 0.0444609 0.0357001
0 0.577107 0.817145 0.0475024 0.0392668
0 0.111328 0.966758 0.085802 0.0653782
0 0.966551 0.297524 0.0270295 0.0216474
0 0.593318 0.619366 0.029979 0.0243638
0 0.164676 0.404244 0.0518154 0.0432593
0 0.983636 0.204542 0.0310331 0.0259608
0 0.386719 0.321534 0.0389655 0.0325054
0 0.79689 0.202886 0.0781261 0.0607097
