0 0.820755 0.012693 0.0534103 0.025386
0 0.482677 0.589641 0.160272 0.124003
0 0.211228 0.132646 0.173568 0.13244
0 0.869277 0.682617 0.0389819 0.0285468
0 0.665779 0.718392 0.0402894 0.0303389
0 0.473933 0.535535 0.0331132 0.0252199
0 0.34786 0.40062 0.0363042 0.0268427
0 0.699422 0.679984 0.0328959 0.0254942
0 0.931877 0.521012 0.0350978 0.0274466
0 0.102677 0.675252 0.199715 0.159214
0 0.833049 0.753654 0.0353842 0.0267621
0 0.36761 0.195849 0.0400006 0.0318828
0 0.272607 0.572764 0.0362597 0.0268839
0 0.437761 0.753504 0.0372012 0.0264323
0 0.631979 0.625251 0.167318 0.126487
0 0.427019 0.42638 0.0611181 0.0477489
0 0.500223 0.165131 0.0819833 0.0643839
0 0.767356 0.147605 0.463126 0.292297
0 0.681016 0.0534386 0.0615265 0.0473222
0 0.542707 0.586335 0.0306392 0.0240164
0 0.69752 0.190095 0.0289307 0.0223223
0 0.458676 0.0134033 0.0355774 0.0263733
0 0.612098 0.374744 0.0380481 0.028783
0 0.815073 0.783265 0.0439069 0.0333021
0 0.989559 0.715224 0.0208826 0.0746369
0 0.954663 0.32016 0.0906749 0.231116
