0 0.162965 0.278364 0.0532384 0.0525125
0 0.0572549 0.724903 0.0676839 0.06531
0 0.165468 0.23382 0.0409009 0.0402527
0 0.0343746 0.662047 0.0460903 0.045125
0 0.017846 0.618257 0.0356888 0.0500511
0 0.451131 0.414169 0.0401804 0.0391058
0 0.437611 0.788586 0.0347444 0.0288253
0 0.659664 0.526402 0.0456465 0.0438114
0 0.244864 0.0935855 0.0307607 0.0297373
0 0.949256 0.30125 0.0326009 0.0312096
0 0.79275 0.0364375 0.044091 0.0432902
0 0.0162106 0.334238 0.0324211 0.0368602
0 0.438648 0.445698 0.0276077 0.0272748
0 0.607932 0.71721 0.0316428 0.0303522
0 0.259112 0.414593 0.0417424 0.0409104
0 0.62328 0.612259 0.0313595 0.0306811
0 0.785624 0.790611 0.0316556 0.024778
0 0.0113539 0.688542 0.0226734 0.0293469
0 0.727472 0.128797 0.0262272 0.0258326
0 0.427325 0.706687 0.0253242 0.0246649
0 0.353104 0.377434 0.031649 0.030941
0 0.596651 0.649108 0.0245073 0.0240354
0 0.523821 0.218938 0.0298406 0.0286152
0 0.685595 0.401595 0.0299153 0.0295326
0 0.734737 0.387011 0.0424159 0.0405651
0 0.577596 0.00871147 0.025578 0.0173048
0 0.885474 0.185168 0.0378837 0.0375112
0 0.817896 0.370169 0.0254683 0.0248364
0 0.208157 0.677034 0.0251974 0.0243051
0 0.636217 0.183691 0.0359013 0.0341868
0 0.712642 0.0800824 0.0243814 0.0237238
0 0.640651 0.69974 0.0403919 0.0393031
0 0.872179 0.526318 0.135391 0.129733
0 0.493256 0.783676 0.0250938 0.0239737
0 0.432375 0.188564 0.0257037 0.0248719
0 0.674372 0.417672 0.0266805 0.0265747
0 0.975304 0.132152 0.0263703 0.0260685
0 0.788809 0.304914 0.0251773 0.024436
0 0.00278093 0.241594 0.00556186 0.0376647
0 0.268314 0.580902 0.0831765 0.0832844
0 0.644384 0.188488 0.0529019 0.0497267
0 0.113563 0.781524 0.0562658 0.0449829
0 0.00574654 0.513882 0.0114931 0.0462896
0 0.984757 0.156429 0.0238823 0.023342
