0 0.308581 0.086674 0.0940766 0.0826214
0 0.15913 0.28837 0.0772477 0.063263
0 0.0972523 0.662802 0.0387295 0.0330005
0 0.108021 0.763695 0.038987 0.0329968
0 0.314235 0.851582 0.0356277 0.030684
0 0.969482 0.0129453 0.0316975 0.0258604
0 0.0678289 0.825853 0.0369848 0.0319599
0 0.211171 0.211496 0.0511673 0.0441262
0 0.0565477 0.110492 0.0485681 0.0393704
0 0.19682 0.0748012 0.0388911 0.0331932
0 0.303339 0.828549 0.0320333 0.0279556
0 0.0228413 0.475392 0.0352694 0.0288347
0 0.276427 0.180687 0.0539105 0.0454276
0 0.814418 0.555975 0.0357313 0.0318425
0 0.684601 0.650445 0.0612418 0.055474
0 0.144882 0.765977 0.0282696 0.0240073
0 0.388115 0.57431 0.0273509 0.0242878
0 0.158779 0.144594 0.027604 0.0235256
0 0.130627 0.0168178 0.0310317 0.0263552
0 0.0678027 0.432106 0.0353376 0.0294178
0 0.115901 0.186608 0.0264682 0.0227846
0 0.0341683 0.991168 0.0252454 0.017664
0 0.787595 0.00484337 0.0272086 0.00965874
0 0.0788316 0.986551 0.0255635 0.0234382
0 0.14324 0.0459273 0.0265551 0.0226368
0 0.781403 0.0365864 0.0258148 0.0234325
0 0.327084 0.325307 0.0294454 0.0246868
0 0.748537 0.168662 0.0259334 0.0229508
0 0.867338 0.704959 0.0279322 0.0256045
0 0.0223272 0.560677 0.0309407 0.0275974
0 0.461912 0.648892 0.0257928 0.022519
0 0.138097 0.0854472 0.0303051 0.0254275
0 0.691434 0.55292 0.0324419 0.0296219
0 0.402946 0.268456 0.0408765 0.034158
0 0.919804 0.711387 0.0694463 0.0601152
0 0.0184483 0.69037 0.0256226 0.0224805
0 0.205884 0.169552 0.0593432 0.0500194
0 0.728269 0.666187 0.0321842 0.0299916
0 0.970722 0.724345 0.046005 0.0388
0 0.732635 0.00732988 0.0312428 0.0146299
