0 0.447241 0.175855 0.37949 0.297371
0 0.709902 0.819388 0.383374 0.307368
0 0.29586 0.455575 0.1121 0.0917304
0 0.348299 0.808331 0.0497342 0.0378294
0 0.831139 0.143808 0.0338039 0.0272183
0 0.460335 0.694472 0.0498917 0.0383592
0 0.980049 0.247908 0.0320628 0.0255419
0 0.162402 0.307684 0.167959 0.134018
0 0.434382 0.35343 0.0344466 0.0253579
0 0.378427 0.990427 0.0351743 0.0191452
0 0.171189 0.831866 0.035369 0.0268929
0 0.894508 0.320364 0.0328595 0.0267248
0 0.119796 0.0311964 0.0980565 0.0621895
0 0.879237 0.756587 0.241527 0.307293
0 0.909888 0.55704 0.0295146 0.0234179
0 0.906896 0.531953 0.0389075 0.0318139
0 0.120489 0.393209 0.0270986 0.0225377
0 0.0468245 0.43095 0.0263071 0.0218422
0 0.99444 0.659186 0.0111203 0.0233757
