0 0.944682 0.0687771 0.0844059 0.0832778
0 0.309036 0.808758 0.123593 0.122489
0 0.354883 0.0986917 0.0735216 0.0716537
0 0.892328 0.392549 0.133335 0.128865
0 0.827214 0.139864 0.0675424 0.0655513
0 0.186261 0.361545 0.0521578 0.051138
0 0.954881 0.163388 0.0796811 0.0775787
0 0.384087 0.503471 0.102748 0.0988073
0 0.382942 0.631337 0.0592368 0.0579025
0 0.704298 0.408788 0.0528088 0.0509177
0 0.737454 0.878646 0.0521204 0.0504025
0 0.201559 0.513544 0.054921 0.0538187
0 0.754482 0.192626 0.065269 0.0637761
0 0.720813 0.537085 0.0523074 0.050684
0 0.917875 0.114697 0.0497361 0.0486069
0 0.815615 0.851829 0.0382345 0.0375406
0 0.802899 0.492572 0.0636096 0.0621608
0 0.689324 0.18251 0.0553973 0.0549721
0 0.372949 0.898644 0.0611875 0.0589633
0 0.345202 0.180617 0.0377853 0.0374552
0 0.733554 0.704698 0.0426852 0.0415381
0 0.595654 0.233369 0.0369786 0.0359834
0 0.243826 0.611926 0.0323246 0.0320687
0 0.675608 0.0125169 0.0358102 0.0249586
0 0.63298 0.0894153 0.0608412 0.0596466
0 0.658222 0.486199 0.0543861 0.0524382
0 0.774032 0.729058 0.0376773 0.0366671
0 0.8068 0.983249 0.0334389 0.0322252
0 0.0610554 0.817456 0.0428666 0.0413216
0 0.67122 0.432589 0.0335803 0.0329538
0 0.523745 0.648162 0.0282241 0.0277381
0 0.708288 0.453691 0.0440269 0.0425175
0 0.156892 0.101035 0.0357731 0.0359313
0 0.824999 0.565303 0.0327749 0.0323254
0 0.0263578 0.851432 0.0526898 0.0595586
0 0.693313 0.272342 0.057017 0.0541532
0 0.577078 0.214878 0.0249436 0.0244784
0 0.901589 0.156818 0.0478699 0.0470595
0 0.247363 0.925363 0.0321063 0.0313373
0 0.933018 0.569112 0.0324958 0.0314459
0 0.112026 0.447497 0.0329635 0.032203
0 0.550116 0.162173 0.0252891 0.0250724
0 0.639853 0.970554 0.0645164 0.0578869
0 0.663169 0.712719 0.0694381 0.067143
0 0.515814 0.899153 0.0341618 0.0327847
0 0.833836 0.664265 0.0358818 0.0348508
0 0.351553 0.506068 0.0311765 0.0306946
0 0.104526 0.24782 0.0267077 0.0265515
0 0.543174 0.579246 0.0395491 0.0384697
0 0.149605 0.480425 0.0267719 0.026405
0 0.801549 0.429403 0.0413902 0.0397309
0 0.469531 0.56604 0.0570434 0.0548387
0 0.464903 0.023027 0.0424019 0.0412788
0 0.974424 0.368639 0.0509556 0.0593843
0 0.905351 0.608803 0.0270853 0.0264132
0 0.30893 0.894866 0.0464159 0.0453847
0 0.653186 0.373254 0.0389603 0.0380342
0 0.0217788 0.372007 0.0267628 0.0263363
0 0.54687 0.982811 0.123102 0.0343775
0 0.586158 0.496089 0.036772 0.0351149
0 0.58008 0.0875448 0.024425 0.0240453
0 0.046385 0.467309 0.0927699 0.212009
0 0.485477 0.617329 0.0324984 0.03141
0 0.123725 0.69326 0.132225 0.126007
0 0.821404 0.648505 0.033602 0.0328298
0 0.130156 0.114646 0.0367319 0.0356098
0 0.628022 0.573271 0.0538988 0.053061
0 0.380443 0.00476308 0.0269371 0.00945045
0 0.57708 0.867328 0.0430279 0.0409123
0 0.109088 0.921236 0.215663 0.155532
0 0.553459 0.800948 0.0324669 0.0310763
0 0.682168 0.98826 0.0276912 0.0234798
0 0.518042 0.306601 0.0250986 0.0243744
0 0.892513 0.942958 0.031352 0.0311578
0 0.914961 0.518305 0.0349879 0.0344431
0 0.146716 0.173746 0.0286644 0.0279099
0 0.587897 0.297272 0.0268395 0.0266783
0 0.806886 0.759137 0.0290273 0.0281394
0 0.990775 0.304956 0.0182788 0.0485427
0 0.267377 0.424313 0.0385655 0.0374601
0 0.892489 0.70522 0.0262598 0.0255724
0 0.163893 0.525005 0.0256696 0.0250392
0 0.410198 0.383985 0.027374 0.0267869
0 0.064279 0.03253 0.101192 0.0649546
0 0.968149 0.555669 0.0637027 0.0700147
0 0.239652 0.781692 0.024689 0.0242631
0 0.723316 0.235578 0.0503619 0.0488869
0 0.491405 0.405343 0.0245515 0.024263
0 0.268412 0.125785 0.0251952 0.0246741
0 0.267739 0.722144 0.0693761 0.0681183
0 0.0577839 0.10659 0.0235935 0.0234742
0 0.878054 0.962923 0.042353 0.0425582
0 0.584048 0.414033 0.0259824 0.0249622
0 0.4768 0.646678 0.0234383 0.0228431
0 0.568305 0.435338 0.0224924 0.0221516
0 0.778065 0.00575999 0.0279126 0.01152
0 0.0840333 0.71278 0.0333106 0.0323695
0 0.595725 0.5869 0.0248695 0.0246037
0 0.825641 0.301835 0.0273494 0.0264776
0 0.401763 0.113085 0.0237733 0.0236538
0 0.407367 0.140902 0.0230901 0.0232793
0 0.447482 0.437093 0.0825612 0.0791884
0 0.394274 0.442848 0.0290906 0.0282463
0 0.49454 0.114745 0.0436822 0.0439227
0 0.0430787 0.386956 0.0230464 0.0231961
0 0.80227 0.391814 0.0469576 0.0446399
0 0.769099 0.186112 0.0316515 0.0302945
0 0.0121327 0.761135 0.0236894 0.0241134
0 0.839642 0.610318 0.0238153 0.0234906
0 0.840947 0.0883326 0.0318048 0.0317292
0 0.352352 0.569026 0.0495262 0.048597
0 0.558061 0.334218 0.0246962 0.0239745
0 0.599847 0.388569 0.0474323 0.0455972
0 0.617224 0.255879 0.025856 0.0252265
0 0.989262 0.0947647 0.0214359 0.0896025
0 0.674719 0.652452 0.0352316 0.0340695
0 0.615183 0.361889 0.0260369 0.0255407
0 0.190715 0.298429 0.0228891 0.0225132
0 0.366553 0.0483049 0.0625715 0.060666
0 0.845308 0.731314 0.0440698 0.043399
0 0.611851 0.554483 0.0280932 0.0275347
0 0.866265 0.985588 0.0226016 0.0222869
0 0.596102 0.535344 0.0276865 0.0268331
0 0.664263 0.297958 0.0245372 0.0242
0 0.863663 0.0534135 0.0248665 0.0248296
0 0.848629 0.832471 0.0334543 0.0333759
0 0.975292 0.844616 0.0296841 0.0285821
0 0.490773 0.921063 0.0256447 0.0244437
0 0.482045 0.280703 0.0224304 0.0225113
0 0.457159 0.96795 0.0346583 0.0339668
0 0.328576 0.371485 0.0419599 0.040306
