0 0.494304 0.405181 0.13785 0.13461
0 0.59339 0.877325 0.242007 0.241541
0 0.899924 0.5003 0.0609539 0.0599112
0 0.790018 0.812035 0.197935 0.20243
0 0.632939 0.539484 0.0530725 0.0528242
0 0.754411 0.434404 0.0472504 0.0455998
0 0.799292 0.289182 0.0421246 0.0419528
0 0.893963 0.419911 0.0380925 0.0377269
0 0.85224 0.738711 0.0504206 0.0493488
0 0.683205 0.382043 0.0458231 0.0454747
0 0.032543 0.0292924 0.035234 0.0346208
0 0.458898 0.327416 0.0370822 0.0361419
0 0.79065 0.941721 0.0384712 0.037496
0 0.121679 0.353505 0.0452816 0.0432715
0 0.797037 0.511003 0.0374849 0.0371488
0 0.883394 0.374663 0.0499552 0.0491914
0 0.266199 0.156051 0.0326238 0.0321572
0 0.839503 0.632969 0.039118 0.0384738
0 0.206007 0.539402 0.0389301 0.0380004
0 0.661035 0.462113 0.0508432 0.0504425
0 0.787518 0.0821047 0.234119 0.164209
0 0.724742 0.458438 0.0314565 0.0306795
0 0.132768 0.735331 0.0285062 0.0282003
0 0.0934265 0.311282 0.0276685 0.0271135
0 0.200542 0.748509 0.0299383 0.029573
0 0.0853766 0.340352 0.0322949 0.0316736
0 0.447689 0.233909 0.0267982 0.0266152
0 0.671442 0.120669 0.029459 0.0287758
0 0.199779 0.807713 0.0336601 0.032836
0 0.411976 0.58342 0.0330609 0.0330245
0 0.677725 0.238449 0.0274616 0.02745
0 0.768416 0.502899 0.0271992 0.0271712
0 0.2236 0.713947 0.0371955 0.0374121
0 0.278592 0.190367 0.0352666 0.0339753
0 0.486914 0.012561 0.0325801 0.0250946
0 0.549822 0.556193 0.0265216 0.0258511
0 0.0300636 0.835395 0.0237411 0.0233324
0 0.837855 0.0444183 0.0350392 0.0344802
0 0.0181574 0.34095 0.0250745 0.0243215
0 0.880192 0.137879 0.0253904 0.024967
0 0.268214 0.9164 0.0278882 0.0277263
0 0.573749 0.434546 0.0256896 0.0257487
0 0.884505 0.0397225 0.0286396 0.0276511
0 0.725712 0.971831 0.0245348 0.02413
0 0.762069 0.602362 0.0269287 0.0273702
0 0.335026 0.28525 0.0322335 0.0311627
0 0.0862484 0.413231 0.0332604 0.0323322
0 0.734754 0.083426 0.0293568 0.0284731
0 0.718643 0.652393 0.0261468 0.0255969
0 0.190088 0.331931 0.0259562 0.0256219
0 0.0828114 0.700136 0.0248993 0.0242502
0 0.511683 0.53195 0.0239161 0.0241083
0 0.949787 0.35326 0.026072 0.0256095
0 0.329386 0.102747 0.0260379 0.0258547
0 0.729457 0.271062 0.0254848 0.0256807
0 0.956034 0.0707675 0.0345662 0.0335622
0 0.806462 0.0444293 0.025879 0.0253727
0 0.649036 0.576997 0.0251982 0.0251925
0 0.695836 0.614319 0.0236464 0.0235731
0 0.26694 0.807343 0.0239986 0.0234281
0 0.66421 0.988235 0.0412971 0.0234389
0 0.609182 0.152465 0.0588525 0.0568148
0 0.295159 0.0550132 0.0599925 0.0590845
0 0.826598 0.0779952 0.0429935 0.0414818
0 0.154625 0.736483 0.0289877 0.0290999
0 0.934064 0.227281 0.0674741 0.0672507
0 0.467144 0.201205 0.040307 0.0394886
0 0.888392 0.553709 0.0386252 0.038387
0 0.788858 0.985449 0.0311887 0.0285501
0 0.913977 0.880095 0.0269341 0.0268488
0 0.349024 0.538465 0.0253898 0.0253189
0 0.426495 0.42737 0.0490785 0.0477525
0 0.959794 0.911502 0.0386462 0.0393134
0 0.399083 0.347761 0.0228423 0.0225025
0 0.968236 0.163463 0.0482203 0.0482198
0 0.658167 0.26416 0.0255926 0.0253996
0 0.19125 0.187278 0.19698 0.185454
0 0.927922 0.65786 0.143849 0.310354
0 0.242471 0.74399 0.0241226 0.0236612
0 0.882591 0.226656 0.0322345 0.031526
0 0.382875 0.729891 0.0530747 0.0527885
0 0.777205 0.640167 0.0255445 0.0254688
0 0.26744 0.218633 0.023551 0.0231549
0 0.865657 0.522453 0.0303884 0.0302124
0 0.551903 0.49047 0.0278299 0.0276047
0 0.342112 0.758466 0.0261126 0.0260351
0 0.463645 0.630541 0.0235164 0.0232152
0 0.153914 0.196109 0.0303241 0.0292092
0 0.444007 0.177924 0.0261115 0.0256636
0 0.954319 0.262126 0.0237497 0.0233604
0 0.220051 0.291405 0.0423124 0.0411392
0 0.898981 0.910783 0.0223812 0.0222665
0 0.0241553 0.39717 0.0257079 0.0251732
0 0.212399 0.318743 0.0243751 0.0239888
0 0.707187 0.427191 0.0390034 0.038352
0 0.20674 0.389093 0.0381131 0.0367914
0 0.981909 0.0851652 0.0357522 0.0356041
0 0.432528 0.498339 0.045461 0.0439557
0 0.059307 0.777441 0.0224834 0.0223371
0 0.648175 0.497706 0.0224108 0.0222991
0 0.347504 0.697278 0.0452007 0.0433161
0 0.0126993 0.122941 0.0233491 0.0236426
0 0.323646 0.0209798 0.0396597 0.0387441
0 0.704908 0.0903642 0.0255334 0.0244892
0 0.0972916 0.07883 0.0274396 0.0267153
0 0.429561 0.135044 0.0226774 0.0223985
0 0.713256 0.115463 0.0247343 0.0239606
0 0.246506 0.187589 0.0224469 0.0220748
0 0.674521 0.70544 0.0242106 0.0234337
0 0.0028309 0.0166989 0.00566179 0.0297286
0 0.840017 0.0169475 0.107864 0.0337985
0 0.513264 0.264349 0.0221524 0.0222818
0 0.140876 0.482901 0.0231168 0.0232288
0 0.163752 0.665902 0.0328495 0.0325035
