0 0.634703 0.369737 0.191575 0.175049
0 0.766902 0.643744 0.168968 0.158617
0 0.366029 0.606851 0.391792 0.353152
0 0.79365 0.377411 0.0677669 0.0635165
0 0.810906 0.239049 0.0361338 0.0344012
0 0.905161 0.0868117 0.0452786 0.0448447
0 0.955041 0.583467 0.0270982 0.0268075
0 0.964308 0.481349 0.0371807 0.0370569
0 0.879518 0.00845936 0.0420515 0.0168605
0 0.908045 0.14498 0.0395237 0.0384431
0 0.46133 0.429703 0.0603633 0.056066
0 0.547145 0.2261 0.047225 0.0445667
0 0.355187 0.242676 0.0402672 0.0393117
0 0.76992 0.242029 0.0359895 0.0343087
0 0.67935 0.457282 0.0365129 0.0352058
0 0.948043 0.538586 0.0422743 0.0404785
0 0.943988 0.611065 0.0300331 0.0292301
0 0.956538 0.269745 0.032707 0.0315136
0 0.981566 0.131081 0.0304388 0.0294968
0 0.2306 0.202973 0.0359836 0.034943
0 0.494432 0.300409 0.0336643 0.032477
0 0.836248 0.62833 0.035866 0.0356299
0 0.772976 0.00824192 0.0376871 0.0164446
0 0.505542 0.70844 0.035497 0.0338793
0 0.0556226 0.604691 0.111245 0.238488
0 0.457669 0.733252 0.0520678 0.0486755
0 0.666646 0.174551 0.0357046 0.0341995
0 0.938064 0.100794 0.02868 0.0281597
0 0.943734 0.334488 0.0412951 0.0385003
0 0.292045 0.305096 0.0383439 0.0346527
0 0.777148 0.467293 0.0968418 0.092245
0 0.503808 0.370135 0.0355317 0.0333901
0 0.913172 0.109944 0.0239077 0.0239156
0 0.627436 0.486224 0.0365141 0.0352956
0 0.861596 0.670174 0.0462128 0.0438402
0 0.501408 0.267511 0.0361263 0.0335752
0 0.493319 0.320261 0.0282685 0.0277296
0 0.062879 0.35753 0.0297888 0.0283332
0 0.35612 0.27828 0.0535593 0.052915
0 0.627146 0.180839 0.047719 0.0439054
0 0.336012 0.409056 0.0383079 0.0354027
