0 0.956779 0.121699 0.086416 0.0819295
0 0.507878 0.752228 0.398739 0.337951
0 0.486149 0.238188 0.472104 0.37847
0 0.315906 0.943512 0.0659126 0.0549178
0 0.339065 0.902857 0.0480134 0.0406551
0 0.0469486 0.0172596 0.0409483 0.0342904
0 0.0977555 0.681054 0.047028 0.0400271
0 0.299149 0.542126 0.0432737 0.0389869
0 0.321348 0.37844 0.0532088 0.0485115
0 0.867385 0.770382 0.0852583 0.0750861
0 0.119553 0.533391 0.0401251 0.0352466
0 0.206704 0.382174 0.0344472 0.0302632
0 0.0356836 0.425468 0.0375217 0.0335296
0 0.89121 0.80546 0.0932387 0.0820594
0 0.9406 0.988407 0.072306 0.0231865
0 0.318408 0.613091 0.0281523 0.0258862
0 0.33015 0.455824 0.0330896 0.0300282
0 0.16044 0.441919 0.0397879 0.0354968
0 0.844219 0.206312 0.0325579 0.0287328
0 0.112663 0.56136 0.0326414 0.0282433
0 0.493032 0.0431785 0.309233 0.0863569
0 0.641129 0.398409 0.0277012 0.0266223
0 0.178118 0.176186 0.130764 0.111795
0 0.0623056 0.100184 0.0339807 0.0300251
0 0.226645 0.513924 0.0534607 0.0492358
0 0.365853 0.398291 0.0397226 0.0369195
0 0.729074 0.59171 0.0626829 0.0552633
0 0.822695 0.721662 0.0539604 0.0487073
0 0.889795 0.339846 0.0267406 0.0233973
0 0.0447784 0.182619 0.0374058 0.0339149
0 0.0890811 0.837184 0.178162 0.32562
0 0.969317 0.955056 0.0361366 0.0326832
0 0.108408 0.770334 0.157204 0.124092
0 0.868106 0.715614 0.041083 0.0360436
0 0.865899 0.680487 0.0488506 0.0416034
0 0.925839 0.684362 0.029182 0.0252113
0 0.811411 0.897683 0.0252935 0.0230899
0 0.120346 0.221107 0.0257598 0.0233054
0 0.332827 0.410665 0.0283086 0.0264497
0 0.230165 0.69502 0.0283947 0.026008
0 0.063345 0.666883 0.0263225 0.0234149
0 0.755867 0.79293 0.139534 0.119193
0 0.0110858 0.439772 0.0220646 0.0260707
0 0.771429 0.16056 0.0390189 0.0361763
0 0.431722 0.300329 0.0360955 0.0318328
0 0.118078 0.400322 0.0266817 0.0245174
0 0.124772 0.377326 0.0260999 0.02321
0 0.22134 0.986418 0.042708 0.0270281
0 0.809906 0.403736 0.0261559 0.0240326
0 0.0970457 0.723276 0.0586818 0.0496583
0 0.186328 0.640506 0.181706 0.160301
0 0.0666206 0.262832 0.025653 0.0223534
0 0.0922354 0.893459 0.184369 0.213082
