0 0.517089 0.802307 0.0594311 0.0565309
0 0.958334 0.66598 0.0408642 0.0396443
0 0.899577 0.11597 0.0347616 0.032775
0 0.67816 0.485262 0.0440547 0.0438268
0 0.622341 0.744762 0.0287774 0.0275481
0 0.518577 0.882237 0.0297688 0.0285721
0 0.0382859 0.332994 0.0298421 0.0286896
0 0.971246 0.263589 0.0283467 0.0265794
0 0.177072 0.320625 0.0561491 0.0549244
0 0.864708 0.202226 0.0297174 0.0282325
0 0.954636 0.870796 0.0240703 0.0234411
0 0.750578 0.159322 0.0310183 0.0292162
0 0.616713 0.334364 0.114353 0.108856
0 0.0180977 0.0739344 0.0256568 0.0247948
0 0.480865 0.303812 0.0355472 0.0342575
0 0.691212 0.0781903 0.0254604 0.0251614
0 0.665132 0.0634169 0.0287869 0.0291546
0 0.715033 0.55829 0.0362787 0.0352784
0 0.668984 0.404557 0.033 0.0318537
0 0.501251 0.408182 0.0546195 0.0534723
0 0.34083 0.0783077 0.0251973 0.0246978
0 0.903761 0.297045 0.0275297 0.0265819
0 0.501257 0.837134 0.0403149 0.0378199
0 0.371581 0.598605 0.0245584 0.0243363
0 0.955137 0.114794 0.0240542 0.0227263
0 0.890716 0.652681 0.0311121 0.03045
0 0.125818 0.394413 0.0356418 0.0346674
0 0.734736 0.483688 0.0404255 0.0391731
0 0.00785143 0.657274 0.0157029 0.0218879
0 0.672016 0.214975 0.0596931 0.0572397
0 0.617919 0.0261337 0.0626349 0.0521085
0 0.457697 0.0871518 0.0664332 0.0658533
0 0.585759 0.93983 0.0246654 0.0230347
