0 0.587422 0.259427 0.301302 0.2349
0 0.868329 0.563022 0.142446 0.11255
0 0.774223 0.318544 0.147335 0.114288
0 0.563014 0.751853 0.0983207 0.0763531
0 0.95323 0.646709 0.0935397 0.163278
0 0.882086 0.0382068 0.0890446 0.07099
0 0.56952 0.897397 0.0424972 0.0332667
0 0.759913 0.856542 0.0498369 0.0389637
0 0.728221 0.985295 0.0504775 0.0294094
0 0.724144 0.822071 0.0472903 0.0366344
0 0.308936 0.932054 0.0327408 0.0272379
0 0.810031 0.895488 0.0469272 0.0359425
0 0.819632 0.737495 0.0443865 0.0344195
0 0.566681 0.690708 0.0712924 0.055444
0 0.742699 0.0253359 0.0371141 0.0291276
0 0.90108 0.965091 0.103789 0.0692575
0 0.750504 0.638337 0.0672619 0.0548665
0 0.571155 0.660294 0.0352242 0.0279177
0 0.856071 0.140551 0.0540571 0.0432248
0 0.718742 0.891936 0.0362832 0.0288076
0 0.721088 0.602805 0.0327103 0.0254903
0 0.955342 0.321402 0.0312957 0.0253923
0 0.53463 0.439555 0.0291815 0.0235176
0 0.400218 0.724013 0.240474 0.195783
0 0.701087 0.918288 0.0418198 0.0328895
0 0.540732 0.715921 0.0313277 0.0245125
0 0.768502 0.214131 0.109903 0.0907485
0 0.469463 0.960638 0.110499 0.0785784
0 0.964337 0.422557 0.0448648 0.0357884
0 0.970302 0.874066 0.0306168 0.0245929
0 0.869947 0.335734 0.0322225 0.026288
0 0.912552 0.796393 0.0305926 0.023983
0 0.40011 0.0106876 0.0488935 0.0213752
0 0.99625 0.170851 0.0074996 0.0266213
0 0.80057 0.749912 0.0287899 0.0239929
0 0.812793 0.98881 0.0634147 0.0223801
0 0.480782 0.80867 0.0539389 0.0446072
0 0.711014 0.0355634 0.0370525 0.0300994
0 0.70429 0.517949 0.0276542 0.0227734
0 0.7975 0.00782517 0.0602994 0.0156085
0 0.915632 0.0847966 0.0296998 0.025619
0 0.988952 0.0551514 0.0220962 0.0386673
0 0.672331 0.993967 0.0266045 0.0120669
