0 0.0578477 0.677322 0.109265 0.0976079
0 0.619594 0.776178 0.0520048 0.0485125
0 0.314161 0.190878 0.0407783 0.0382526
0 0.620795 0.852568 0.135032 0.123265
0 0.129667 0.895 0.192612 0.170976
0 0.67299 0.617543 0.0479442 0.0443891
0 0.387376 0.6638 0.0810065 0.0724589
0 0.468376 0.306223 0.395951 0.34448
0 0.848066 0.620555 0.0288181 0.0255099
0 0.916237 0.165028 0.166984 0.278795
0 0.221034 0.62094 0.0893756 0.0790876
0 0.208805 0.0501068 0.0361602 0.0334677
0 0.407207 0.871525 0.345465 0.255903
0 0.277567 0.668681 0.0728708 0.064613
0 0.0205658 0.915507 0.0411317 0.0496408
0 0.138077 0.814156 0.0816802 0.0699973
0 0.969194 0.547859 0.0269713 0.0240479
0 0.91603 0.973633 0.114647 0.0527342
0 0.529013 0.104752 0.071187 0.0649733
0 0.547255 0.673801 0.0621932 0.0565924
0 0.224422 0.870146 0.0295547 0.0253425
0 0.960749 0.877527 0.0784576 0.17444
0 0.00568237 0.646481 0.0113647 0.0251768
0 0.407544 0.627942 0.0375661 0.0331819
0 0.195426 0.678324 0.0625102 0.0536616
0 0.53845 0.836291 0.0260644 0.0237734
0 0.75739 0.861054 0.0600777 0.0553432
0 0.93832 0.658329 0.0646385 0.0543764
0 0.0353535 0.782946 0.0706488 0.109562
0 0.655194 0.784667 0.0246053 0.0231215
0 0.268989 0.811253 0.0246468 0.0223556
0 0.628691 0.931533 0.0639256 0.0584909
0 0.231513 0.0831134 0.0802712 0.073327
0 0.151995 0.750829 0.104968 0.0920396
0 0.511953 0.509571 0.0698219 0.0621132
0 0.00575301 0.0119883 0.011506 0.023742
0 0.290122 0.498692 0.125079 0.106269
0 0.968418 0.718555 0.0611932 0.0548162
0 0.377982 0.797203 0.0672554 0.057878
