0 0.504591 0.361708 0.299712 0.283823
0 0.658096 0.965502 0.0601172 0.0584443
0 0.833068 0.578278 0.0750124 0.0728055
0 0.726075 0.607264 0.0591161 0.0571532
0 0.292411 0.295832 0.0760534 0.0744095
0 0.919757 0.549748 0.0603035 0.0588953
0 0.0592966 0.860809 0.046623 0.0448397
0 0.800391 0.284589 0.0535853 0.0516953
0 0.95166 0.200346 0.0522464 0.0513314
0 0.19083 0.182866 0.0410766 0.0404735
0 0.664647 0.725284 0.0387931 0.0379863
0 0.409337 0.701144 0.0356523 0.034681
0 0.49391 0.848536 0.0426386 0.0413189
0 0.854796 0.373891 0.0525573 0.0514966
0 0.646535 0.665544 0.0399041 0.0394711
0 0.761679 0.822099 0.0313849 0.0307152
0 0.346641 0.313877 0.0332055 0.0326627
0 0.781329 0.0919224 0.0240512 0.023676
0 0.659376 0.836369 0.0344027 0.0337658
0 0.871281 0.860958 0.030548 0.0305938
0 0.571792 0.0990101 0.0304706 0.029097
0 0.955155 0.481335 0.0389106 0.0381341
0 0.978559 0.301227 0.0409105 0.0407594
0 0.731159 0.136938 0.0743315 0.0721687
0 0.893126 0.301391 0.0334032 0.0327696
0 0.787254 0.533859 0.0432474 0.042731
0 0.65278 0.867491 0.026195 0.0256049
0 0.0304473 0.497982 0.0300987 0.0292618
0 0.89085 0.167114 0.0278023 0.027573
0 0.575573 0.770222 0.0281321 0.0273542
0 0.207518 0.734819 0.0270205 0.0269022
0 0.604821 0.712102 0.0255299 0.0252075
0 0.947761 0.235976 0.0308167 0.030875
0 0.860943 0.438412 0.0581334 0.0564086
0 0.489615 0.915393 0.0243212 0.0239776
0 0.916869 0.176813 0.0320261 0.0321802
0 0.0142127 0.283304 0.0283553 0.0920376
0 0.357928 0.354274 0.027817 0.0272504
0 0.555565 0.857106 0.0248396 0.024412
0 0.98069 0.237155 0.0342598 0.0339411
0 0.835662 0.626289 0.0275283 0.0267566
0 0.0234408 0.173893 0.0239908 0.023959
0 0.822856 0.451856 0.026078 0.0260395
0 0.26576 0.304888 0.0264573 0.026283
0 0.891101 0.478387 0.0829867 0.0818472
0 0.079136 0.152312 0.0896415 0.0859647
0 0.788379 0.882035 0.0290627 0.0286109
0 0.603421 0.0398681 0.024322 0.0239426
0 0.942809 0.688052 0.0449802 0.0445373
0 0.92955 0.442077 0.0263215 0.0254334
0 0.0898871 0.991478 0.0246512 0.017044
0 0.911882 0.279347 0.0258895 0.0253067
0 0.0321811 0.0171581 0.0384883 0.0343163
0 0.43299 0.00466821 0.0291806 0.00933599
0 0.877532 0.892756 0.0400248 0.0395236
0 0.696866 0.942967 0.0234971 0.023307
0 0.58466 0.625317 0.0264204 0.0257467
0 0.359384 0.173159 0.024021 0.0240947
0 0.88379 0.595341 0.0283756 0.0284264
0 0.503025 0.0398668 0.0246944 0.023932
0 0.800925 0.803236 0.0226563 0.022319
0 0.63126 0.84457 0.0242162 0.0241669
0 0.672389 0.812241 0.0246121 0.0242376
0 0.898517 0.510592 0.0254307 0.0256248
0 0.28786 0.0708449 0.0478296 0.0460927
0 0.393881 0.528632 0.0402682 0.039007
0 0.1997 0.655837 0.0232631 0.0230248
0 0.985465 0.259479 0.0268977 0.0265103
