0 0.780997 0.0827952 0.0596363 0.0569721
0 0.65613 0.409764 0.0327735 0.0307757
0 0.643412 0.90791 0.0340316 0.0332217
0 0.314086 0.626005 0.0352075 0.0336423
0 0.538185 0.365649 0.0348906 0.0335761
0 0.925181 0.23957 0.0334565 0.032145
0 0.231609 0.295505 0.0362282 0.0342478
0 0.589321 0.505039 0.0354478 0.0332224
0 0.370239 0.370425 0.0311887 0.0298876
0 0.647543 0.308376 0.0382396 0.0365308
0 0.0151205 0.582546 0.0302411 0.0314682
0 0.572177 0.533075 0.0300388 0.028663
0 0.270215 0.321246 0.0293249 0.0274736
0 0.371196 0.418154 0.0280488 0.026759
0 0.331087 0.46281 0.0254168 0.0239039
0 0.272537 0.598184 0.0364372 0.0355135
0 0.0454028 0.52143 0.0244488 0.0230963
0 0.371218 0.742707 0.0266957 0.0254672
0 0.616952 0.255164 0.0244267 0.0237145
0 0.452833 0.676351 0.026262 0.0247324
0 0.355992 0.816341 0.028709 0.0270219
0 0.719552 0.642588 0.0435028 0.0410514
0 0.517052 0.974133 0.0250341 0.0239019
0 0.967486 0.0258387 0.024216 0.0235135
0 0.0458168 0.152472 0.0249078 0.023709
0 0.695285 0.212628 0.0295824 0.0280684
0 0.82976 0.093833 0.0391984 0.0375262
