0 0.117606 0.785716 0.111383 0.0899107
0 0.816987 0.576609 0.0927538 0.0779307
0 0.742656 0.596671 0.0717653 0.0598121
0 0.2933 0.806108 0.0592684 0.047673
0 0.191622 0.93931 0.0759219 0.0589671
0 0.0629934 0.0554761 0.0680605 0.0568308
0 0.943673 0.229831 0.0877546 0.0711788
0 0.450402 0.313101 0.0680064 0.0567362
0 0.504716 0.201461 0.0479372 0.0400655
0 0.370137 0.985564 0.0615674 0.0288162
0 0.543491 0.778909 0.0795762 0.0659132
0 0.803745 0.451573 0.0471786 0.0388227
0 0.63456 0.601139 0.0534515 0.04392
0 0.621343 0.631477 0.0534482 0.043748
0 0.466669 0.27854 0.0428653 0.0359557
0 0.905623 0.864254 0.0335846 0.027753
0 0.902237 0.120012 0.0328231 0.0267717
0 0.428876 0.930197 0.0409225 0.0326071
0 0.590443 0.857055 0.0530211 0.0451865
0 0.842788 0.50598 0.0673725 0.0538599
0 0.660421 0.0379094 0.0360293 0.0305535
0 0.037155 0.504742 0.0737656 0.0643736
0 0.244917 0.298171 0.0374671 0.0315245
0 0.592314 0.674416 0.0407376 0.0335486
0 0.48575 0.854022 0.0572074 0.0476063
0 0.481646 0.420635 0.0390929 0.0319335
0 0.639356 0.364135 0.0436183 0.0369691
0 0.966667 0.318881 0.0664072 0.0730326
0 0.967514 0.669847 0.052969 0.0439596
0 0.98601 0.779598 0.0279798 0.0414779
0 0.419838 0.863803 0.0309972 0.0256896
0 0.183978 0.0121454 0.0282496 0.0236288
0 0.351356 0.0865439 0.030212 0.0246081
0 0.0208405 0.747067 0.0416811 0.0464227
0 0.213648 0.140867 0.0615086 0.05199
0 0.0443523 0.342985 0.0395443 0.0336541
0 0.707443 0.684 0.0322618 0.026876
0 0.0253376 0.364804 0.0413699 0.0343995
0 0.0658068 0.250438 0.0381029 0.0321909
0 0.339655 0.846229 0.0307648 0.0246848
0 0.753683 0.062606 0.0333011 0.0276052
0 0.709426 0.241327 0.0474844 0.0414421
0 0.82035 0.393975 0.0472459 0.0390493
0 0.432632 0.362201 0.0493665 0.0405588
0 0.32335 0.668794 0.0379719 0.0305541
0 0.630753 0.745367 0.0482065 0.0395667
0 0.328064 0.494869 0.0327766 0.0263289
0 0.734375 0.223818 0.0544732 0.0455642
0 0.192667 0.102797 0.07269 0.0596679
0 0.709348 0.982547 0.029211 0.0243768
0 0.804428 0.360494 0.0396589 0.032612
0 0.738106 0.502014 0.0321959 0.0271981
0 0.118288 0.867137 0.0425358 0.0341793
0 0.413868 0.289403 0.0526053 0.045164
0 0.364784 0.952499 0.0575159 0.0445495
0 0.688114 0.33568 0.0560289 0.0462366
0 0.231497 0.907759 0.0362144 0.0297253
0 0.618425 0.486908 0.0383959 0.0322495
0 0.299578 0.692645 0.0579501 0.0481775
0 0.266561 0.719472 0.0403547 0.0325625
0 0.896428 0.166234 0.0308842 0.025719
0 0.615782 0.989564 0.0320307 0.0206081
0 0.752476 0.828516 0.0287801 0.0240284
0 0.769145 0.121087 0.0302733 0.0253041
0 0.155854 0.15818 0.0605783 0.0515907
0 0.276795 0.304531 0.0400539 0.0333772
0 0.565863 0.288637 0.0296431 0.0245758
0 0.835276 0.10251 0.0279317 0.024038
0 0.64655 0.297777 0.0323331 0.0269648
0 0.425035 0.124424 0.0311959 0.0257216
0 0.790577 0.310233 0.060999 0.0499052
0 0.803161 0.424169 0.0338447 0.0280368
0 0.059475 0.460164 0.0463691 0.0385075
0 0.693709 0.262096 0.0322208 0.0279992
0 0.768166 0.801977 0.0282676 0.023657
0 0.769795 0.685682 0.0499439 0.0408981
0 0.6653 0.398825 0.0492985 0.0418718
0 0.527419 0.389451 0.0345757 0.0290098
0 0.362471 0.82068 0.0327426 0.0267776
0 0.579202 0.906294 0.0506361 0.0421462
0 0.154849 0.893434 0.0279471 0.0231626
0 0.572873 0.948598 0.0765504 0.0634847
0 0.16084 0.283013 0.0305415 0.025614
0 0.660053 0.432514 0.0366753 0.0309098
0 0.107306 0.356733 0.0325856 0.0265175
0 0.0174277 0.931296 0.0344208 0.0262359
0 0.698245 0.407913 0.0297978 0.0251814
0 0.0952986 0.264114 0.0286657 0.0240946
0 0.0228332 0.263955 0.0335607 0.0291367
0 0.765059 0.982354 0.0283189 0.0236303
0 0.184532 0.728251 0.0316089 0.0248511
0 0.628444 0.572147 0.0295966 0.0254531
0 0.0301281 0.320911 0.0328454 0.0281059
0 0.397279 0.51224 0.0274591 0.0228601
0 0.24385 0.0822125 0.0442403 0.0365306
0 0.914823 0.955573 0.0276461 0.022804
0 0.11241 0.078787 0.0321208 0.0267742
0 0.650819 0.542856 0.0359292 0.0307014
0 0.00971784 0.868798 0.0194357 0.0726822
0 0.907878 0.0809376 0.0286937 0.0235163
0 0.9332 0.562345 0.0322261 0.0272613
0 0.75589 0.207126 0.0317779 0.0273119
0 0.506039 0.685883 0.0272069 0.0230498
0 0.25075 0.453128 0.0271713 0.0231864
0 0.0276416 0.481665 0.036287 0.0307238
0 0.591246 0.242948 0.0278409 0.0240299
0 0.463273 0.247306 0.0349096 0.0292403
0 0.476149 0.354926 0.0350374 0.030222
0 0.975976 0.98128 0.0278101 0.0226469
0 0.0213984 0.448196 0.0427519 0.0478357
0 0.621009 0.975412 0.0271926 0.0227502
0 0.946523 0.382856 0.0727336 0.0605279
0 0.707586 0.4864 0.0388716 0.0333916
0 0.124291 0.179497 0.0295518 0.0252355
0 0.0199169 0.29446 0.0322779 0.0273244
0 0.707315 0.713277 0.0353813 0.0296092
0 0.897223 0.732724 0.0276527 0.0224117
0 0.058755 0.224632 0.0356361 0.0298784
0 0.509365 0.365124 0.0279739 0.024931
0 0.981225 0.531772 0.0375507 0.0625284
0 0.488088 0.779598 0.0294108 0.0237181
0 0.31537 0.300948 0.0286859 0.0242673
0 0.95009 0.272424 0.0296141 0.0243628
0 0.31103 0.839022 0.026191 0.0216103
0 0.697877 0.79562 0.0435796 0.0371072
0 0.840527 0.619217 0.0351823 0.0292266
0 0.572004 0.74831 0.0521319 0.0440195
0 0.0342744 0.899907 0.0433887 0.0331675
0 0.825101 0.0115683 0.0315325 0.0228124
0 0.580996 0.94688 0.0937974 0.0761584
0 0.178258 0.268996 0.0343629 0.0298831
0 0.712156 0.79233 0.0331804 0.028226
0 0.627887 0.417708 0.0304363 0.0258086
0 0.808039 0.31512 0.0344309 0.0285028
0 0.567128 0.978932 0.0279403 0.0227412
0 0.0685888 0.587612 0.026264 0.0218563
0 0.101912 0.409993 0.0336976 0.0287963
0 0.857189 0.354036 0.0262556 0.0218589
0 0.274915 0.066762 0.0280262 0.0240105
0 0.682414 0.1962 0.0338319 0.0285961
0 0.365873 0.296699 0.0404288 0.0338392
0 0.866045 0.308128 0.0367317 0.0304445
0 0.894765 0.357365 0.0287498 0.0230715
0 0.258497 0.857092 0.0264759 0.0222172
0 0.870475 0.341461 0.026644 0.022411
0 0.0945119 0.0170222 0.0688701 0.0339615
0 0.0900081 0.394826 0.0306327 0.0250827
0 0.703798 0.149092 0.0285821 0.0245405
0 0.956126 0.701502 0.0287139 0.0239353
