0 0.229681 0.550948 0.10068 0.0959202
0 0.512875 0.85893 0.0460074 0.0417194
0 0.545258 0.68529 0.0373122 0.033483
0 0.957451 0.115308 0.0349884 0.0324258
0 0.0596505 0.193622 0.0338539 0.032951
0 0.409565 0.148647 0.0409866 0.0402734
0 0.44949 0.166415 0.0306561 0.0289441
0 0.963401 0.261872 0.0285829 0.0265093
0 0.446183 0.270732 0.0262205 0.0257384
0 0.345266 0.236593 0.0266044 0.0250747
0 0.405668 0.48074 0.0331355 0.0319052
0 0.522487 0.907436 0.0243001 0.0230458
0 0.659126 0.725446 0.0247064 0.023105
0 0.34047 0.418179 0.0236982 0.0231763
0 0.349024 0.488967 0.0285041 0.0270616
0 0.0422816 0.650073 0.0274107 0.0272682
0 0.994929 0.942255 0.0101429 0.0287474
0 0.0548601 0.481931 0.0250136 0.0244386
0 0.476489 0.156414 0.0248267 0.0242488
0 0.907229 0.384598 0.0256505 0.0242642
0 0.0849953 0.164451 0.0318965 0.0307829
0 0.660496 0.434333 0.0283516 0.0264909
0 0.112585 0.0475073 0.0303355 0.0294025
0 0.0955099 0.590574 0.0350343 0.034688
0 0.292154 0.73531 0.0584364 0.0558941
0 0.14736 0.119564 0.0239718 0.0231349
0 0.187451 0.396006 0.0243535 0.0237691
0 0.38424 0.0080705 0.0362799 0.0161063
0 0.700989 0.681191 0.0250117 0.0235047
0 0.985366 0.0656068 0.0239615 0.0227152
0 0.066566 0.650097 0.0238624 0.0226827
0 0.149995 0.172333 0.0242579 0.0239621
0 0.0799432 0.792014 0.0477836 0.0456568
0 0.320421 0.616814 0.0398312 0.0376763
0 0.0772536 0.0801391 0.0410414 0.0400302
0 0.1821 0.2918 0.0234586 0.0229058
0 0.610005 0.700177 0.0265517 0.0247784
0 0.505222 0.583443 0.0240087 0.0227456
0 0.494167 0.00607919 0.0310563 0.0120735
0 0.553867 0.416945 0.0241799 0.0228814
0 0.0825951 0.757134 0.0450504 0.0440475
0 0.283394 0.78048 0.0338791 0.0329137
