0 0.0240126 0.92545 0.0480253 0.0517853
0 0.575687 0.107636 0.0454171 0.0443928
0 0.858476 0.062886 0.0453391 0.0436093
0 0.751376 0.277136 0.044882 0.0429554
0 0.277283 0.0315188 0.0570122 0.056034
0 0.492349 0.938259 0.0406849 0.0395908
0 0.585836 0.562543 0.0517095 0.0509949
0 0.489296 0.0813907 0.0295167 0.029169
0 0.196125 0.562075 0.0364801 0.0357524
0 0.649213 0.492315 0.0334606 0.0327834
0 0.299792 0.797938 0.0357009 0.0344992
0 0.502218 0.582355 0.0290163 0.0288962
0 0.353927 0.65366 0.03133 0.0305038
0 0.544232 0.887593 0.0360591 0.0351698
0 0.69369 0.307597 0.0356622 0.0343744
0 0.0795451 0.216407 0.0329737 0.0321064
0 0.149934 0.956176 0.0292143 0.0283432
0 0.846331 0.841635 0.0272944 0.0261855
0 0.990449 0.527096 0.0190608 0.0507782
0 0.760833 0.0358889 0.0325946 0.0313582
0 0.721391 0.232891 0.0302944 0.0290941
0 0.669841 0.700641 0.0271248 0.026376
0 0.62857 0.96936 0.0294631 0.0283356
0 0.469382 0.92506 0.0270132 0.0266716
0 0.747456 0.827789 0.0276318 0.0261799
0 0.629206 0.637784 0.0619588 0.0607641
0 0.61766 0.599416 0.0392502 0.038527
0 0.972414 0.350594 0.0245097 0.0238986
0 0.19957 0.723775 0.0306883 0.0293555
0 0.743124 0.394497 0.0256289 0.0250097
0 0.620788 0.865272 0.025421 0.024731
0 0.990496 0.896019 0.0189616 0.0512919
0 0.989575 0.278739 0.0207812 0.0274632
0 0.155712 0.0298547 0.0274872 0.0270746
0 0.0322722 0.574415 0.0331778 0.0318499
0 0.243506 0.731689 0.0254866 0.0245385
0 0.0686671 0.165842 0.0252308 0.0240964
0 0.109071 0.876715 0.0238405 0.0231113
0 0.282414 0.83669 0.0259523 0.0251136
0 0.88135 0.912621 0.0284433 0.0269238
0 0.0813747 0.126962 0.0259041 0.0250857
0 0.811762 0.68675 0.0341978 0.0321972
0 0.696664 0.610294 0.0246938 0.0243182
0 0.199272 0.772391 0.0236395 0.0232775
0 0.444284 0.259827 0.0261366 0.0248978
0 0.635608 0.0763406 0.0327215 0.0315652
0 0.901369 0.0595618 0.0332398 0.0323078
0 0.277648 0.918908 0.0259759 0.025156
0 0.790246 0.34897 0.0258593 0.0255414
0 0.303394 0.0137853 0.0338534 0.0275442
0 0.581938 0.0587049 0.0232568 0.0228281
0 0.948139 0.406677 0.0248334 0.0243116
0 0.731813 0.0468183 0.0514837 0.0488352
0 0.703974 0.12282 0.023683 0.0234324
0 0.782843 0.458654 0.0250094 0.023751
0 0.485273 0.0474357 0.0250139 0.024581
0 0.878965 0.71655 0.0265787 0.0248799
0 0.938179 0.15099 0.0279896 0.0274845
0 0.451511 0.246526 0.0245178 0.0244272
0 0.846534 0.512036 0.0244953 0.0233908
0 0.715862 0.533009 0.033267 0.0319335
0 0.17161 0.67082 0.0308329 0.0300435
0 0.719577 0.700724 0.02247 0.0216392
0 0.0331633 0.507282 0.0267447 0.0254869
0 0.658288 0.886685 0.023423 0.0227854
0 0.962796 0.676264 0.030437 0.0282985
0 0.354733 0.0106483 0.0338697 0.0211706
0 0.14368 0.578693 0.0342946 0.0336225
0 0.21824 0.834911 0.0237872 0.0232522
0 0.0764336 0.940565 0.0220805 0.0216529
0 0.844361 0.694506 0.0355856 0.0337465
0 0.726111 0.869917 0.0249794 0.0235285
0 0.111854 0.711643 0.0248797 0.0234463
0 0.267989 0.492902 0.0234507 0.0230175
0 0.015955 0.992419 0.0263423 0.0151615
