0 0.804707 0.49751 0.290899 0.284312
0 0.655551 0.809416 0.377938 0.380123
0 0.426877 0.414356 0.0929001 0.0904653
0 0.543405 0.558925 0.121411 0.116086
0 0.21247 0.650983 0.0633682 0.0622938
0 0.358422 0.669388 0.180402 0.175467
0 0.773573 0.19514 0.0981603 0.0954167
0 0.840363 0.167794 0.0551807 0.0536028
0 0.0986934 0.386635 0.0670498 0.0656646
0 0.243823 0.824426 0.0465006 0.0460195
0 0.146671 0.928779 0.0511963 0.0488159
0 0.929304 0.214293 0.0427811 0.0424455
0 0.122971 0.0811222 0.0457897 0.044804
0 0.657922 0.547841 0.11645 0.111143
0 0.38062 0.97177 0.0642654 0.0564603
0 0.433444 0.940791 0.0661353 0.0636147
0 0.635218 0.768385 0.0295427 0.0286775
0 0.0729867 0.644764 0.0819889 0.081943
0 0.738687 0.0923982 0.0327773 0.032165
0 0.825075 0.768963 0.221095 0.216102
0 0.718399 0.311813 0.0331082 0.0326974
0 0.103296 0.71223 0.0381759 0.0370033
0 0.822462 0.288498 0.104107 0.103486
0 0.448887 0.883034 0.0524027 0.0508826
0 0.695267 0.0399356 0.040705 0.0397768
0 0.611418 0.0443287 0.0402894 0.0388521
0 0.316029 0.649957 0.0727199 0.0704064
0 0.0292931 0.0210986 0.0272003 0.0269171
0 0.981804 0.689326 0.0310888 0.0306395
0 0.480153 0.914133 0.0415974 0.0406076
0 0.799148 0.0405468 0.0295206 0.0288325
0 0.257917 0.147246 0.0346908 0.0339115
0 0.139361 0.0407894 0.0442692 0.0433178
0 0.360114 0.501991 0.0626507 0.0614022
0 0.375601 0.175424 0.0269905 0.0262141
0 0.608725 0.392612 0.0509159 0.0497961
0 0.661334 0.135346 0.0296535 0.02885
0 0.306594 0.506238 0.0406735 0.0402901
0 0.824097 0.339136 0.0261577 0.0257325
0 0.322311 0.825164 0.0432647 0.04251
0 0.0806379 0.239494 0.03372 0.0325506
0 0.276372 0.326222 0.0298153 0.0293744
0 0.197472 0.443549 0.12437 0.118114
0 0.120139 0.969636 0.0259209 0.0255901
0 0.802707 0.273953 0.0277806 0.026918
0 0.162852 0.886231 0.0254743 0.0247506
0 0.612935 0.328435 0.0245659 0.0241721
0 0.332983 0.370186 0.0282738 0.0280966
0 0.836922 0.0236573 0.0314425 0.0306133
0 0.022072 0.235896 0.0441067 0.189615
0 0.504155 0.984612 0.0865801 0.0307612
0 0.808361 0.111772 0.0283748 0.0277756
0 0.573366 0.325009 0.0311913 0.030028
0 0.407262 0.913226 0.0249525 0.0247046
0 0.870089 0.172842 0.127605 0.124526
0 0.939487 0.949546 0.024896 0.0243054
0 0.827893 0.241719 0.0247355 0.0246403
0 0.407722 0.252516 0.0323785 0.0312893
0 0.313387 0.932218 0.0608503 0.0591332
0 0.0932784 0.780069 0.027311 0.0269342
0 0.138619 0.721314 0.0247075 0.0243162
0 0.401366 0.79786 0.0285582 0.0284466
0 0.316303 0.852981 0.058432 0.0579426
0 0.0100356 0.773598 0.0200711 0.0551866
0 0.163881 0.831744 0.0238565 0.0238042
0 0.97889 0.30374 0.0312036 0.0302991
0 0.103522 0.041998 0.0251001 0.0244293
0 0.0163213 0.684152 0.0320576 0.0340929
0 0.0779332 0.852217 0.0230319 0.023026
0 0.474059 0.233677 0.0425953 0.0401947
0 0.149361 0.669388 0.0880152 0.0852934
0 0.0065322 0.710169 0.0130644 0.0397366
0 0.326294 0.673333 0.0986717 0.130826
0 0.216563 0.390707 0.070793 0.0676158
0 0.892919 0.901234 0.0291035 0.0289768
0 0.965772 0.543647 0.0388106 0.0385399
0 0.220026 0.319817 0.02468 0.0234731
0 0.702427 0.160779 0.0242723 0.02386
0 0.358437 0.442082 0.0226624 0.0224814
0 0.54409 0.179807 0.0233622 0.0232804
0 0.701659 0.0621447 0.0231336 0.0231304
0 0.0879685 0.475999 0.109333 0.104828
0 0.682567 0.978676 0.123501 0.0424149
0 0.038476 0.773674 0.0271933 0.0264225
0 0.145755 0.120341 0.0262569 0.0259163
0 0.155186 0.134594 0.0237972 0.0230814
0 0.0851923 0.521821 0.0681392 0.0666142
0 0.646286 0.425296 0.0620248 0.0584125
0 0.266284 0.916806 0.0377543 0.0365684
0 0.487177 0.954121 0.0342419 0.0333435
0 0.364724 0.299129 0.0253443 0.0242579
0 0.0371662 0.254516 0.0341765 0.0325563
0 0.269442 0.874644 0.0221846 0.021763
0 0.269938 0.733255 0.0305598 0.02949
0 0.192764 0.261715 0.0994147 0.0949429
0 0.142659 0.993927 0.0471148 0.012146
0 0.279137 0.641212 0.170934 0.174078
0 0.902776 0.285706 0.0230233 0.0227878
0 0.97679 0.0663815 0.0217847 0.021325
0 0.247281 0.121065 0.0223871 0.0224985
0 0.179 0.872469 0.0265356 0.0258551
0 0.988306 0.404224 0.0227475 0.0238408
0 0.824481 0.0725163 0.0235746 0.0225553
