0 0.811602 0.0934035 0.0736662 0.0704506
0 0.49657 0.574507 0.0418515 0.0392539
0 0.69501 0.185682 0.0627134 0.0592972
0 0.641623 0.0811474 0.0533237 0.0501004
0 0.652528 0.92992 0.173345 0.140161
0 0.240435 0.439833 0.0412737 0.0400702
0 0.145992 0.466564 0.0388423 0.0375529
0 0.847532 0.449561 0.0289771 0.0268203
0 0.734068 0.196205 0.0427387 0.0413641
0 0.426279 0.565026 0.0276358 0.0262181
0 0.987624 0.145855 0.0247519 0.0268907
0 0.70586 0.147345 0.041666 0.0401106
0 0.3344 0.183245 0.0258101 0.0250533
0 0.867809 0.0885292 0.0453676 0.0430707
0 0.236932 0.416454 0.0349323 0.0336914
0 0.417358 0.958892 0.0238888 0.0233144
0 0.321539 0.402054 0.0264013 0.0257998
0 0.649434 0.143211 0.0318721 0.0311049
0 0.789164 0.768132 0.098322 0.0888497
0 0.833609 0.0457448 0.0346117 0.033652
0 0.786591 0.538469 0.0258625 0.0244802
0 0.806153 0.9035 0.151078 0.137407
0 0.972503 0.26663 0.0273361 0.02561
0 0.295649 0.398419 0.0247019 0.0238628
0 0.193573 0.90049 0.0233295 0.0222588
0 0.0319366 0.709136 0.0240256 0.0229716
0 0.559648 0.364715 0.025915 0.0240403
