0 0.242432 0.807586 0.3948 0.376272
0 0.480756 0.3385 0.213732 0.205102
0 0.822693 0.431341 0.183267 0.181796
0 0.418588 0.6261 0.072538 0.0654465
0 0.947479 0.0460522 0.102741 0.0920728
0 0.680996 0.966078 0.100825 0.0677341
0 0.0317893 0.652708 0.0630246 0.0618315
0 0.0948557 0.586515 0.051789 0.0497305
0 0.149882 0.104113 0.0931699 0.0869865
0 0.581821 0.961246 0.094012 0.077448
0 0.0962253 0.964891 0.0770727 0.0675964
0 0.152777 0.539944 0.0500746 0.047549
0 0.661829 0.661048 0.0353408 0.03266
0 0.797603 0.0546171 0.0641892 0.061669
0 0.802666 0.796741 0.036613 0.0329883
0 0.115034 0.510365 0.0315565 0.0298747
0 0.330975 0.43129 0.0324022 0.0308527
0 0.498053 0.777402 0.0358559 0.0332292
0 0.49463 0.80579 0.0296854 0.0284171
0 0.2124 0.0315139 0.10276 0.0629502
0 0.142739 0.582914 0.0434759 0.0416174
0 0.0169179 0.120996 0.0249391 0.0237356
0 0.95235 0.649316 0.0445874 0.0414658
0 0.654637 0.100659 0.0304298 0.0283886
0 0.485051 0.859722 0.0297236 0.0278302
0 0.0421223 0.963496 0.0285922 0.0248877
0 0.987825 0.882625 0.0243497 0.100385
0 0.886629 0.154957 0.0238637 0.0229816
0 0.0484972 0.32299 0.0969691 0.260634
0 0.843392 0.609712 0.181447 0.174214
0 0.605563 0.585697 0.329293 0.262116
0 0.929656 0.355765 0.140688 0.245807
0 0.220058 0.120076 0.0298754 0.0291848
0 0.737863 0.00883055 0.0294013 0.0176602
0 0.0408105 0.0485214 0.081621 0.0961613
0 0.13619 0.272727 0.0321632 0.0307348
0 0.87449 0.781018 0.0255079 0.023421
0 0.514003 0.648404 0.0456701 0.0431197
0 0.967928 0.617053 0.0530647 0.0506048
0 0.885664 0.0145343 0.0554256 0.0289311
0 0.385459 0.130525 0.467494 0.260676
0 0.533946 0.723275 0.0248218 0.0233212
0 0.926613 0.83797 0.146493 0.206293
0 0.099631 0.0782989 0.0634408 0.0592329
0 0.637546 0.432674 0.0222445 0.0216474
0 0.664447 0.7968 0.158207 0.145182
0 0.397439 0.932575 0.0706887 0.0627532
0 0.70478 0.241784 0.0674044 0.0618447
