0 0.595155 0.576405 0.28947 0.231285
0 0.0706797 0.210194 0.0577336 0.0462348
0 0.417763 0.210911 0.0479318 0.0376685
0 0.205333 0.40683 0.0417682 0.0349007
0 0.706837 0.38126 0.0423664 0.0350052
0 0.736215 0.29379 0.0504105 0.0409645
0 0.129448 0.792773 0.0366655 0.029685
0 0.575291 0.934425 0.0569611 0.0454491
0 0.156899 0.358045 0.0313928 0.0257072
0 0.0214595 0.407096 0.0325065 0.0273078
0 0.752113 0.376965 0.0370844 0.029654
0 0.194395 0.335818 0.0361696 0.029688
0 0.751634 0.398505 0.0314464 0.025373
0 0.790026 0.606767 0.168848 0.146895
0 0.788244 0.828671 0.0387511 0.0326376
0 0.929931 0.12367 0.0325447 0.026876
0 0.383453 0.58563 0.122182 0.101312
0 0.902723 0.506219 0.194553 0.227176
0 0.204754 0.0532453 0.0297755 0.0238819
0 0.540289 0.921626 0.0289169 0.0240417
0 0.884415 0.309562 0.0288744 0.0234829
0 0.38104 0.859573 0.125952 0.096729
0 0.814328 0.738906 0.0312478 0.0257895
0 0.727971 0.448181 0.0286319 0.0233957
0 0.914343 0.640408 0.095789 0.0786867
0 0.692088 0.334358 0.0282164 0.0229225
0 0.652635 0.212757 0.153386 0.125491
0 0.3041 0.119791 0.0280188 0.022449
0 0.147424 0.312628 0.0297551 0.0242243
0 0.598691 0.411036 0.0271322 0.0226116
0 0.516622 0.0746672 0.0340996 0.0274736
0 0.591519 0.803954 0.172311 0.138404
0 0.645362 0.945375 0.0340845 0.0271322
0 0.851505 0.994088 0.0351465 0.0118244
0 0.879717 0.711086 0.0327845 0.0280464
0 0.561495 0.828947 0.245579 0.188333
0 0.330215 0.789863 0.0356287 0.0281791
0 0.567246 0.356497 0.217094 0.185126
0 0.916914 0.742439 0.0299295 0.0258856
0 0.644482 0.00676206 0.0275087 0.0135241
0 0.347866 0.644273 0.0298666 0.0245063
0 0.300347 0.737227 0.252337 0.201184
0 0.972956 0.343304 0.0537503 0.13981
0 0.544747 0.0815572 0.130458 0.10746
0 0.565348 0.697106 0.0295086 0.0248301
0 0.457257 0.0976045 0.0354056 0.0275851
0 0.459488 0.787564 0.0587907 0.0465654
0 0.912179 0.535052 0.175326 0.174005
0 0.839216 0.202425 0.0263006 0.0223768
0 0.888934 0.455807 0.0398588 0.033104
