0 0.538848 0.463854 0.257381 0.244
0 0.146628 0.472289 0.285211 0.281564
0 0.549061 0.767996 0.194165 0.176768
0 0.878322 0.812364 0.0533097 0.0501875
0 0.628828 0.297427 0.0511981 0.0468941
0 0.613266 0.545455 0.0519443 0.0486441
0 0.196482 0.719092 0.0441841 0.0421033
0 0.27983 0.92662 0.0556105 0.0528791
0 0.402442 0.400129 0.0422018 0.0398491
0 0.981502 0.184566 0.036997 0.0572655
0 0.931898 0.598085 0.0319586 0.030032
0 0.20546 0.235184 0.0403487 0.0372906
0 0.251571 0.788204 0.0318598 0.0302435
0 0.872535 0.345613 0.0280272 0.0260056
0 0.872992 0.858644 0.0279434 0.0269241
0 0.399605 0.179924 0.0327914 0.0306386
0 0.610269 0.897842 0.040697 0.0371432
0 0.749725 0.161489 0.0378554 0.0361722
0 0.790882 0.366132 0.0278847 0.026157
0 0.282854 0.690065 0.0321514 0.0297459
0 0.173586 0.905989 0.0282708 0.0273725
0 0.655901 0.193847 0.0277947 0.0263419
0 0.650563 0.162025 0.0310098 0.0287755
0 0.777535 0.742659 0.0327487 0.030763
0 0.474375 0.234317 0.027107 0.0248792
0 0.243086 0.603501 0.0310056 0.0299965
0 0.0463695 0.0670311 0.0274601 0.026011
0 0.0771442 0.0888189 0.0252146 0.0239189
0 0.0483843 0.176632 0.0273795 0.0258678
0 0.535197 0.264122 0.0313931 0.0289261
0 0.487813 0.0580536 0.0545725 0.0504339
0 0.848565 0.182343 0.0299756 0.0277135
0 0.461843 0.363146 0.029008 0.0270944
0 0.424286 0.300398 0.0305506 0.0284363
0 0.856449 0.838682 0.0260083 0.0250483
0 0.865992 0.424097 0.0935321 0.0828277
0 0.558602 0.37053 0.0303795 0.027863
0 0.449798 0.584787 0.0250202 0.0243262
0 0.0327109 0.00936775 0.0256535 0.0187355
0 0.581158 0.00597355 0.0387524 0.0119255
0 0.371879 0.809517 0.192793 0.179598
0 0.819145 0.0988736 0.0302284 0.0283937
0 0.532787 0.365745 0.0263407 0.0244693
0 0.832078 0.0739476 0.0311255 0.0286632
0 0.351748 0.718885 0.026033 0.024302
0 0.720558 0.0185645 0.0246231 0.0232092
0 0.0919772 0.0339003 0.0243174 0.0236357
0 0.525207 0.940139 0.0694163 0.0644553
0 0.103935 0.417521 0.0236828 0.0224217
0 0.179746 0.846413 0.0281597 0.026841
0 0.0970933 0.232246 0.0283777 0.0265148
0 0.878572 0.40373 0.0455935 0.0404261
0 0.848287 0.791062 0.0242567 0.0227978
0 0.137469 0.170916 0.02673 0.0247965
0 0.00312632 0.0121974 0.00625264 0.0243948
0 0.746482 0.132146 0.0305576 0.0286819
0 0.724392 0.217683 0.0293059 0.0270801
0 0.482374 0.773559 0.476129 0.446897
0 0.93232 0.564866 0.0371522 0.0345318
0 0.451658 0.900236 0.0242788 0.0230547
0 0.644698 0.0826832 0.0283073 0.0264194
0 0.637319 0.692134 0.0330369 0.0317073
0 0.0736893 0.026017 0.0235586 0.023178
0 0.900504 0.240946 0.107698 0.0958831
0 0.566653 0.494845 0.0254394 0.0245614
0 0.709573 0.356266 0.024025 0.0227078
