0 0.858369 0.133316 0.0724298 0.0700295
0 0.659527 0.693793 0.0493224 0.0486008
0 0.397176 0.501028 0.0483032 0.0472569
0 0.169464 0.213871 0.058359 0.0563745
0 0.823675 0.245985 0.046711 0.0456437
0 0.198912 0.276108 0.0467031 0.0455574
0 0.365198 0.765933 0.0430494 0.0422916
0 0.967803 0.0966942 0.0352485 0.0346042
0 0.713758 0.466141 0.0374885 0.0368973
0 0.644715 0.294796 0.0306649 0.029263
0 0.724309 0.535251 0.0311184 0.0309085
0 0.677941 0.217306 0.0417456 0.040121
0 0.161419 0.596304 0.0282413 0.027418
0 0.743903 0.630995 0.0359957 0.0351489
0 0.0600175 0.788668 0.026328 0.0256168
0 0.657439 0.261048 0.0375173 0.0362246
0 0.684996 0.581704 0.0325469 0.0321341
0 0.632026 0.954793 0.0385509 0.0367012
0 0.319886 0.262335 0.0395133 0.0387695
0 0.602235 0.270793 0.0304017 0.0297659
0 0.54481 0.427183 0.0440927 0.0430947
0 0.624509 0.744859 0.0280437 0.0274314
0 0.793112 0.960437 0.121264 0.0790898
0 0.311246 0.156082 0.0485647 0.0464547
0 0.870849 0.0906975 0.0251753 0.0244631
0 0.303442 0.120903 0.0276304 0.0275236
0 0.716868 0.236397 0.0338252 0.0333839
0 0.376015 0.976552 0.0238231 0.023022
0 0.995209 0.365021 0.00958204 0.0254787
0 0.878043 0.717819 0.171287 0.163355
0 0.537352 0.219416 0.0239577 0.0235077
0 0.835269 0.4231 0.0289304 0.0280932
0 0.329846 0.616119 0.025525 0.0247119
0 0.90351 0.0783031 0.0398507 0.0391059
0 0.771936 0.221226 0.0301394 0.0291188
0 0.271538 0.298473 0.0325372 0.0317814
0 0.189772 0.153195 0.0288908 0.0286822
0 0.664103 0.563533 0.0234195 0.0231991
0 0.719005 0.82133 0.024481 0.0240312
0 0.81487 0.336827 0.0244983 0.0245103
0 0.577528 0.396337 0.0262017 0.026118
0 0.800883 0.358232 0.0313978 0.0313407
0 0.502536 0.801098 0.0365074 0.0355043
0 0.737113 0.211256 0.0369876 0.0357904
0 0.0344459 0.159129 0.0234208 0.0230513
0 0.841267 0.279907 0.0266695 0.0255313
0 0.732777 0.268992 0.0341964 0.0333114
0 0.578518 0.181714 0.023962 0.0239065
0 0.904611 0.923459 0.0265429 0.0258225
0 0.700103 0.261843 0.0283192 0.0276124
0 0.578957 0.867181 0.0270178 0.0259747
0 0.541361 0.0965541 0.451287 0.193108
0 0.532444 0.458971 0.0453173 0.0433196
0 0.544044 0.685327 0.0227993 0.0227067
0 0.150865 0.744181 0.0243457 0.0238032
0 0.899257 0.825289 0.122443 0.116139
0 0.115562 0.264814 0.0234585 0.0229684
0 0.918042 0.0197925 0.0402567 0.0372355
0 0.840129 0.875311 0.0255468 0.0243907
0 0.624345 0.769232 0.0230763 0.0224319
