0 0.702631 0.448669 0.0445836 0.038167
0 0.948468 0.428728 0.0840149 0.0734869
0 0.924936 0.124668 0.0375035 0.032855
0 0.341261 0.176323 0.0409787 0.0368482
0 0.984254 0.652075 0.0306597 0.0282257
0 0.0946174 0.893068 0.188379 0.21353
0 0.309024 0.542909 0.0328496 0.0301805
0 0.266297 0.247706 0.0312799 0.0278776
0 0.717628 0.140358 0.0340508 0.0282338
0 0.241373 0.272471 0.0278208 0.0249385
0 0.0705632 0.00894223 0.0260737 0.0178365
0 0.671883 0.328401 0.0307423 0.0265387
0 0.781873 0.0983108 0.0286736 0.0251349
0 0.241733 0.0670822 0.0284282 0.0257661
0 0.2095 0.515404 0.0250169 0.0231652
0 0.659918 0.980564 0.0456688 0.0388712
0 0.643815 0.528619 0.0568938 0.0500476
0 0.610051 0.207281 0.0474418 0.0403593
0 0.153781 0.338129 0.0248294 0.0227711
0 0.489593 0.421699 0.0465533 0.0406603
0 0.466633 0.38307 0.0401696 0.0351504
0 0.0249686 0.9941 0.035583 0.0118002
0 0.729623 0.25537 0.0672607 0.0570915
0 0.880998 0.920565 0.238005 0.157122
0 0.304531 0.93705 0.0752529 0.0658907
0 0.701311 0.524639 0.100858 0.0875357
0 0.725856 0.295282 0.0264471 0.0231375
0 0.913281 0.0128613 0.033709 0.0256228
0 0.418761 0.962571 0.11915 0.0748177
0 0.906207 0.458391 0.0247233 0.0220575
0 0.988935 0.948682 0.0220649 0.0272569
0 0.944736 0.351272 0.047659 0.0408471
