0 0.28673 0.682939 0.0682924 0.0663095
0 0.9082 0.389813 0.0373738 0.0361224
0 0.0157864 0.473326 0.0315727 0.0346746
0 0.449295 0.489126 0.0364838 0.0355147
0 0.0596992 0.0754017 0.0900386 0.0873513
0 0.631772 0.697764 0.0413114 0.0402458
0 0.13225 0.238094 0.0310388 0.0301905
0 0.480299 0.664905 0.0286892 0.028507
0 0.63363 0.733581 0.0384254 0.0376124
0 0.920841 0.888452 0.0319449 0.0311204
0 0.540436 0.814002 0.0358582 0.0351331
0 0.100354 0.393898 0.0437799 0.0429435
0 0.545199 0.772705 0.0265923 0.0261828
0 0.0652571 0.41621 0.0468991 0.0452175
0 0.520464 0.452492 0.025816 0.0254275
0 0.151215 0.420304 0.028655 0.0279407
0 0.847492 0.180251 0.0278484 0.0268126
0 0.36126 0.560164 0.0248796 0.0243459
0 0.606459 0.897492 0.0267801 0.0266914
0 0.191769 0.481032 0.0250767 0.0245458
0 0.3086 0.604241 0.0279347 0.0275959
0 0.992669 0.918397 0.0146627 0.0320344
0 0.439118 0.0980639 0.0243673 0.0241142
0 0.0385317 0.964438 0.0239095 0.0237833
0 0.264968 0.876781 0.294065 0.245862
0 0.833955 0.963026 0.0278082 0.0269461
0 0.539684 0.245318 0.0232 0.0228963
0 0.0687704 0.92963 0.13714 0.14031
0 0.524617 0.915311 0.0228931 0.0231153
0 0.948141 0.475029 0.0736394 0.0690109
0 0.290413 0.0940038 0.0246089 0.0244605
0 0.971646 0.1294 0.023242 0.0230208
0 0.213164 0.776871 0.0264009 0.026082
0 0.18122 0.842205 0.0238556 0.0232918
0 0.586503 0.482005 0.0303395 0.0294974
0 0.90707 0.547643 0.0231269 0.0225754
0 0.26228 0.280023 0.0225702 0.0223405
0 0.2419 0.234625 0.0230496 0.0229083
0 0.955534 0.758986 0.0229163 0.0224898
0 0.70666 0.627375 0.0222867 0.0225604
0 0.777982 0.396806 0.0237515 0.0232008
0 0.936554 0.715203 0.0232234 0.0234507
0 0.95466 0.0748915 0.060309 0.0589153
0 0.1293 0.989529 0.0493966 0.0209414
0 0.183691 0.547513 0.0216372 0.0217564
0 0.0239657 0.441989 0.0282792 0.0270066
0 0.988115 0.782029 0.0224518 0.0221839
0 0.0904557 0.660539 0.163971 0.152832
0 0.280883 0.599931 0.0258703 0.0256221
0 0.157232 0.535218 0.236287 0.238491
0 0.873616 0.0940491 0.0215611 0.0213298
0 0.189486 0.0607687 0.0218833 0.0211892
