0 0.499836 0.231558 0.0840291 0.0806901
0 0.986875 0.72742 0.0262503 0.0507441
0 0.867326 0.515896 0.0330523 0.0320004
0 0.20034 0.748118 0.032978 0.0323136
0 0.838545 0.28169 0.0257816 0.025286
0 0.724355 0.435379 0.045702 0.0445698
0 0.0384866 0.936737 0.027481 0.0261045
0 0.234143 0.741531 0.0283318 0.027633
0 0.107463 0.938275 0.0281298 0.0274091
0 0.370678 0.0819315 0.0248801 0.0242165
0 0.150769 0.743552 0.0247004 0.0243404
0 0.0444486 0.915712 0.0255737 0.0241281
0 0.0235415 0.298087 0.0468837 0.156657
0 0.660649 0.0471814 0.143528 0.0941773
0 0.706605 0.808846 0.0231425 0.0219173
0 0.257564 0.660423 0.0248372 0.0240652
0 0.209222 0.673242 0.0238591 0.0230831
0 0.981255 0.495688 0.0352802 0.035197
0 0.649732 0.452945 0.0328949 0.032298
0 0.123589 0.946877 0.0245192 0.0239661
0 0.568807 0.0440504 0.051816 0.0506238
0 0.677906 0.488715 0.0342879 0.0338783
0 0.34614 0.557127 0.0227065 0.0216749
0 0.405595 0.0888747 0.0252833 0.0246876
0 0.768166 0.419694 0.0491343 0.0482889
0 0.784465 0.243677 0.0463822 0.0446426
0 0.318481 0.12002 0.0902159 0.0901318
