0 0.0813245 0.735439 0.162649 0.309422
0 0.296831 0.828065 0.0335023 0.0326986
0 0.0824967 0.157925 0.03339 0.0320551
0 0.263266 0.967649 0.0340078 0.0329266
0 0.422699 0.134726 0.0374281 0.0362947
0 0.986405 0.0753741 0.0269626 0.0468883
0 0.234149 0.868635 0.0274508 0.0267925
0 0.726878 0.786856 0.0400624 0.0389981
0 0.44932 0.786474 0.0558038 0.0540688
0 0.516735 0.727941 0.0243664 0.0241934
0 0.669828 0.873311 0.0422304 0.0409046
0 0.464722 0.740015 0.0246637 0.0244276
0 0.0988261 0.769756 0.0309356 0.0311422
0 0.725877 0.746886 0.0274377 0.0271015
0 0.203101 0.0492039 0.0491507 0.0474419
0 0.785913 0.744826 0.0540008 0.0522869
0 0.834784 0.341019 0.0249056 0.0240822
0 0.989501 0.038965 0.0209972 0.0377186
0 0.965434 0.00517096 0.0248408 0.0103122
0 0.725095 0.86154 0.0639126 0.0622366
0 0.683348 0.921441 0.0709162 0.0705302
0 0.972491 0.745138 0.054805 0.142486
0 0.670667 0.679611 0.0426858 0.0424699
0 0.774445 0.121791 0.0243149 0.0242257
0 0.612512 0.700942 0.14885 0.143555
0 0.774389 0.686728 0.0548782 0.054008
0 0.66063 0.779124 0.0272392 0.0269408
0 0.796931 0.085192 0.0633364 0.0619692
0 0.476636 0.140865 0.0234196 0.0229869
0 0.523731 0.843738 0.0256745 0.0261392
0 0.471359 0.885059 0.0531789 0.0520319
0 0.552966 0.718605 0.0242653 0.0241909
0 0.567415 0.847746 0.0242887 0.023824
0 0.201405 0.862441 0.039336 0.0378382
0 0.614908 0.912886 0.0240145 0.0238981
0 0.2858 0.991908 0.027307 0.0161831
0 0.978506 0.411855 0.0428445 0.250174
0 0.126711 0.959029 0.0474147 0.0457931
