0 0.336127 0.659115 0.129393 0.11605
0 0.532034 0.573783 0.183086 0.164814
0 0.905347 0.594064 0.096209 0.0876572
0 0.76344 0.551778 0.0990427 0.0905096
0 0.32127 0.922247 0.1053 0.0992672
0 0.601585 0.300361 0.0934711 0.0856514
0 0.652305 0.42438 0.0573714 0.0507977
0 0.0861695 0.926124 0.0922564 0.085681
0 0.730492 0.415987 0.101438 0.0909704
0 0.736058 0.235711 0.0820494 0.075833
0 0.424048 0.58887 0.0680344 0.0596831
0 0.0296353 0.811148 0.0592705 0.0888238
0 0.137765 0.0292177 0.059143 0.055271
0 0.179849 0.0886095 0.0354831 0.0334602
0 0.231273 0.721727 0.0485488 0.0434345
0 0.128807 0.850381 0.0569787 0.0535843
0 0.438708 0.768156 0.0523758 0.0464635
0 0.59138 0.696123 0.106576 0.0972002
0 0.071818 0.0229931 0.0339638 0.0317677
0 0.242225 0.0248849 0.0975693 0.049683
0 0.216205 0.613046 0.0643808 0.0579797
0 0.309316 0.747099 0.0652258 0.0561533
0 0.351552 0.0628957 0.0570766 0.0549244
0 0.184197 0.0469421 0.0452852 0.0422148
0 0.634611 0.0685031 0.047723 0.0450192
0 0.380853 0.216268 0.0560447 0.0513679
0 0.0133408 0.90081 0.0266791 0.0357637
0 0.908512 0.868377 0.151844 0.137534
0 0.225438 0.942417 0.068009 0.0643246
0 0.159433 0.404523 0.318865 0.49416
0 0.615308 0.0322708 0.044435 0.0416689
0 0.263524 0.16594 0.0280944 0.0266482
0 0.62431 0.510521 0.0452019 0.0393759
0 0.179881 0.83145 0.059691 0.0547536
0 0.797216 0.0828737 0.0831491 0.079006
0 0.475657 0.325679 0.0351008 0.0319095
0 0.664798 0.584529 0.0574527 0.0500025
0 0.443238 0.0187874 0.061965 0.0374415
0 0.534841 0.837806 0.0528727 0.0485888
0 0.0649302 0.126786 0.0510043 0.0473364
0 0.525702 0.743544 0.0751493 0.0657084
0 0.163298 0.958221 0.0409654 0.0384925
0 0.431302 0.211424 0.0295657 0.0269729
0 0.57115 0.207051 0.0261406 0.0245336
0 0.495716 0.0888916 0.0342377 0.0326634
0 0.138849 0.73711 0.0336716 0.0302036
0 0.596923 0.853572 0.210672 0.198381
0 0.379427 0.861855 0.0374312 0.0348479
0 0.456941 0.903701 0.0332974 0.031209
0 0.559331 0.989141 0.0280419 0.021718
0 0.19533 0.172797 0.0280349 0.0264938
0 0.381451 0.165566 0.0360554 0.0338123
0 0.504476 0.914113 0.0416324 0.0380721
0 0.764089 0.0783777 0.135732 0.12363
0 0.742077 0.86454 0.0620756 0.0576956
0 0.912633 0.214765 0.024906 0.0240976
0 0.463152 0.942334 0.0507882 0.047426
0 0.0858474 0.98561 0.0550218 0.0287809
0 0.430314 0.430579 0.0252252 0.0237762
0 0.296772 0.426307 0.027667 0.0246425
0 0.741012 0.120686 0.0266604 0.0255644
0 0.197465 0.980597 0.0504319 0.0387002
0 0.951911 0.472853 0.0958776 0.225384
0 0.29917 0.0321362 0.0394971 0.0378727
0 0.953451 0.873801 0.0884623 0.0830332
0 0.146231 0.942186 0.0247443 0.0238562
0 0.190263 0.721555 0.0333829 0.0301221
0 0.807841 0.735909 0.0348036 0.0325764
0 0.133549 0.775397 0.0292705 0.0270798
0 0.101589 0.676847 0.0802359 0.0722952
0 0.00664711 0.685675 0.0132942 0.0477409
0 0.669694 0.531944 0.0536451 0.0474722
0 0.817744 0.960757 0.0258447 0.0249076
0 0.37774 0.774429 0.027112 0.024748
0 0.625255 0.64837 0.0257277 0.024037
0 0.987954 0.589051 0.024091 0.0871539
0 0.714914 0.672012 0.207058 0.1826
0 0.390324 0.61754 0.025833 0.0234543
0 0.681923 0.941753 0.0469551 0.0440845
0 0.0229759 0.0960469 0.0459227 0.0513907
0 0.781208 0.968183 0.0563305 0.0526713
0 0.638415 0.955409 0.0248258 0.023469
0 0.732791 0.979183 0.0277553 0.0259256
0 0.719338 0.366986 0.0295358 0.0275748
0 0.711925 0.961777 0.0240653 0.0229332
0 0.53738 0.00514607 0.0250057 0.0102921
0 0.634463 0.770466 0.0588328 0.0530846
0 0.305247 0.273244 0.0677608 0.0623254
0 0.409057 0.117408 0.0234569 0.0224422
0 0.325244 0.111646 0.0240564 0.023031
0 0.507657 0.289576 0.0337775 0.0314981
0 0.00476202 0.321799 0.00952404 0.0232359
0 0.946721 0.927156 0.035809 0.0334411
0 0.95821 0.959611 0.0821389 0.0764902
0 0.389069 0.948067 0.031479 0.0291991
0 0.744509 0.938908 0.0257516 0.0247585
0 0.128205 0.971907 0.033987 0.0316801
0 0.88967 0.819655 0.0881512 0.0834402
0 0.836038 0.670365 0.0237284 0.0224719
0 0.409927 0.189663 0.0260941 0.0245254
0 0.488883 0.790953 0.0591323 0.0545406
0 0.521703 0.352646 0.0264745 0.0247574
0 0.596335 0.085354 0.0344747 0.0325215
0 0.944471 0.356343 0.062012 0.0576147
