0 0.274456 0.600902 0.263409 0.262325
0 0.85155 0.16046 0.154647 0.151641
0 0.492577 0.457638 0.0466306 0.0455225
0 0.525613 0.734319 0.0550542 0.0541534
0 0.501418 0.218658 0.0278769 0.0269827
0 0.342123 0.0952529 0.0318842 0.0309992
0 0.419513 0.395833 0.0406962 0.0396978
0 0.71396 0.50658 0.0326028 0.0314351
0 0.592275 0.722605 0.0306654 0.0297647
0 0.143761 0.0567441 0.027557 0.0267934
0 0.581057 0.887454 0.0269518 0.0258724
0 0.384913 0.977863 0.0595631 0.0439658
0 0.98031 0.277579 0.0265985 0.0263263
0 0.887902 0.783745 0.0312721 0.030549
0 0.70209 0.932375 0.109988 0.107004
0 0.964538 0.0384895 0.0670732 0.0629558
0 0.406028 0.19528 0.036195 0.0348175
0 0.455253 0.700058 0.0299067 0.0292077
0 0.258448 0.166301 0.025843 0.024756
0 0.0996019 0.483288 0.0265697 0.025375
0 0.42415 0.167716 0.0291095 0.0278457
0 0.700713 0.57558 0.0268154 0.0262783
0 0.340147 0.892019 0.0303034 0.0296369
0 0.918663 0.685963 0.0351415 0.0337725
0 0.917249 0.0181428 0.0399036 0.0361532
0 0.383646 0.85309 0.0394679 0.0390425
0 0.874577 0.844396 0.0454087 0.0437548
0 0.676301 0.707931 0.02637 0.0257087
0 0.137722 0.0306243 0.0237532 0.022998
0 0.260646 0.877959 0.0268581 0.025808
0 0.0442511 0.0836583 0.0242345 0.0234644
0 0.628092 0.524237 0.0352724 0.0348217
0 0.423826 0.122666 0.0254673 0.0245369
0 0.93937 0.154717 0.0276356 0.0274856
0 0.421654 0.754831 0.0240345 0.0235755
0 0.829435 0.289026 0.0233452 0.0230017
0 0.584205 0.823067 0.0245913 0.0239979
0 0.806468 0.276798 0.0232811 0.0227401
0 0.996928 0.616332 0.00614471 0.0345218
0 0.0161939 0.270724 0.026596 0.0248729
0 0.0135172 0.453024 0.0270341 0.0300516
0 0.709332 0.883589 0.0234559 0.022858
0 0.308186 0.127988 0.022455 0.0214333
0 0.983349 0.240025 0.0333013 0.0361896
0 0.784992 0.259726 0.022377 0.0218865
