0 0.253992 0.756485 0.507983 0.48703
0 0.894274 0.71014 0.211452 0.220291
0 0.482262 0.56058 0.0445365 0.0402494
0 0.274901 0.435311 0.0465881 0.0410474
0 0.549967 0.360072 0.082013 0.0737388
0 0.559258 0.529025 0.0945642 0.0851341
0 0.603609 0.749631 0.0430725 0.0390618
0 0.072483 0.20397 0.0479006 0.0422918
0 0.328436 0.311236 0.061256 0.0548476
0 0.151187 0.0780388 0.0578191 0.0505318
0 0.709315 0.51636 0.0341043 0.0310006
0 0.677823 0.00878445 0.0397022 0.0174944
0 0.119697 0.20878 0.0374456 0.0332945
0 0.251438 0.276149 0.0462329 0.0419155
0 0.284168 0.343016 0.0529869 0.0474134
0 0.843698 0.867586 0.0336906 0.0299247
0 0.987164 0.244409 0.0255126 0.0667833
0 0.982199 0.0531968 0.0285183 0.0270639
0 0.125464 0.156861 0.0291769 0.0261326
0 0.775604 0.125211 0.0270359 0.0256794
0 0.145237 0.355905 0.0295019 0.0254995
0 0.826416 0.442625 0.0350596 0.0324345
0 0.828422 0.0417636 0.0254145 0.023809
0 0.0308696 0.822362 0.0295249 0.0270206
0 0.489764 0.651759 0.0260883 0.024121
0 0.349857 0.740028 0.0284921 0.0264255
0 0.486903 0.0413049 0.0291132 0.0271127
0 0.126293 0.310352 0.0387714 0.0326252
0 0.772105 0.78361 0.0935597 0.0865628
0 0.816317 0.0818014 0.0248836 0.023455
0 0.991974 0.0151429 0.016053 0.0247246
0 0.649084 0.376384 0.0412779 0.0384691
0 0.345984 0.0414282 0.0243905 0.0227531
0 0.588041 0.426609 0.0613515 0.0536195
0 0.816473 0.238642 0.0250149 0.0236087
0 0.448598 0.37251 0.0258814 0.0232595
0 0.685823 0.40592 0.0533688 0.049177
0 0.966801 0.332925 0.0280563 0.0262969
0 0.0906063 0.476827 0.181213 0.494643
0 0.709247 0.988403 0.0257318 0.02248
0 0.222634 0.0154498 0.0251256 0.0222504
