0 0.480921 0.783266 0.217615 0.191318
0 0.210733 0.0876092 0.0627353 0.0566106
0 0.0221456 0.490182 0.0442912 0.0558551
0 0.322077 0.94543 0.0455559 0.0403559
0 0.609179 0.277654 0.0435139 0.0397601
0 0.826753 0.524297 0.0703491 0.0616405
0 0.520299 0.317167 0.0313261 0.0289631
0 0.0128738 0.888391 0.0257225 0.0281136
0 0.161 0.830805 0.0341939 0.0305052
0 0.257696 0.484577 0.0289547 0.0254855
0 0.561485 0.967298 0.0526273 0.0467116
0 0.264772 0.758866 0.0314599 0.0283284
0 0.652675 0.308694 0.0323002 0.0289895
0 0.640628 0.387237 0.0255419 0.0239222
0 0.1072 0.993199 0.0278073 0.0136011
0 0.606415 0.507835 0.0279134 0.0262017
0 0.147782 0.991284 0.0245049 0.0174314
0 0.299053 0.652456 0.0283623 0.0257515
0 0.431164 0.420705 0.0256485 0.0246489
0 0.628573 0.638443 0.0239199 0.0220954
0 0.604304 0.97762 0.0292635 0.025597
0 0.467572 0.993964 0.0290848 0.012071
0 0.436796 0.131801 0.0294656 0.0274314
0 0.486922 0.352809 0.0237108 0.0221927
0 0.00520419 0.627935 0.0104084 0.0307821
