0 0.94076 0.876404 0.118245 0.198541
0 0.0319121 0.893881 0.0634475 0.0631967
0 0.606933 0.96917 0.0356831 0.0347223
0 0.539319 0.595263 0.0459557 0.0439076
0 0.492423 0.178343 0.033301 0.0326912
0 0.550773 0.0954903 0.0302923 0.0293699
0 0.673977 0.0259845 0.0291306 0.0286184
0 0.364711 0.758476 0.0292582 0.0287085
0 0.214516 0.291726 0.0270833 0.0262547
0 0.272454 0.250197 0.0344144 0.0338789
0 0.341395 0.0907955 0.0291418 0.0284624
0 0.0569996 0.74466 0.0294264 0.0287957
0 0.377159 0.202225 0.0304742 0.029897
0 0.610097 0.493035 0.0251441 0.0253019
0 0.580456 0.164013 0.032684 0.0319363
0 0.827689 0.0397295 0.0390303 0.0385831
0 0.392617 0.105568 0.0247243 0.0241715
0 0.258984 0.161604 0.0248898 0.0244015
0 0.559816 0.817916 0.320204 0.307437
0 0.216855 0.359035 0.0249372 0.0243622
0 0.933234 0.190256 0.0375792 0.03664
0 0.741533 0.552827 0.0245947 0.024399
0 0.0550152 0.343266 0.0263737 0.0259635
0 0.937043 0.161836 0.0289264 0.028216
0 0.271444 0.120238 0.0314255 0.03092
0 0.470847 0.433267 0.0784877 0.0752719
0 0.626194 0.257406 0.123481 0.11822
0 0.859148 0.0284525 0.0269986 0.0264822
0 0.339657 0.913265 0.0318825 0.0307348
0 0.0329976 0.199992 0.0237613 0.0231972
0 0.0547724 0.407131 0.0233632 0.0228122
0 0.309352 0.703424 0.0243598 0.0240621
0 0.574998 0.861896 0.0232027 0.0228572
0 0.183403 0.94915 0.023796 0.0240231
0 0.192921 0.0923274 0.0579586 0.0567122
0 0.268383 0.216732 0.0359834 0.0346478
0 0.571765 0.33381 0.197913 0.196062
0 0.425369 0.708726 0.0228293 0.0225805
0 0.608533 0.00594615 0.0252581 0.0118658
0 0.431349 0.759441 0.0231442 0.0230783
0 0.411538 0.28715 0.0255272 0.0244638
0 0.208577 0.961836 0.133881 0.0762372
0 0.0389482 0.441526 0.0428512 0.0416895
0 0.835585 0.113206 0.113249 0.113491
0 0.577687 0.22404 0.0238891 0.0237672
0 0.786995 0.391923 0.0234807 0.0230631
0 0.632615 0.544352 0.0238175 0.0229814
