0 0.549309 0.459556 0.0669489 0.0612647
0 0.759652 0.902998 0.0479255 0.044282
0 0.222635 0.447471 0.0460486 0.0404276
0 0.264545 0.499879 0.041314 0.036463
0 0.336442 0.361633 0.0447982 0.0396448
0 0.0806531 0.702712 0.0436692 0.0378468
0 0.144974 0.553569 0.040821 0.0362778
0 0.31654 0.578724 0.0520138 0.0466831
0 0.657529 0.351513 0.0360854 0.0321442
0 0.581525 0.843681 0.0371251 0.0338074
0 0.760189 0.362298 0.0344587 0.0311798
0 0.0156896 0.428539 0.0313791 0.0468887
0 0.596468 0.101635 0.415658 0.201356
0 0.368959 0.180713 0.0288681 0.0258323
0 0.256959 0.543614 0.0340373 0.0307281
0 0.605748 0.238402 0.030545 0.0264465
0 0.838748 0.884333 0.0281076 0.0259784
0 0.45092 0.137331 0.0367556 0.031617
0 0.915477 0.574669 0.0326956 0.0306306
0 0.976984 0.341076 0.0370668 0.0331975
0 0.989209 0.406371 0.0215813 0.0247758
0 0.920668 0.603808 0.0272033 0.0251657
0 0.837763 0.0557114 0.0960154 0.0880023
0 0.801043 0.992182 0.0266102 0.0156365
0 0.720097 0.926447 0.0272343 0.0247183
0 0.523343 0.379842 0.0248197 0.0225281
0 0.155596 0.6794 0.025485 0.0226183
0 0.0947169 0.432125 0.0248832 0.0227001
0 0.840432 0.235787 0.0262885 0.0235888
0 0.0987799 0.459462 0.0295673 0.0255738
0 0.360852 0.629618 0.0264553 0.0241978
0 0.648633 0.728113 0.027662 0.0254121
