0 0.580027 0.045564 0.132499 0.091112
0 0.163937 0.309556 0.0615533 0.0461497
0 0.156078 0.717069 0.0513791 0.0377879
0 0.327415 0.658116 0.0415895 0.0311446
0 0.383591 0.294 0.0958143 0.0757114
0 0.457898 0.278608 0.0807981 0.0642218
0 0.130849 0.280366 0.037998 0.028808
0 0.97804 0.12416 0.04392 0.0439212
0 0.03873 0.359405 0.0399354 0.0300938
0 0.521363 0.206322 0.0895996 0.0703174
0 0.155507 0.380462 0.0371668 0.0271789
0 0.677334 0.690367 0.0422627 0.0322549
0 0.0378915 0.781191 0.0406744 0.0307286
0 0.561806 0.355069 0.0511521 0.0400957
0 0.17184 0.749325 0.0512224 0.037885
0 0.411254 0.738742 0.0308414 0.0235785
0 0.770439 0.652025 0.0417879 0.0328605
0 0.901711 0.923604 0.0318726 0.0251136
0 0.515685 0.527272 0.048213 0.0337218
0 0.97007 0.915272 0.0597762 0.0657823
0 0.133196 0.993808 0.0334646 0.0123849
0 0.0218139 0.412813 0.041179 0.0308706
0 0.178457 0.625262 0.0317318 0.0235002
0 0.46512 0.743843 0.030564 0.0230002
0 0.184324 0.960502 0.0446555 0.0319472
0 0.805105 0.184612 0.048279 0.037777
0 0.477533 0.602659 0.0437801 0.0337286
0 0.878256 0.277702 0.0621452 0.0492101
0 0.865383 0.641772 0.0292085 0.0224549
0 0.1468 0.931178 0.0310547 0.0228246
0 0.675672 0.566859 0.116656 0.0861263
0 0.203797 0.48379 0.0308588 0.0228718
0 0.954263 0.311453 0.0315609 0.0249165
0 0.0696963 0.597676 0.0335995 0.0252719
0 0.41803 0.515963 0.0307076 0.0232949
0 0.969308 0.394711 0.0575489 0.0452673
0 0.971139 0.284331 0.0340705 0.026654
0 0.255291 0.618844 0.0286823 0.0217611
0 0.995104 0.00908485 0.00979147 0.0181697
0 0.269462 0.474285 0.0318351 0.0235383
0 0.469616 0.0257339 0.0326373 0.0255546
0 0.401505 0.162301 0.0282488 0.0227397
0 0.0918042 0.839725 0.0279855 0.0208681
0 0.0989751 0.897522 0.0284963 0.021961
0 0.219785 0.276657 0.0269058 0.0217601
0 0.421477 0.950979 0.0298498 0.0221181
0 0.911635 0.31272 0.0449158 0.035901
0 0.464229 0.971817 0.0575609 0.0417795
0 0.40847 0.344467 0.0499708 0.0389088
0 0.860755 0.594148 0.028904 0.0227146
0 0.130348 0.461984 0.0313184 0.0238999
0 0.864007 0.711257 0.0275192 0.0216351
0 0.522432 0.0349165 0.0441451 0.0362386
0 0.526327 0.581091 0.0839018 0.0649568
