0 0.771236 0.360588 0.100638 0.0999442
0 0.776438 0.0925701 0.0513802 0.0499701
0 0.0395715 0.914695 0.0787911 0.0783849
0 0.887223 0.892536 0.0494342 0.0482724
0 0.798773 0.513615 0.0643977 0.0650649
0 0.585985 0.231938 0.0529843 0.0518115
0 0.534631 0.853234 0.0696189 0.0702715
0 0.622533 0.1162 0.0364347 0.0357725
0 0.338277 0.196391 0.0403918 0.0394804
0 0.0952308 0.333432 0.0475423 0.0460981
0 0.0796506 0.276939 0.0329373 0.0322729
0 0.527022 0.936949 0.0423631 0.0433328
0 0.685208 0.613345 0.0463331 0.0450804
0 0.237856 0.285257 0.0418536 0.0420548
0 0.486547 0.791008 0.0782617 0.0773005
0 0.731168 0.529874 0.0462796 0.0455517
0 0.865462 0.373236 0.0611507 0.060572
0 0.0164904 0.616545 0.0329809 0.0413518
0 0.0339597 0.539005 0.0265698 0.0265094
0 0.0942449 0.0545385 0.0302086 0.029363
0 0.870139 0.314566 0.0504723 0.0497981
0 0.550367 0.0957636 0.0383952 0.0379612
0 0.850642 0.750033 0.0407804 0.0403584
0 0.365707 0.177397 0.0308186 0.0305459
0 0.181251 0.790064 0.0341115 0.0333715
0 0.364898 0.600629 0.0246387 0.024329
0 0.0529216 0.172223 0.0331909 0.0322721
0 0.643664 0.428102 0.0385498 0.0378841
0 0.346186 0.440409 0.0349991 0.0342579
0 0.735864 0.0768636 0.0269914 0.0266155
0 0.804947 0.188533 0.0296929 0.0289984
0 0.587536 0.155827 0.0645392 0.0623767
0 0.6935 0.718407 0.0314644 0.0311244
0 0.309898 0.87872 0.0298934 0.0299749
0 0.561319 0.119374 0.0275307 0.0268498
0 0.420006 0.529754 0.0288708 0.0287714
0 0.825952 0.163645 0.0271459 0.0264681
0 0.477111 0.649229 0.0306849 0.030613
0 0.23541 0.253795 0.026923 0.0267586
0 0.738299 0.725723 0.0366466 0.0364307
0 0.296292 0.532329 0.0247009 0.0243208
0 0.68329 0.433123 0.0354488 0.0339855
0 0.00810374 0.952305 0.0162057 0.0316845
0 0.199319 0.937458 0.0270909 0.0273168
0 0.681802 0.959197 0.0252714 0.0251213
0 0.54617 0.576478 0.0285952 0.0282245
0 0.215978 0.214089 0.0246794 0.0247553
0 0.424549 0.806688 0.048996 0.0480519
0 0.0532673 0.395475 0.0238401 0.0232203
0 0.720351 0.658518 0.0322832 0.0313246
0 0.460256 0.484377 0.0249003 0.0243956
0 0.508913 0.97999 0.0455952 0.0395647
0 0.42221 0.328342 0.0254465 0.0254542
0 0.746448 0.952092 0.023855 0.0240278
0 0.591523 0.0720802 0.0234206 0.0230238
0 0.217798 0.974497 0.0787906 0.0510053
0 0.937117 0.617937 0.0601907 0.0577179
0 0.0433325 0.515061 0.0230472 0.0231042
0 0.36483 0.853759 0.029378 0.0298583
0 0.296663 0.979223 0.0270584 0.0264618
0 0.51751 0.677818 0.0351422 0.0354183
0 0.848842 0.952433 0.0236373 0.0238757
0 0.826583 0.312365 0.0330801 0.0333943
0 0.820753 0.436349 0.0294875 0.0287987
0 0.903354 0.200629 0.0308232 0.0299581
0 0.154839 0.50126 0.0277484 0.0276714
0 0.872045 0.501837 0.0439293 0.0434196
0 0.686501 0.662096 0.033143 0.0329082
0 0.161395 0.436858 0.023592 0.0233841
0 0.569689 0.00474189 0.0237492 0.00940578
0 0.996989 0.691671 0.00602198 0.0479348
0 0.735871 0.695711 0.0234969 0.0234475
0 0.555205 0.538096 0.0262482 0.025825
0 0.663568 0.688637 0.0324383 0.0317042
0 0.343893 0.911327 0.028922 0.0288334
0 0.281087 0.229886 0.0264106 0.0254588
0 0.610259 0.734475 0.0259514 0.0260363
0 0.44983 0.465996 0.0230118 0.0231863
0 0.968776 0.909964 0.0242765 0.0235841
0 0.356799 0.981212 0.0352446 0.033118
0 0.835666 0.339557 0.027495 0.027218
0 0.47099 0.769193 0.0338041 0.0346811
0 0.385658 0.0145171 0.0224379 0.0223221
0 0.155592 0.98453 0.0279222 0.0272865
0 0.918945 0.367358 0.0266577 0.0262089
0 0.465948 0.217897 0.0242876 0.0236397
