0 0.789644 0.742124 0.420713 0.414525
0 0.209381 0.691117 0.192751 0.189554
0 0.569012 0.210574 0.566303 0.421148
0 0.376224 0.66853 0.153687 0.146275
0 0.209593 0.877261 0.0561598 0.0541442
0 0.378059 0.777291 0.0326163 0.0319963
0 0.532695 0.802859 0.224335 0.21337
0 0.073757 0.358081 0.0347948 0.0329533
0 0.847729 0.980816 0.0554092 0.0380095
0 0.279499 0.306499 0.038713 0.0367572
0 0.956013 0.959955 0.0270237 0.0264807
0 0.022961 0.738436 0.0459219 0.251973
0 0.617477 0.908391 0.0296947 0.0273172
0 0.0118526 0.496101 0.0235754 0.0240713
0 0.646902 0.934945 0.16471 0.130109
0 0.0302111 0.668845 0.0318948 0.0297961
0 0.288162 0.935109 0.0432498 0.0424262
0 0.0759361 0.176668 0.0336637 0.0324175
0 0.734141 0.948579 0.0247343 0.0236941
0 0.193268 0.807415 0.0445715 0.042594
0 0.813618 0.952801 0.0259984 0.0253219
0 0.229209 0.778511 0.0468694 0.0460429
0 0.719441 0.149522 0.214957 0.196038
0 0.747623 0.964499 0.0234835 0.022855
0 0.834463 0.96021 0.0264111 0.0261587
0 0.103032 0.642423 0.0280759 0.0270684
0 0.124603 0.277324 0.0358335 0.0340135
0 0.50545 0.684193 0.108119 0.0988638
0 0.0600107 0.476517 0.0277677 0.0268961
