0 0.0774906 0.119142 0.0537281 0.0401332
0 0.433575 0.963427 0.0488975 0.0359077
0 0.126876 0.225155 0.0393406 0.029882
0 0.618566 0.185423 0.0381172 0.0283285
0 0.0911781 0.382873 0.0391841 0.0295191
0 0.865508 0.419074 0.0600552 0.044543
0 0.906033 0.514178 0.0403499 0.0303962
0 0.240441 0.286073 0.0357312 0.0268525
0 0.024333 0.227947 0.0383992 0.0281993
0 0.0231451 0.589108 0.0408845 0.0309563
0 0.930088 0.463024 0.0649975 0.0463197
0 0.813518 0.439732 0.0341043 0.0254568
0 0.881707 0.60009 0.0383361 0.0292426
0 0.123261 0.641187 0.0335528 0.0248864
0 0.509284 0.944534 0.0314104 0.0235283
0 0.249841 0.139312 0.034246 0.0247952
0 0.228476 0.125209 0.0326463 0.024447
0 0.680747 0.424605 0.0311847 0.0239612
0 0.287889 0.712097 0.0291282 0.0216935
0 0.372065 0.029691 0.0337183 0.0245869
0 0.623665 0.416868 0.0277937 0.0210738
0 0.315277 0.219573 0.0289856 0.0218297
0 0.889425 0.123495 0.0302853 0.0234689
0 0.871661 0.481579 0.0541654 0.0407626
0 0.981341 0.62339 0.0373186 0.0651509
0 0.669994 0.775617 0.0292139 0.0222985
0 0.747258 0.308537 0.0294161 0.0219891
0 0.83169 0.526183 0.0316889 0.0241413
0 0.898178 0.930487 0.102785 0.0781652
0 0.250222 0.0273136 0.0286093 0.0214564
0 0.666607 0.372182 0.0288172 0.0221101
0 0.54466 0.79582 0.0826037 0.0622487
0 0.508465 0.343358 0.0281268 0.0216832
0 0.374182 0.683328 0.0266448 0.0206089
0 0.851596 0.202261 0.0286984 0.0210452
0 0.948755 0.0653866 0.10249 0.129012
0 0.713285 0.0593183 0.0279996 0.02149
0 0.249333 0.198076 0.0270767 0.02055
0 0.0556038 0.621195 0.0268804 0.0208429
