0 0.345062 0.565966 0.313408 0.260484
0 0.0311694 0.765399 0.0623388 0.0550275
0 0.847426 0.190999 0.0399435 0.0341547
0 0.835673 0.364298 0.033083 0.0284325
0 0.228314 0.975455 0.090086 0.0490732
0 0.343137 0.51156 0.0456811 0.037675
0 0.884569 0.378992 0.0322437 0.0269481
0 0.0517459 0.499468 0.0346034 0.0283806
0 0.924139 0.129922 0.0392647 0.0342536
0 0.825722 0.943239 0.136751 0.106058
0 0.726007 0.879494 0.130431 0.105187
0 0.63647 0.074174 0.0312486 0.0244835
0 0.381576 0.577364 0.0730106 0.0624077
0 0.0705703 0.893374 0.0847444 0.066199
0 0.48663 0.25698 0.115924 0.0955267
0 0.256928 0.844764 0.132592 0.10193
0 0.458458 0.439437 0.027218 0.0238036
0 0.991933 0.281209 0.0161331 0.0550489
0 0.592633 0.314732 0.0286673 0.0234361
0 0.0106655 0.547546 0.0213309 0.0257182
0 0.533973 0.593857 0.0262515 0.0234418
0 0.818228 0.314831 0.0323618 0.027195
0 0.658422 0.122063 0.0354819 0.0287586
0 0.865977 0.506465 0.205155 0.196854
0 0.704772 0.647096 0.122424 0.100618
0 0.672477 0.450223 0.0273664 0.0235269
0 0.166537 0.134256 0.112857 0.088964
0 0.919118 0.161538 0.0282888 0.024301
0 0.666794 0.0774329 0.0303284 0.024554
0 0.820283 0.762994 0.0350819 0.0280147
0 0.882499 0.882526 0.0878507 0.0666073
0 0.971018 0.433777 0.0579647 0.217384
0 0.19782 0.633085 0.0266906 0.0219351
0 0.248085 0.206045 0.0266287 0.0222687
0 0.497065 0.370035 0.124219 0.100004
0 0.792456 0.110622 0.0269369 0.0231689
0 0.365566 0.782686 0.0337192 0.0275424
0 0.404162 0.725197 0.0268501 0.0224926
0 0.559969 0.420235 0.0291398 0.0257214
