0 0.331181 0.223958 0.143803 0.128419
0 0.597985 0.169205 0.163418 0.158985
0 0.916535 0.793871 0.08373 0.0775573
0 0.522234 0.786282 0.54963 0.427435
0 0.703706 0.334787 0.177647 0.163802
0 0.0492337 0.044248 0.0791246 0.0720951
0 0.286966 0.54559 0.0707551 0.0635245
0 0.873164 0.137763 0.04473 0.0413477
0 0.830893 0.72161 0.050533 0.0461547
0 0.41627 0.27445 0.0532467 0.0490396
0 0.165422 0.510261 0.192107 0.172737
0 0.252626 0.428818 0.497721 0.450893
0 0.147004 0.138289 0.245408 0.221294
0 0.855483 0.316147 0.0728989 0.0669379
0 0.796692 0.621651 0.051053 0.0463787
0 0.0157394 0.241281 0.0314788 0.0385138
0 0.147822 0.0138206 0.0299733 0.0271856
0 0.312874 0.0443023 0.111017 0.0879024
0 0.67851 0.463047 0.0317251 0.0282615
0 0.54217 0.505763 0.0381231 0.0349874
0 0.696559 0.252132 0.118833 0.111689
0 0.697279 0.00978373 0.0358206 0.0195675
0 0.668491 0.582624 0.0972161 0.0839211
0 0.0290754 0.910781 0.0308364 0.0281606
0 0.446199 0.133622 0.0275971 0.0262858
0 0.858635 0.163811 0.0450444 0.042233
0 0.279136 0.498954 0.042047 0.0380239
0 0.848813 0.385372 0.0831518 0.0740391
0 0.864731 0.231635 0.0257769 0.0242077
0 0.226573 0.855341 0.0764029 0.0692751
0 0.60022 0.0245926 0.0254068 0.0240386
0 0.747838 0.0581709 0.0342357 0.0321176
0 0.504128 0.514895 0.0520932 0.0473971
0 0.517383 0.458814 0.0287074 0.0267589
0 0.548633 0.45817 0.0364372 0.0343319
0 0.0514554 0.94495 0.0338629 0.031122
0 0.93408 0.348282 0.0861241 0.0810573
0 0.896879 0.205564 0.0286663 0.0264947
0 0.0175306 0.761354 0.035003 0.0515096
0 0.0467319 0.00733996 0.053314 0.0146462
0 0.783627 0.0968076 0.0680205 0.0633857
0 0.132705 0.792393 0.033351 0.0288363
0 0.0323442 0.532974 0.0406615 0.0376987
0 0.030539 0.88177 0.028926 0.0261276
0 0.417676 0.141247 0.0250529 0.0239294
0 0.476856 0.450159 0.0547495 0.0506839
0 0.361247 0.0276725 0.0551844 0.0499893
0 0.52705 0.552556 0.0363573 0.0338554
0 0.643913 0.030843 0.0812349 0.0615421
0 0.385113 0.154014 0.0465714 0.0419742
0 0.820456 0.0700201 0.0395923 0.0371077
0 0.108188 0.82643 0.0254741 0.0230529
0 0.0539269 0.551196 0.0515152 0.04602
0 0.202702 0.920633 0.288841 0.158561
0 0.359064 0.415841 0.0450562 0.0418951
0 0.847016 0.0235656 0.0279959 0.0265833
0 0.541492 0.48093 0.0260427 0.0249717
0 0.317287 0.0961195 0.0237486 0.0227056
0 0.993078 0.682666 0.0138433 0.0690866
0 0.389161 0.0884662 0.0784199 0.0716762
0 0.839155 0.49925 0.192017 0.179675
0 0.464565 0.883978 0.0534566 0.0478277
0 0.291166 0.342541 0.0237828 0.0222776
0 0.238594 0.936195 0.0379531 0.0342884
0 0.546385 0.300382 0.066211 0.0592439
0 0.962216 0.610067 0.0755682 0.0965836
0 0.889995 0.892024 0.0512687 0.0479627
0 0.925637 0.0751547 0.0286086 0.0267586
0 0.303565 0.0116571 0.0810611 0.0233143
0 0.576323 0.567712 0.0658943 0.057507
0 0.582924 0.55698 0.0626349 0.0556421
0 0.285048 0.153644 0.0318346 0.0297572
0 0.494489 0.0118297 0.0514491 0.023642
0 0.00418233 0.387843 0.00836465 0.0404122
0 0.993752 0.212865 0.0124955 0.0277693
