0 0.312239 0.472149 0.0324609 0.0250874
0 0.558535 0.0976631 0.0363244 0.0277663
0 0.941771 0.931942 0.0339611 0.0253183
0 0.527927 0.303863 0.03357 0.024734
0 0.827719 0.989525 0.0305123 0.0208651
0 0.492603 0.315285 0.0307422 0.0227405
0 0.117858 0.210195 0.0276302 0.0228
0 0.487156 0.360095 0.0293163 0.022397
0 0.805741 0.536187 0.0293085 0.0226202
0 0.750589 0.666613 0.0283923 0.0220824
0 0.0548149 0.905464 0.0285099 0.0246434
0 0.528049 0.995627 0.0299921 0.00874605
0 0.928558 0.623314 0.0541649 0.0422914
0 0.46844 0.55069 0.0270448 0.0217617
0 0.99399 0.51226 0.0120205 0.0240016
0 0.517192 0.326151 0.0325451 0.024304
0 0.991348 0.440434 0.0173035 0.0236688
