0 0.100494 0.417472 0.144711 0.122861
0 0.59192 0.139667 0.0631864 0.0512727
0 0.909261 0.584118 0.105247 0.0921452
0 0.143574 0.727232 0.0719253 0.0594562
0 0.296889 0.672729 0.0443932 0.0373483
0 0.0461141 0.704021 0.0454208 0.0368219
0 0.631112 0.578508 0.0395288 0.0337026
0 0.0891122 0.769791 0.0449262 0.0378745
0 0.845424 0.0120624 0.0384906 0.0240911
0 0.281571 0.0208834 0.0575345 0.0417669
0 0.880607 0.131008 0.0320482 0.0266319
0 0.866503 0.386082 0.0514751 0.0430872
0 0.0264613 0.671253 0.0388557 0.0323092
0 0.405004 0.43874 0.0338522 0.0291016
0 0.0408869 0.563019 0.0357701 0.0302961
0 0.493801 0.191226 0.0361844 0.0296169
0 0.599959 0.503106 0.030858 0.0270724
0 0.566465 0.716368 0.0358863 0.0303397
0 0.147384 0.118213 0.0296484 0.0248921
0 0.92468 0.363078 0.0378012 0.0315709
0 0.815992 0.462265 0.033552 0.0283668
0 0.859309 0.435224 0.0364737 0.0310871
0 0.52474 0.65625 0.0299721 0.0263764
0 0.493139 0.222522 0.0289655 0.0241598
0 0.148543 0.0121293 0.0656616 0.0241931
0 0.270593 0.360875 0.0402532 0.0340389
0 0.415958 0.718479 0.0265501 0.0237393
0 0.432459 0.141775 0.0330944 0.0268147
0 0.958884 0.727462 0.0351902 0.0303385
0 0.397048 0.390091 0.0291849 0.0244561
0 0.749074 0.758607 0.02931 0.0243001
0 0.831269 0.0524812 0.142613 0.104962
0 0.44428 0.225876 0.030513 0.0250325
0 0.103427 0.181432 0.0411735 0.0341145
0 0.00964961 0.111688 0.0192992 0.0359276
0 0.0671459 0.626732 0.0294265 0.0246575
0 0.0963383 0.73542 0.0372913 0.0315332
0 0.354284 0.976171 0.0455071 0.0381027
0 0.68764 0.566947 0.0280271 0.0243769
0 0.0532521 0.771979 0.0290748 0.024395
0 0.797844 0.992641 0.0737309 0.0147177
0 0.786787 0.853579 0.0341255 0.027555
0 0.491789 0.00392895 0.0327423 0.00783846
0 0.773641 0.674749 0.027284 0.0229683
0 0.524954 0.889846 0.0284995 0.0240807
0 0.792631 0.655106 0.0317008 0.0265834
0 0.239263 0.0329489 0.0532146 0.0448089
0 0.931944 0.635872 0.0293849 0.0262301
0 0.374383 0.98914 0.0651594 0.0217203
0 0.996148 0.676861 0.00770454 0.0442572
0 0.558318 0.073485 0.0341775 0.0281515
0 0.965764 0.327843 0.0396485 0.0322423
0 0.944916 0.385585 0.027288 0.0233366
0 0.558777 0.0481527 0.273015 0.0960426
0 0.459593 0.0678177 0.0277321 0.02198
0 0.705409 0.965528 0.0279403 0.0229461
0 0.547458 0.902542 0.0275457 0.0232946
0 0.43619 0.418813 0.0257628 0.0227109
0 0.647274 0.941377 0.0313059 0.0257442
0 0.883718 0.529524 0.0297094 0.0263445
0 0.649152 0.331633 0.0367393 0.0315274
0 0.898692 0.440679 0.0272615 0.0237775
0 0.954288 0.671294 0.0314522 0.0269035
0 0.610182 0.30669 0.0368992 0.0314528
0 0.3761 0.422408 0.0273032 0.0234171
0 0.328173 0.0124134 0.0628572 0.0247814
0 0.704979 0.281337 0.0327036 0.0277872
0 0.410181 0.371288 0.0263649 0.0227262
0 0.511276 0.518044 0.0290049 0.0257288
