0 0.104469 0.562308 0.0539264 0.0516597
0 0.149225 0.520862 0.0523669 0.0507271
0 0.54951 0.0743572 0.0334284 0.0322567
0 0.708988 0.0858223 0.0268559 0.0262568
0 0.88953 0.605151 0.0248124 0.0242062
0 0.97364 0.720781 0.0523531 0.0637859
0 0.115663 0.129657 0.0245618 0.023893
0 0.0138482 0.721132 0.0276875 0.034126
0 0.763347 0.477353 0.0639156 0.0637619
0 0.578172 0.510543 0.0249035 0.0243748
0 0.234928 0.53405 0.0293512 0.0284443
0 0.613497 0.767306 0.0237482 0.0230515
0 0.366539 0.330246 0.0272674 0.0264059
0 0.184636 0.582739 0.0350019 0.0342197
0 0.100336 0.424863 0.0245794 0.0236519
0 0.0621935 0.087856 0.124336 0.175012
0 0.465867 0.210948 0.0226946 0.0223461
0 0.32173 0.491282 0.0238037 0.0236386
0 0.418322 0.351544 0.0248243 0.0239629
