0 0.154794 0.274803 0.0458185 0.037127
0 0.163311 0.109892 0.037158 0.0298324
0 0.700747 0.399337 0.0464314 0.0397408
0 0.0694908 0.778685 0.0660445 0.0520821
0 0.0551155 0.735672 0.0430315 0.0362027
0 0.313959 0.794836 0.0289305 0.0238314
0 0.954912 0.242653 0.0265444 0.0227337
0 0.426998 0.0745097 0.0280623 0.0232173
0 0.591273 0.733625 0.0278976 0.0243866
0 0.988023 0.265439 0.0239538 0.023849
0 0.583881 0.274186 0.0250294 0.0221121
0 0.959776 0.0443784 0.0270018 0.0220083
0 0.0114497 0.1596 0.0228987 0.0246405
0 0.788315 0.143404 0.027547 0.0228265
0 0.621828 0.00957699 0.0245671 0.019154
0 0.983665 0.218648 0.0251617 0.0221398
0 0.995968 0.799681 0.00806418 0.0228591
0 0.889714 0.126632 0.0323233 0.0266935
