0 0.16123 0.166593 0.0562534 0.051392
0 0.141381 0.549185 0.0419006 0.0368565
0 0.0985839 0.539307 0.0408747 0.0355687
0 0.936608 0.0160299 0.0448446 0.0320598
0 0.673065 0.694734 0.033931 0.0317395
0 0.0335851 0.349639 0.0593642 0.0515414
0 0.721525 0.874831 0.0343641 0.0321429
0 0.841255 0.685224 0.0290224 0.0270176
0 0.768692 0.775169 0.0349238 0.0327625
0 0.62305 0.92459 0.0290792 0.0265285
0 0.72839 0.977522 0.029434 0.0269173
0 0.0308808 0.428 0.0328064 0.0292587
0 0.42448 0.175968 0.0305595 0.0300974
0 0.0282367 0.15809 0.0306271 0.0271461
0 0.0519171 0.13574 0.0296583 0.0267629
0 0.782076 0.855206 0.0275588 0.0257793
0 0.312341 0.765154 0.027626 0.0259775
0 0.497553 0.564118 0.0248702 0.0234056
0 0.656373 0.876863 0.027982 0.0249183
0 0.671419 0.614775 0.0337901 0.0319798
0 0.106019 0.744051 0.0335493 0.0295902
0 0.647219 0.888657 0.0248938 0.0229509
0 0.940061 0.520064 0.029835 0.0277055
0 0.370128 0.0479536 0.0243228 0.0234075
0 0.139468 0.520568 0.0246942 0.0219883
0 0.827454 0.792571 0.0250838 0.0238257
0 0.884064 0.630225 0.0404497 0.0368006
0 0.497078 0.40455 0.0231981 0.0226933
0 0.312193 0.156779 0.0235054 0.0226015
0 0.948121 0.272271 0.0236246 0.0225943
0 0.185764 0.562076 0.0293589 0.0256381
0 0.0783157 0.497953 0.0242012 0.0218794
0 0.0540177 0.0131249 0.0410821 0.0262421
