0 0.870876 0.233811 0.101252 0.0970851
0 0.370808 0.719365 0.0974247 0.0947352
0 0.789776 0.377615 0.0741588 0.0713704
0 0.623003 0.540675 0.0818877 0.0807734
0 0.545931 0.390553 0.193583 0.18717
0 0.684245 0.0349151 0.067657 0.066078
0 0.858996 0.358641 0.0555468 0.0541438
0 0.648324 0.755608 0.0430234 0.0413892
0 0.937489 0.0468415 0.065665 0.0647552
0 0.296675 0.1199 0.0530625 0.0518258
0 0.567781 0.019687 0.0697724 0.0393097
0 0.100891 0.946815 0.0673216 0.066824
0 0.787441 0.113292 0.0318799 0.0316397
0 0.610203 0.0597728 0.0514064 0.0500978
0 0.0108763 0.455081 0.0217331 0.0308752
0 0.680811 0.465698 0.0448423 0.0424776
0 0.583274 0.783784 0.0366426 0.0354921
0 0.0231475 0.379769 0.0278308 0.026746
0 0.685601 0.103592 0.0545287 0.0534701
0 0.0556021 0.389695 0.0301554 0.0288938
0 0.66383 0.156324 0.0674291 0.0666155
0 0.0786965 0.717011 0.0497714 0.047684
0 0.414149 0.381061 0.0252788 0.024685
0 0.0308209 0.320958 0.0318974 0.0302476
0 0.730864 0.699316 0.029541 0.0290709
0 0.201827 0.971394 0.054798 0.0542498
0 0.694053 0.191271 0.0341991 0.033902
0 0.0351519 0.806506 0.0344674 0.0339134
0 0.0578809 0.675854 0.115247 0.264744
0 0.939161 0.126174 0.0341665 0.033314
0 0.26762 0.735554 0.0342385 0.0333147
0 0.177687 0.290653 0.353533 0.549279
0 0.749994 0.959084 0.0322129 0.0313611
0 0.850939 0.312231 0.054051 0.0528563
0 0.0499641 0.981883 0.0255944 0.0253589
0 0.212601 0.799635 0.0364869 0.0364055
0 0.89151 0.747456 0.0292729 0.0292066
0 0.21509 0.0078465 0.0421932 0.0156292
0 0.867587 0.311496 0.0287237 0.0283176
0 0.197554 0.76247 0.0552964 0.0548579
0 0.628929 0.98094 0.0733621 0.0380795
0 0.742205 0.847352 0.0247641 0.0242925
0 0.858766 0.0384353 0.0508109 0.0495203
0 0.60818 0.68781 0.0298891 0.02847
0 0.887529 0.621744 0.0266348 0.0268691
0 0.815294 0.0318052 0.0351987 0.0346994
0 0.635193 0.916437 0.0288022 0.0280436
0 0.919243 0.014288 0.0612807 0.0285631
0 0.585514 0.951655 0.0321543 0.0310311
0 0.830662 0.987576 0.0329625 0.0248272
0 0.0912086 0.255525 0.0325001 0.0313332
0 0.93749 0.342662 0.125021 0.253604
0 0.983012 0.723218 0.0235311 0.0231578
0 0.705806 0.843085 0.0268753 0.0265038
0 0.155224 0.0686337 0.0251646 0.0241244
0 0.640311 0.892164 0.0268555 0.02616
0 0.690131 0.787544 0.0254099 0.0240491
0 0.767261 0.181861 0.0251594 0.0246935
0 0.269442 0.0437321 0.0422435 0.0409112
0 0.717436 0.152619 0.0377216 0.0371372
0 0.336495 0.6404 0.0233127 0.0231728
0 0.717637 0.242362 0.0365689 0.0354498
0 0.697717 0.447561 0.0339187 0.0326545
0 0.99246 0.342203 0.0150793 0.082528
0 0.635708 0.802731 0.0243261 0.0234129
0 0.736032 0.438052 0.023077 0.0227391
0 0.285574 0.58037 0.023337 0.0231916
0 0.916423 0.412776 0.0598335 0.0563169
0 0.413084 0.162849 0.0325586 0.0315207
0 0.107055 0.862875 0.027326 0.0267741
0 0.838359 0.763248 0.0254853 0.0248504
0 0.574092 0.55752 0.0310822 0.0298162
0 0.242111 0.78214 0.0296695 0.0289903
0 0.796896 0.93316 0.023257 0.022943
0 0.855695 0.405751 0.0339665 0.0335361
0 0.888266 0.667633 0.0221045 0.0218096
0 0.99464 0.865506 0.0107193 0.0535406
0 0.483135 0.46565 0.0265302 0.0254696
0 0.286153 0.00970651 0.0223169 0.019413
0 0.490271 0.655479 0.0541447 0.0536137
0 0.452675 0.911625 0.0257516 0.0247453
0 0.458341 0.953302 0.0288534 0.027732
0 0.770558 0.990615 0.0297256 0.0187695
0 0.116261 0.805058 0.0237705 0.0231566
0 0.209584 0.029757 0.0285809 0.026964
0 0.507529 0.983825 0.053103 0.0321623
0 0.757011 0.911811 0.0267935 0.0262499
0 0.671221 0.21611 0.0308703 0.030594
0 0.466786 0.549652 0.0217785 0.0215845
0 0.351215 0.0205196 0.0303502 0.0287687
0 0.322828 0.76963 0.035431 0.0338299
0 0.799029 0.0688637 0.0430767 0.0427515
0 0.706473 0.761963 0.0247269 0.0241742
0 0.950645 0.654845 0.0297649 0.0289532
0 0.185636 0.00741004 0.0230109 0.0148117
0 0.745429 0.398032 0.0221678 0.0215606
0 0.922383 0.415739 0.0485518 0.0476896
0 0.859694 0.0743013 0.0842783 0.0830785
