0 0.128478 0.400968 0.0387067 0.0359985
0 0.183634 0.0950165 0.0418245 0.0396446
0 0.957277 0.217568 0.0678371 0.0634588
0 0.506985 0.237099 0.0315577 0.0303305
0 0.408081 0.337894 0.0277903 0.026498
0 0.0659952 0.0617529 0.027012 0.025907
0 0.0120318 0.947294 0.0240465 0.0611485
0 0.36467 0.67113 0.0314084 0.0286986
0 0.0546581 0.252424 0.0312146 0.0294
0 0.926658 0.183214 0.0338475 0.032662
0 0.783585 0.744138 0.0250603 0.0241966
0 0.805462 0.742362 0.0285332 0.0266611
0 0.460661 0.671954 0.0243277 0.0223126
0 0.358712 0.226532 0.0240389 0.0239029
0 0.990445 0.00845557 0.0191096 0.0168017
0 0.547009 0.770906 0.0231137 0.0218142
0 0.0529033 0.240797 0.0434558 0.0407204
0 0.844013 0.137916 0.042977 0.0402834
