0 0.171701 0.327049 0.0988961 0.0825741
0 0.11489 0.807053 0.0438788 0.0358848
0 0.321541 0.573437 0.0478395 0.0397785
0 0.776669 0.148808 0.0526075 0.0443802
0 0.459247 0.759237 0.0392282 0.0328529
0 0.0270543 0.950065 0.033998 0.0289333
0 0.842395 0.648213 0.0325366 0.0278306
0 0.826219 0.093066 0.046789 0.0383281
0 0.91213 0.701432 0.0430811 0.0366848
0 0.916558 0.738967 0.0419107 0.0357175
0 0.80274 0.212881 0.0321401 0.0257799
0 0.770236 0.23764 0.0301219 0.0244285
0 0.706846 0.924691 0.0320829 0.0273509
0 0.669783 0.342635 0.0668192 0.0549058
0 0.389552 0.593965 0.0290238 0.0240023
0 0.739292 0.249221 0.0358164 0.0293823
0 0.375741 0.79648 0.0399196 0.0327878
0 0.870798 0.007229 0.0367515 0.0144128
0 0.443623 0.0661132 0.0291524 0.0245967
0 0.51668 0.0588395 0.0302708 0.0260748
0 0.477888 0.714433 0.0366709 0.0310314
0 0.711196 0.0755779 0.0402025 0.0324848
0 0.451305 0.613561 0.0422754 0.0347048
0 0.508738 0.744213 0.0531329 0.0438894
0 0.162899 0.901209 0.0375257 0.0313828
0 0.246463 0.444515 0.0385037 0.0316725
0 0.291788 0.734559 0.0288097 0.0248885
0 0.558608 0.0610658 0.035321 0.0305481
0 0.0831522 0.668705 0.0272471 0.0222993
0 0.181209 0.490265 0.0354441 0.0298778
0 0.856717 0.743529 0.0260428 0.0226073
0 0.479032 0.929808 0.0648961 0.0550947
