0 0.692105 0.353317 0.243725 0.24306
0 0.738609 0.542376 0.149299 0.147512
0 0.398057 0.162751 0.163113 0.158125
0 0.0221689 0.35764 0.0443067 0.0539215
0 0.854097 0.687712 0.103843 0.0984437
0 0.0336601 0.709253 0.0407038 0.0394213
0 0.880362 0.601524 0.0439152 0.0432954
0 0.723375 0.754543 0.0390287 0.0387224
0 0.799021 0.952913 0.0911234 0.0887666
0 0.637142 0.548901 0.150578 0.143358
0 0.0729207 0.888282 0.0977579 0.0940603
0 0.51928 0.143707 0.031455 0.0309436
0 0.141567 0.116656 0.0298141 0.0293067
0 0.719685 0.798302 0.0370796 0.0366071
0 0.888228 0.874791 0.0537788 0.0532969
0 0.583694 0.369371 0.089272 0.0855329
0 0.957922 0.831111 0.0839375 0.182507
0 0.940729 0.585246 0.0393514 0.0386686
0 0.6439 0.901368 0.0330986 0.0325184
0 0.223596 0.984588 0.0294551 0.0289377
0 0.694829 0.0836361 0.0286809 0.0279835
0 0.629358 0.043588 0.0294585 0.0285094
0 0.426848 0.288692 0.0337593 0.0323777
0 0.971085 0.487376 0.0382305 0.037761
0 0.288774 0.0487522 0.0315986 0.030773
0 0.358908 0.235651 0.0363592 0.0352963
0 0.381589 0.262002 0.0383142 0.0373821
0 0.206071 0.694853 0.0306256 0.0302068
0 0.820983 0.318752 0.0311635 0.0306027
0 0.171829 0.537225 0.0531308 0.0509157
0 0.775203 0.903831 0.0347314 0.0340314
0 0.155593 0.651794 0.0297798 0.0288014
0 0.884378 0.465771 0.025503 0.025144
0 0.265925 0.565953 0.0241803 0.0236688
0 0.224507 0.548721 0.0276253 0.0274427
0 0.96544 0.975668 0.0691199 0.0486632
0 0.0844064 0.479279 0.0418182 0.0400999
0 0.204914 0.429305 0.16534 0.157325
0 0.979733 0.231034 0.0251 0.0250602
0 0.444443 0.930509 0.0344689 0.0335883
0 0.720204 0.920469 0.0361073 0.0352877
0 0.919613 0.159916 0.0245437 0.0241555
0 0.780789 0.868962 0.02754 0.027028
0 0.269757 0.0727142 0.0305656 0.0293046
0 0.177073 0.790865 0.184215 0.179194
0 0.85567 0.41363 0.0394975 0.0395064
0 0.203601 0.725722 0.0267845 0.0262858
0 0.709046 0.0760831 0.148922 0.144962
0 0.494087 0.488642 0.289693 0.278545
0 0.322267 0.641149 0.0296158 0.0294187
0 0.551083 0.00924649 0.0327783 0.018493
0 0.407104 0.521441 0.0243021 0.0237211
0 0.275737 0.702483 0.0246248 0.0247643
0 0.432234 0.121576 0.0225682 0.0221362
0 0.53978 0.660442 0.0306972 0.0298537
0 0.743874 0.878576 0.0256667 0.0247788
0 0.392879 0.294047 0.0294563 0.027703
0 0.869181 0.5509 0.0348715 0.0350995
0 0.361928 0.610077 0.0820933 0.0794936
0 0.346306 0.499539 0.0280324 0.0281004
0 0.297915 0.26395 0.0233847 0.02276
0 0.692189 0.212859 0.0238216 0.0232974
0 0.375253 0.086934 0.0453962 0.0441374
0 0.581819 0.906903 0.372522 0.184884
0 0.934317 0.527605 0.0235022 0.0233882
0 0.415933 0.854698 0.0239607 0.0234607
0 0.834143 0.887739 0.0396507 0.0391256
0 0.921504 0.780166 0.0231884 0.0229456
0 0.82188 0.374645 0.0626555 0.0611298
0 0.0861087 0.792724 0.0229824 0.022745
0 0.519855 0.32926 0.028699 0.0275821
0 0.493551 0.310862 0.0358937 0.0350924
0 0.240638 0.639914 0.0250682 0.0249016
0 0.181965 0.368295 0.0222701 0.0221457
0 0.110111 0.354967 0.0244009 0.0233583
0 0.802967 0.092657 0.0274299 0.0266241
0 0.817568 0.578572 0.0241224 0.0240133
0 0.867493 0.531605 0.0364766 0.0355148
0 0.458678 0.268637 0.075564 0.0717522
0 0.671222 0.605056 0.0253456 0.0250552
0 0.858468 0.281059 0.0242237 0.0239294
0 0.0684956 0.653962 0.0443776 0.0429921
0 0.107299 0.758677 0.0219591 0.0218723
0 0.574815 0.155514 0.455053 0.309287
