0 0.831299 0.604771 0.0517066 0.0502911
0 0.354796 0.272064 0.062539 0.0616765
0 0.157503 0.550356 0.0464643 0.0448557
0 0.358757 0.910371 0.0386175 0.0381459
0 0.813116 0.686023 0.0345817 0.0335836
0 0.452157 0.120996 0.038128 0.0377052
0 0.600767 0.965162 0.0752773 0.0696763
0 0.664707 0.524572 0.0285711 0.0278823
0 0.3253 0.811936 0.0388022 0.0381497
0 0.455283 0.937057 0.0253046 0.0251409
0 0.353622 0.0160919 0.0275881 0.0273586
0 0.564278 0.0174387 0.0246838 0.0243776
0 0.470479 0.612876 0.0407714 0.0400852
0 0.972092 0.0183456 0.0345261 0.0337286
0 0.583862 0.504589 0.0395906 0.0378912
0 0.384244 0.641447 0.0938989 0.0918353
0 0.773041 0.26381 0.025984 0.0253568
0 0.857587 0.663182 0.0649755 0.0624397
0 0.471604 0.068131 0.0270988 0.0268226
0 0.167868 0.881753 0.0260304 0.0252797
0 0.576553 0.752867 0.0263827 0.0255322
0 0.153181 0.466926 0.0273209 0.0271314
0 0.215782 0.692199 0.126253 0.119925
0 0.854864 0.946412 0.0601274 0.0581419
0 0.0602106 0.208611 0.0739627 0.0713004
0 0.0538075 0.498002 0.106717 0.120093
0 0.889191 0.20705 0.0504146 0.0494865
0 0.851041 0.991747 0.0244987 0.0165051
0 0.0501421 0.457536 0.0419206 0.0414538
0 0.920687 0.758348 0.0256119 0.0247967
0 0.702897 0.714015 0.0444248 0.042906
0 0.323434 0.9688 0.0267923 0.0261623
0 0.935151 0.681732 0.101895 0.0983281
0 0.80538 0.76763 0.0403128 0.0386262
0 0.489449 0.270723 0.0253648 0.0245128
0 0.0984147 0.989995 0.0249448 0.0200095
0 0.303217 0.601383 0.0827139 0.0802853
0 0.993844 0.032883 0.0123117 0.0425024
0 0.391032 0.189482 0.0524903 0.0515933
0 0.240061 0.168982 0.0269367 0.025915
0 0.435282 0.0893619 0.0572397 0.056323
0 0.299632 0.762661 0.0682948 0.0669943
0 0.470137 0.46561 0.0242641 0.0237723
