0 0.126537 0.583649 0.138123 0.126689
0 0.269261 0.978489 0.0525028 0.0429468
0 0.19671 0.655246 0.0766264 0.0693617
0 0.165814 0.375388 0.0518984 0.046839
0 0.0821229 0.410707 0.0312237 0.0281095
0 0.266981 0.561125 0.236646 0.21853
0 0.0687417 0.658431 0.0532332 0.0483632
0 0.196528 0.709716 0.0434062 0.0392747
0 0.880051 0.809514 0.0341806 0.0301425
0 0.637819 0.623148 0.0338292 0.0310321
0 0.419845 0.0860406 0.05001 0.0478824
0 0.859642 0.954387 0.0352049 0.0322804
0 0.88946 0.0228588 0.0388528 0.0335716
0 0.851353 0.76031 0.0294362 0.0259725
0 0.641849 0.703856 0.0386461 0.0357793
0 0.315534 0.951632 0.0685641 0.0640944
0 0.0546733 0.451066 0.0566356 0.0521719
0 0.00845232 0.908924 0.0168777 0.0362709
0 0.0567109 0.570393 0.0250404 0.0228424
0 0.654172 0.656506 0.0362433 0.0329087
0 0.346211 0.16633 0.036989 0.0352857
0 0.611194 0.939831 0.0559718 0.0492201
0 0.946366 0.491672 0.0301579 0.0289104
0 0.126894 0.135939 0.253788 0.271878
0 0.57669 0.0612217 0.0440276 0.0406977
0 0.497851 0.0453316 0.0542978 0.0517803
0 0.445295 0.62504 0.134004 0.120766
0 0.75087 0.92086 0.0339603 0.0303969
0 0.20664 0.335978 0.0513712 0.0473742
0 0.392491 0.107267 0.0408533 0.0396846
0 0.902946 0.0925257 0.109032 0.100847
0 0.319692 0.35172 0.0258771 0.0247167
0 0.597895 0.626077 0.0366144 0.032864
0 0.778876 0.626562 0.0549181 0.050965
0 0.101123 0.454193 0.146523 0.125197
0 0.832767 0.877612 0.0311174 0.0283583
0 0.878188 0.344367 0.243623 0.266778
