0 0.0888274 0.237185 0.140283 0.113544
0 0.416355 0.858886 0.0812375 0.063201
0 0.950786 0.641684 0.0984272 0.173347
0 0.318845 0.405241 0.0525311 0.0411939
0 0.118954 0.80967 0.107414 0.0874359
0 0.204508 0.0135618 0.0566718 0.0271237
0 0.36332 0.742342 0.0453223 0.0348213
0 0.254596 0.364271 0.048861 0.0381942
0 0.803364 0.97042 0.0384768 0.0301936
0 0.506413 0.331842 0.0395799 0.0314949
0 0.658835 0.59037 0.0459556 0.0358002
0 0.832141 0.836009 0.0407803 0.0316953
0 0.980668 0.269621 0.0386641 0.0501901
0 0.211428 0.609948 0.0453158 0.0350403
0 0.739816 0.0756962 0.0436968 0.0362698
0 0.252947 0.73337 0.0375054 0.0288472
0 0.490406 0.919679 0.0792208 0.0591515
0 0.597909 0.975338 0.0453222 0.0345457
0 0.452027 0.275357 0.0390255 0.031131
0 0.311403 0.122798 0.0348486 0.0269394
0 0.436019 0.758226 0.0600285 0.045773
0 0.659035 0.916163 0.0439752 0.0344669
0 0.494178 0.871157 0.0545371 0.04165
0 0.983961 0.941934 0.0305926 0.0250968
0 0.976637 0.245996 0.0359238 0.0290319
0 0.5167 0.369487 0.0491242 0.0382078
0 0.17276 0.51496 0.0346096 0.0264065
0 0.83076 0.705801 0.032348 0.0252987
0 0.964951 0.207603 0.030548 0.0253507
0 0.864866 0.349909 0.0365329 0.0296204
0 0.360874 0.546253 0.0304753 0.0242209
0 0.717209 0.42844 0.0347733 0.0267594
0 0.564515 0.447024 0.0303683 0.0241873
0 0.0320141 0.730049 0.0353607 0.0279395
0 0.546928 0.566656 0.0306242 0.024588
0 0.903016 0.318604 0.0381978 0.0324504
0 0.00597464 0.537882 0.0119493 0.0282574
0 0.588337 0.677328 0.0295842 0.0236824
0 0.051069 0.564225 0.029779 0.0238204
0 0.740054 0.851952 0.0408602 0.0326853
0 0.331985 0.638174 0.029954 0.023863
0 0.430151 0.45405 0.0303336 0.02388
0 0.0964172 0.897215 0.0304882 0.0245197
0 0.514161 0.84072 0.039343 0.0315646
0 0.496786 0.386092 0.0325531 0.0261654
0 0.359075 0.416139 0.0299354 0.0237257
0 0.771987 0.437789 0.0280991 0.0225377
0 0.498412 0.22898 0.0272397 0.0223832
0 0.589845 0.393246 0.0288024 0.0225333
0 0.647271 0.0701629 0.0282423 0.0228217
0 0.00478098 0.908784 0.00956195 0.0348333
0 0.739004 0.405847 0.0283659 0.0227183
0 0.78724 0.932629 0.0697419 0.0557811
0 0.380732 0.463482 0.0293085 0.0232251
0 0.46239 0.713708 0.0297561 0.0231972
0 0.178026 0.333836 0.0636725 0.0518903
0 0.279471 0.632859 0.0388216 0.0319016
0 0.715292 0.591288 0.0329627 0.026309
0 0.934328 0.95917 0.0449622 0.0351974
0 0.707534 0.989786 0.0288568 0.0204276
0 0.301922 0.638459 0.0399518 0.0320055
0 0.345111 0.945747 0.0397164 0.0306134
0 0.832249 0.32516 0.0316048 0.0254402
0 0.774074 0.0767637 0.0264892 0.0224267
0 0.45339 0.791956 0.0272982 0.0220488
0 0.636793 0.507416 0.0275761 0.0225492
0 0.647032 0.324142 0.0343262 0.0270927
0 0.736106 0.299196 0.0275066 0.0223293
0 0.384813 0.24317 0.0358165 0.0295439
0 0.192547 0.631191 0.0320312 0.0255911
0 0.639986 0.418305 0.0384808 0.0302134
0 0.296892 0.757919 0.103844 0.0855153
0 0.359115 0.769136 0.0290287 0.0229363
