0 0.532592 0.489537 0.180964 0.178416
0 0.778294 0.318526 0.0935899 0.09129
0 0.11392 0.918654 0.0529365 0.0518772
0 0.018619 0.548089 0.0372293 0.0486353
0 0.979055 0.186538 0.0416307 0.056424
0 0.302357 0.155219 0.0614653 0.0604681
0 0.725014 0.563614 0.0403914 0.0396786
0 0.104425 0.357083 0.063716 0.0629786
0 0.469126 0.915089 0.198019 0.169822
0 0.0356257 0.961847 0.0378986 0.0379322
0 0.262679 0.465414 0.0353539 0.0348352
0 0.923389 0.499195 0.0378025 0.0373209
0 0.836696 0.548646 0.0490371 0.0480883
0 0.821819 0.477752 0.0377849 0.0376059
0 0.0261595 0.826729 0.0367923 0.036482
0 0.217342 0.902176 0.0419098 0.0411431
0 0.288363 0.765946 0.0419094 0.0412829
0 0.484665 0.729954 0.046896 0.0457425
0 0.851734 0.351979 0.0401232 0.0395737
0 0.913281 0.316445 0.0312913 0.0309103
0 0.15209 0.903998 0.0382094 0.0380061
0 0.950662 0.615135 0.0349395 0.034513
0 0.195632 0.869992 0.0526793 0.0512984
0 0.473798 0.126232 0.0297642 0.0296931
0 0.308505 0.679065 0.0323495 0.0322046
0 0.218469 0.351769 0.0742141 0.0732928
0 0.156157 0.379471 0.0385828 0.0379625
0 0.711186 0.910011 0.0334431 0.0327404
0 0.2061 0.423726 0.0300698 0.0295199
0 0.353364 0.894204 0.0342588 0.0335642
0 0.629514 0.403243 0.0358477 0.0351892
0 0.371783 0.0506034 0.36891 0.101207
0 0.209573 0.614209 0.0256921 0.0254729
0 0.503125 0.793849 0.0469832 0.0462334
0 0.0856978 0.303016 0.0280163 0.0272831
0 0.43941 0.807205 0.0272296 0.0267999
0 0.176939 0.797686 0.0248955 0.0251816
0 0.729354 0.382625 0.0253124 0.0245166
0 0.466799 0.398689 0.491539 0.511394
0 0.618083 0.299333 0.0492259 0.0488926
0 0.739064 0.520784 0.0383304 0.0375462
0 0.203972 0.790708 0.0345758 0.0346919
0 0.525141 0.607242 0.0423617 0.0413752
0 0.300164 0.867026 0.151133 0.153444
0 0.438377 0.739495 0.0425184 0.0415199
0 0.625471 0.533131 0.0255814 0.0251067
0 0.184988 0.46425 0.0316074 0.0303224
0 0.0315236 0.860649 0.0387449 0.0383286
0 0.278866 0.793037 0.0249774 0.0250231
0 0.829441 0.167958 0.341118 0.334758
0 0.229128 0.821594 0.02471 0.0247965
0 0.180203 0.734945 0.0246652 0.0246716
0 0.328442 0.982062 0.0412685 0.0354517
0 0.585781 0.329248 0.0504975 0.0499783
0 0.358709 0.95614 0.0291206 0.0283098
0 0.192731 0.984771 0.0351573 0.0303086
0 0.821773 0.381746 0.0385284 0.0379506
0 0.24818 0.985968 0.025475 0.0247326
0 0.249857 0.863791 0.0383343 0.0377568
0 0.398756 0.840567 0.0329475 0.0319729
0 0.0835867 0.537231 0.0236452 0.0234122
0 0.593596 0.0864748 0.203781 0.17295
0 0.0397722 0.752897 0.0440059 0.0432148
0 0.600316 0.570716 0.0500134 0.0486561
0 0.191955 0.584692 0.0340005 0.0326617
0 0.219365 0.561952 0.0252565 0.0248658
0 0.799262 0.531513 0.0681125 0.0668815
0 0.929587 0.701479 0.0955741 0.0946629
0 0.37801 0.991577 0.0342303 0.0168455
0 0.779793 0.827371 0.436092 0.343138
0 0.650552 0.0404679 0.022749 0.02279
0 0.202678 0.111505 0.0473505 0.0466953
0 0.485906 0.859152 0.0320333 0.0315626
0 0.833525 0.642052 0.0260821 0.0257285
0 0.274457 0.845228 0.0238328 0.0236391
0 0.798689 0.361725 0.0251639 0.0249667
0 0.880863 0.556201 0.0271547 0.0264821
0 0.491537 0.681598 0.024568 0.0241866
0 0.985785 0.526583 0.0217452 0.0218005
0 0.186463 0.928844 0.0406221 0.0396094
0 0.847289 0.00819 0.0376439 0.0163493
0 0.506559 0.657735 0.0262507 0.0260571
0 0.934479 0.430728 0.0220931 0.0218551
0 0.6758 0.584354 0.0547848 0.0550702
0 0.229392 0.0584745 0.0234662 0.0227381
0 0.717348 0.496471 0.042617 0.0421325
0 0.0418284 0.292825 0.0354201 0.0347718
0 0.19325 0.121617 0.0406379 0.0403882
0 0.0376952 0.424796 0.0753904 0.275787
0 0.65262 0.991546 0.042738 0.0169087
0 0.404774 0.0959385 0.0373735 0.0368291
