0 0.294459 0.403418 0.120515 0.105866
0 0.888512 0.798595 0.126114 0.109085
0 0.0343969 0.131206 0.0687475 0.0851299
0 0.858243 0.610304 0.0802087 0.0691714
0 0.295123 0.033594 0.0752653 0.0651891
0 0.532116 0.220116 0.0481343 0.0417521
0 0.64936 0.883681 0.0404305 0.0353715
0 0.764401 0.574817 0.0565259 0.0494727
0 0.824478 0.349568 0.0726481 0.0643221
0 0.842329 0.249879 0.0477551 0.043261
0 0.844314 0.148441 0.0617728 0.0552086
0 0.718573 0.510283 0.0433051 0.0366401
0 0.887326 0.325732 0.108022 0.0946804
0 0.68732 0.874733 0.0291967 0.025707
0 0.719164 0.654135 0.0396857 0.0339797
0 0.60716 0.445559 0.0511475 0.0432353
0 0.632215 0.323196 0.0921915 0.0812425
0 0.508317 0.801742 0.0305188 0.0271546
0 0.393404 0.916974 0.0319969 0.0287644
0 0.956122 0.765994 0.0877366 0.0913104
0 0.227596 0.46419 0.0297851 0.0268273
0 0.928536 0.975327 0.0414921 0.0372154
0 0.854859 0.392797 0.0505085 0.0440766
0 0.123239 0.876847 0.24436 0.245413
0 0.0210798 0.34694 0.0421596 0.15668
0 0.960066 0.100931 0.0798682 0.201862
0 0.648536 0.883392 0.361369 0.231573
0 0.569135 0.877976 0.0263883 0.0237058
0 0.95997 0.366125 0.0405796 0.0357085
0 0.392616 0.138504 0.079771 0.0699639
0 0.481223 0.239329 0.0270287 0.0244733
0 0.452085 0.780658 0.0255593 0.0238521
0 0.629926 0.096577 0.485428 0.192855
0 0.408806 0.503342 0.0334001 0.0287992
0 0.939598 0.626482 0.0337608 0.0266215
0 0.621703 0.991861 0.0269821 0.0161975
0 0.935405 0.199349 0.0352485 0.0311911
0 0.803618 0.30126 0.0395148 0.0347484
0 0.917237 0.894575 0.0349569 0.0297123
0 0.934593 0.668981 0.05747 0.0470087
0 0.718105 0.419074 0.102987 0.0900334
0 0.877861 0.47477 0.070101 0.0600105
0 0.61287 0.718477 0.0279915 0.0248092
0 0.318522 0.675338 0.0450262 0.0399818
0 0.27012 0.859208 0.0683204 0.064697
0 0.931588 0.270889 0.0542648 0.0479882
0 0.201751 0.0710485 0.0261706 0.0223827
0 0.813301 0.271257 0.0394273 0.035239
0 0.682925 0.613144 0.0292562 0.0245107
0 0.45988 0.795712 0.0253414 0.022563
0 0.60225 0.0366978 0.0254791 0.0222234
0 0.954477 0.702807 0.0451587 0.0367074
0 0.654183 0.724458 0.0526581 0.0457597
0 0.554873 0.475306 0.0446024 0.0379434
0 0.326814 0.239818 0.0289494 0.0267384
0 0.0685375 0.177107 0.0602867 0.0532122
0 0.360248 0.800495 0.0616407 0.0570385
