0 0.506988 0.0184164 0.0539738 0.0368328
0 0.128052 0.707912 0.0567923 0.0466166
0 0.959818 0.906289 0.0556004 0.0460003
0 0.180253 0.378406 0.0534861 0.045382
0 0.220161 0.300054 0.05175 0.0411437
0 0.145023 0.120351 0.0405143 0.033202
0 0.553936 0.0625673 0.0352551 0.0312887
0 0.123159 0.314538 0.0451698 0.0370327
0 0.229833 0.107958 0.0362625 0.0292954
0 0.643224 0.00721447 0.0317528 0.0144289
0 0.36563 0.125645 0.0319656 0.0269779
0 0.180066 0.495562 0.0408947 0.0320822
0 0.0111797 0.844549 0.0223594 0.0249987
0 0.375286 0.275245 0.0327216 0.0267959
0 0.619315 0.364178 0.0273052 0.0238888
0 0.227315 0.332599 0.0348912 0.0290333
0 0.0931899 0.618599 0.0365332 0.0289557
0 0.319859 0.665304 0.034766 0.0286717
0 0.871576 0.926664 0.0275467 0.0236333
0 0.113421 0.340618 0.033933 0.0286618
0 0.0262328 0.869539 0.0367123 0.0311196
0 0.548386 0.216299 0.026742 0.0243645
0 0.620992 0.131801 0.0387266 0.034282
0 0.47932 0.667737 0.0265177 0.0230565
0 0.673775 0.90702 0.0513434 0.0414998
0 0.86216 0.636214 0.058922 0.0479691
0 0.701449 0.417298 0.0356147 0.0291774
0 0.812506 0.288447 0.0439416 0.0373615
0 0.315439 0.0315288 0.0263257 0.0226265
