0 0.0651508 0.454846 0.130302 0.16372
0 0.442398 0.783882 0.117902 0.0966402
0 0.646768 0.37762 0.0528946 0.0419375
0 0.939453 0.393709 0.0975797 0.0785279
0 0.856901 0.228053 0.0724367 0.0579303
0 0.389562 0.156922 0.335167 0.24871
0 0.046333 0.560791 0.0922472 0.0950648
0 0.377256 0.753381 0.0899531 0.0727348
0 0.931141 0.617308 0.0535541 0.0439954
0 0.478455 0.0187208 0.0622384 0.0372817
0 0.490226 0.478927 0.0370195 0.0299711
0 0.825179 0.861587 0.0572252 0.0478764
0 0.623287 0.158962 0.106583 0.0859624
0 0.479062 0.0473716 0.0343668 0.0264482
0 0.777454 0.528454 0.0569532 0.0459554
0 0.976297 0.848296 0.0356052 0.0293964
0 0.473548 0.898466 0.0404989 0.0335118
0 0.0173666 0.126144 0.0346693 0.0338748
0 0.116099 0.611458 0.0605344 0.0503271
0 0.330198 0.591858 0.040661 0.0334374
0 0.420673 0.68174 0.0418521 0.0345943
0 0.987095 0.4254 0.0258103 0.0888436
0 0.183648 0.896896 0.168355 0.139904
0 0.53672 0.0721862 0.0792032 0.0591856
0 0.623232 0.0671118 0.0791265 0.0592751
0 0.937498 0.661583 0.0669899 0.0555752
0 0.769624 0.145663 0.044194 0.0346444
0 0.964759 0.665789 0.033954 0.0277162
0 0.470839 0.382948 0.110514 0.0874923
0 0.594419 0.122164 0.0681269 0.0533671
0 0.544833 0.35245 0.0483775 0.0381964
0 0.346113 0.897151 0.0280508 0.0239825
0 0.56886 0.195967 0.0475703 0.03676
0 0.56585 0.423086 0.0402541 0.0326893
0 0.328429 0.64611 0.0589901 0.0479428
0 0.969719 0.589426 0.0605619 0.0663696
0 0.714796 0.754429 0.0555227 0.0448046
0 0.336934 0.635902 0.0767609 0.0611298
0 0.773351 0.709699 0.0541082 0.0435081
0 0.373341 0.284626 0.0279517 0.0231351
0 0.592498 0.458409 0.0510215 0.0412477
0 0.566103 0.24664 0.0264039 0.0217375
0 0.875586 0.58617 0.0534594 0.04474
0 0.913615 0.908019 0.0267837 0.022119
0 0.890929 0.887973 0.0385609 0.0306506
0 0.931006 0.274145 0.0912622 0.0702052
0 0.329872 0.697819 0.0277137 0.0223497
0 0.601297 0.868196 0.123967 0.103795
0 0.78056 0.911401 0.285934 0.177198
0 0.848708 0.928372 0.0271158 0.0221262
0 0.563599 0.943771 0.043177 0.0360939
0 0.508215 0.991606 0.0553079 0.0167886
0 0.579586 0.0229778 0.230764 0.0459556
0 0.858213 0.772158 0.0315655 0.0247295
0 0.698274 0.91014 0.0265532 0.0223174
0 0.0953546 0.260015 0.030287 0.0260922
0 0.857683 0.41474 0.140154 0.112689
0 0.171992 0.660253 0.0409303 0.0345582
0 0.710515 0.161008 0.042246 0.032701
0 0.762749 0.779989 0.0421603 0.0354259
0 0.989659 0.701629 0.0203397 0.0261181
0 0.143119 0.713502 0.0269565 0.0236483
