0 0.339513 0.0425592 0.0911016 0.0838851
0 0.946797 0.310142 0.0729386 0.069736
0 0.109647 0.145184 0.0694766 0.0666579
0 0.612335 0.173159 0.0479063 0.0456101
0 0.48889 0.256236 0.0613397 0.0559893
0 0.281054 0.184907 0.0554987 0.0526189
0 0.828687 0.965733 0.0693622 0.0624619
0 0.152992 0.645754 0.0698354 0.0669897
0 0.489531 0.0392885 0.0447601 0.0426657
0 0.96325 0.111409 0.0309037 0.0302987
0 0.400803 0.695528 0.041258 0.0369945
0 0.81899 0.158964 0.0312925 0.0306353
0 0.891784 0.383076 0.0332281 0.0324857
0 0.169854 0.857188 0.045305 0.044087
0 0.0523419 0.261552 0.0396995 0.0388905
0 0.359516 0.324654 0.0319784 0.0292029
0 0.929587 0.0559691 0.026672 0.0257426
0 0.532638 0.279588 0.0408251 0.0383133
0 0.0820554 0.410713 0.0334222 0.0321699
0 0.255452 0.556039 0.0304404 0.0284269
0 0.327925 0.258849 0.0400378 0.0376734
0 0.27204 0.908661 0.028597 0.0276335
0 0.665429 0.719371 0.0339656 0.0315752
0 0.560883 0.244803 0.049145 0.0456707
0 0.0482209 0.74006 0.0247803 0.0241678
0 0.0105406 0.764509 0.0210811 0.0235332
0 0.835505 0.900611 0.0458856 0.0445585
0 0.299117 0.380831 0.031247 0.0290538
0 0.84469 0.396401 0.0253733 0.0245638
0 0.573335 0.608795 0.0300892 0.0284356
0 0.857788 0.931344 0.0302899 0.0285525
0 0.526822 0.316059 0.0389884 0.0360259
0 0.28919 0.521282 0.0425196 0.0396113
0 0.418945 0.0724222 0.0575328 0.0546118
0 0.613725 0.955819 0.0336905 0.0306367
0 0.963317 0.582574 0.0361013 0.034505
0 0.559086 0.818849 0.0259579 0.0242062
0 0.566444 0.118737 0.0374572 0.0357701
0 0.396823 0.938029 0.0271735 0.0252651
0 0.831304 0.744749 0.0259327 0.0250556
0 0.913656 0.654401 0.0286114 0.0274231
0 0.683484 0.279788 0.029845 0.0280999
0 0.710784 0.868011 0.0250278 0.0237203
0 0.852688 0.676215 0.0289158 0.028027
0 0.0148541 0.369072 0.0283747 0.0274683
0 0.309256 0.591686 0.0281659 0.0258754
0 0.874002 0.624345 0.0248532 0.0236465
0 0.526557 0.615473 0.0300646 0.0285838
0 0.370434 0.0797381 0.0386059 0.0373521
0 0.835723 0.37923 0.0242476 0.02358
0 0.175025 0.728806 0.0256529 0.0250072
0 0.366223 0.538704 0.0264486 0.024402
0 0.906599 0.922048 0.0387835 0.036571
0 0.496331 0.399844 0.0341385 0.032784
0 0.391594 0.487674 0.032858 0.0302669
0 0.345396 0.173222 0.0291557 0.0279821
0 0.154617 0.709604 0.0271207 0.0259419
0 0.140533 0.805183 0.0240039 0.0232401
0 0.63499 0.367469 0.0340787 0.0323408
0 0.590366 0.967709 0.0554435 0.05163
0 0.325622 0.566285 0.0323292 0.0300056
0 0.705363 0.184354 0.0303955 0.0289828
0 0.606506 0.693593 0.0441315 0.0395555
0 0.38301 0.103386 0.0292313 0.0276313
0 0.959208 0.738918 0.0593431 0.0544277
0 0.702429 0.7464 0.0266204 0.0248594
0 0.8724 0.502455 0.0238578 0.0232938
0 0.411272 0.972799 0.0247675 0.0235472
0 0.943343 0.938714 0.0373541 0.0353437
0 0.14491 0.406536 0.0240154 0.023084
0 0.667314 0.37063 0.0284538 0.0274655
0 0.230738 0.757742 0.0239639 0.0235789
0 0.50362 0.2125 0.0282505 0.02662
0 0.519474 0.147886 0.0377798 0.0358828
0 0.33727 0.189491 0.0294245 0.0281609
0 0.61781 0.410648 0.0294328 0.0282493
0 0.232233 0.340137 0.0257965 0.0249951
0 0.230646 0.022491 0.0790098 0.0449809
0 0.339962 0.206133 0.0363526 0.033052
0 0.248232 0.419124 0.0299826 0.0284726
0 0.182409 0.0849779 0.0317253 0.0298625
0 0.3596 0.428095 0.0293494 0.0271254
0 0.27803 0.57317 0.0258471 0.0240641
0 0.044915 0.986359 0.0890612 0.0272431
0 0.973607 0.925849 0.0323766 0.0305335
0 0.453837 0.657743 0.0287554 0.0274267
0 0.530313 0.126238 0.0271085 0.0260912
0 0.498175 0.722305 0.0247428 0.023237
0 0.778892 0.737046 0.0265778 0.0257413
0 0.591546 0.374201 0.0329069 0.0314759
