0 0.974928 0.130909 0.0501431 0.103991
0 0.00719463 0.923565 0.0143893 0.0437357
0 0.562044 0.829642 0.0278224 0.0273014
0 0.0426141 0.784227 0.0253364 0.0246606
0 0.0318975 0.680509 0.0283891 0.0277018
0 0.0304033 0.708911 0.0348217 0.0338936
0 0.0243399 0.759585 0.0376465 0.0367446
0 0.415596 0.477779 0.0226371 0.0219457
0 0.525581 0.550167 0.0225844 0.0219462
0 0.356724 0.490988 0.0219314 0.0213742
0 0.012181 0.162754 0.0228983 0.0217376
0 0.0364638 0.826887 0.0227799 0.02192
0 0.0149428 0.836755 0.0268144 0.0254272
