0 0.968963 0.729131 0.0618593 0.0732317
0 0.563928 0.630643 0.205949 0.208119
0 0.469763 0.391683 0.0656048 0.0620736
0 0.45946 0.298128 0.118156 0.113627
0 0.822725 0.284451 0.0436784 0.0415292
0 0.290733 0.125405 0.0533823 0.0508061
0 0.704001 0.843041 0.0434855 0.0416591
0 0.757744 0.663232 0.0319591 0.0306458
0 0.062368 0.0540709 0.0722127 0.066497
0 0.027135 0.111371 0.0465699 0.0432163
0 0.194829 0.0538126 0.0574844 0.054881
0 0.759692 0.926182 0.0310478 0.0299234
0 0.107854 0.213328 0.045526 0.0431844
0 0.68426 0.987636 0.0298462 0.0247283
0 0.938031 0.893401 0.0391319 0.0371141
0 0.0556383 0.308822 0.0442761 0.0420253
0 0.889437 0.42007 0.0341956 0.0332394
0 0.345541 0.578253 0.029202 0.0290141
0 0.364906 0.589698 0.0376527 0.0370553
0 0.78256 0.494984 0.0339963 0.0325493
0 0.0728962 0.115559 0.0463773 0.0430633
0 0.145483 0.094865 0.0489183 0.0465289
0 0.0996899 0.63142 0.0361982 0.0338964
0 0.264543 0.790231 0.0301878 0.0292933
0 0.698448 0.704254 0.0267232 0.026228
0 0.720799 0.862856 0.0406586 0.0390919
0 0.0473156 0.0102623 0.036053 0.0204523
0 0.103831 0.503383 0.0354663 0.0342116
0 0.321648 0.418713 0.027469 0.026897
0 0.106012 0.668282 0.0345773 0.0322183
0 0.476107 0.992195 0.0270646 0.0156094
0 0.312577 0.64858 0.024242 0.0237243
0 0.448333 0.387475 0.0303536 0.0285563
0 0.163806 0.772433 0.0344707 0.033347
0 0.923272 0.410561 0.0291108 0.0281571
0 0.310739 0.382348 0.0268068 0.0261295
0 0.292674 0.462296 0.0252738 0.0250362
0 0.988583 0.300693 0.0227797 0.0613112
0 0.932691 0.296313 0.0268178 0.0259829
0 0.203846 0.046219 0.289821 0.092438
0 0.198493 0.247037 0.0261669 0.0250249
0 0.152571 0.333838 0.0277696 0.0271237
0 0.118984 0.707385 0.0257983 0.0243287
0 0.184412 0.129287 0.041259 0.0386871
0 0.650806 0.736305 0.0390972 0.03741
0 0.62138 0.0239423 0.0326197 0.0309238
0 0.147594 0.686877 0.032398 0.0308349
0 0.293289 0.431063 0.0271238 0.0268168
0 0.173119 0.744468 0.0258499 0.0243654
0 0.944828 0.86815 0.0264028 0.0252131
0 0.725721 0.202193 0.054882 0.0540827
0 0.596025 0.710558 0.0257518 0.0252419
0 0.507522 0.622248 0.0277224 0.0272717
0 0.769133 0.0721279 0.0265243 0.025246
0 0.45546 0.626417 0.0367729 0.0358362
0 0.254825 0.499886 0.0242016 0.0237175
0 0.98756 0.415339 0.0248178 0.0349866
0 0.180522 0.377978 0.0248957 0.0245005
0 0.203663 0.77273 0.0249622 0.0242164
0 0.406006 0.286696 0.0249123 0.0240718
0 0.966743 0.824911 0.0245292 0.0236254
0 0.882253 0.469364 0.0334823 0.0324941
0 0.0474823 0.484824 0.0236761 0.0228384
0 0.517262 0.510874 0.0245593 0.0239914
0 0.638904 0.73662 0.0545839 0.0517411
0 0.835693 0.873849 0.0247515 0.0242348
0 0.152008 0.668282 0.023308 0.0232916
0 0.165615 0.825964 0.0244755 0.0232516
0 0.0984153 0.0922565 0.0247873 0.0239616
0 0.766454 0.516025 0.0229383 0.0222027
0 0.0940257 0.259409 0.0466444 0.0433339
0 0.768028 0.697824 0.0226767 0.0217385
0 0.794016 0.270364 0.0249472 0.0243655
0 0.0606127 0.0922172 0.0339268 0.0313856
0 0.380742 0.220227 0.0928658 0.0866609
0 0.482776 0.142048 0.0284157 0.0280053
0 0.727103 0.475455 0.0232387 0.0228408
0 0.661418 0.0978468 0.0256474 0.0252004
0 0.640133 0.457381 0.127588 0.120981
0 0.0223603 0.834303 0.0227489 0.0223722
0 0.197075 0.548104 0.0286481 0.0268051
0 0.349297 0.0381348 0.0250295 0.0249093
0 0.844077 0.588118 0.0221462 0.0218646
0 0.0663207 0.146245 0.0369441 0.0343623
0 0.964787 0.338213 0.0295008 0.02826
