0 0.217502 0.687548 0.0770844 0.0615777
0 0.425914 0.159219 0.135062 0.108005
0 0.716377 0.25721 0.146401 0.112623
0 0.851987 0.683088 0.0438368 0.0342188
0 0.334262 0.371299 0.0538575 0.0423318
0 0.433872 0.990163 0.0363531 0.0196748
0 0.912027 0.232488 0.0634625 0.0475037
0 0.936532 0.713926 0.0404451 0.0329163
0 0.147704 0.901223 0.133853 0.110223
0 0.55092 0.360863 0.356812 0.257841
0 0.475834 0.540799 0.0505062 0.0405085
0 0.220837 0.0546626 0.441673 0.109325
0 0.934412 0.551332 0.0665848 0.0535522
0 0.829433 0.112475 0.0677859 0.0534873
0 0.942205 0.207854 0.0464409 0.0351423
0 0.166925 0.930604 0.0331263 0.026321
0 0.426515 0.0255786 0.0279099 0.0216506
0 0.763143 0.788423 0.0286307 0.0236228
0 0.122693 0.840125 0.110022 0.0921221
0 0.491367 0.921366 0.0280645 0.0229506
0 0.91606 0.750785 0.0379767 0.0305956
0 0.982413 0.780207 0.0347616 0.0383313
0 0.826585 0.282574 0.0402642 0.0309349
0 0.0735302 0.60203 0.0850119 0.0689468
0 0.555995 0.505139 0.0311644 0.0248951
0 0.804651 0.468681 0.0325901 0.0258806
0 0.669008 0.131267 0.0270159 0.0219967
0 0.932638 0.429428 0.0461886 0.0352134
0 0.660212 0.76205 0.569742 0.475365
