0 0.11704 0.860152 0.139358 0.117318
0 0.726126 0.796578 0.0679961 0.0577809
0 0.230741 0.642862 0.147618 0.125671
0 0.59038 0.0349719 0.139942 0.0697967
0 0.699991 0.476668 0.0481141 0.0407701
0 0.240929 0.111862 0.0394989 0.0336875
0 0.558004 0.27752 0.0435145 0.0358867
0 0.355015 0.879979 0.0305723 0.0260555
0 0.63018 0.704375 0.0472295 0.0401408
0 0.980183 0.137748 0.0328768 0.0266258
0 0.48478 0.391036 0.0267341 0.0240822
0 0.321728 0.65788 0.0406549 0.0339114
0 0.805604 0.317993 0.0284576 0.0252296
0 0.0712033 0.233557 0.0258783 0.02275
0 0.500861 0.13754 0.0452955 0.0377326
0 0.989074 0.633122 0.0217579 0.0294677
0 0.235417 0.546472 0.0286169 0.0247611
0 0.343175 0.751612 0.0314449 0.0262899
0 0.19642 0.656042 0.0839299 0.071847
