0 0.242882 0.502046 0.445725 0.421918
0 0.850199 0.880092 0.127158 0.122966
0 0.442218 0.845024 0.0347261 0.0343759
0 0.400007 0.0914014 0.0336087 0.0333173
0 0.268533 0.483884 0.0346212 0.0319151
0 0.729191 0.554977 0.0362697 0.0341365
0 0.662316 0.748547 0.0932698 0.0881405
0 0.958225 0.0212727 0.0302209 0.0289681
0 0.827996 0.0243823 0.0348635 0.0335245
0 0.632667 0.521185 0.0767562 0.0725567
0 0.784436 0.858779 0.0507512 0.0465662
0 0.69519 0.564383 0.0270019 0.0257542
0 0.104503 0.921113 0.208526 0.157401
0 0.400976 0.891938 0.023166 0.0233377
0 0.50254 0.676625 0.254829 0.24826
0 0.251278 0.725919 0.0375005 0.0351396
0 0.841163 0.983246 0.0788186 0.033236
0 0.052934 0.422982 0.036855 0.0352863
0 0.0743723 0.154388 0.0432056 0.0405721
0 0.72613 0.521881 0.0237202 0.0230335
0 0.51919 0.658001 0.0686406 0.0643262
0 0.68733 0.58983 0.0255103 0.0246232
0 0.0028243 0.403774 0.00564861 0.0330929
0 0.635249 0.960855 0.0225217 0.022322
0 0.856242 0.782508 0.0376815 0.0371975
0 0.133651 0.186748 0.0291978 0.0279975
0 0.541744 0.941447 0.0441618 0.0430169
0 0.680174 0.531953 0.0223962 0.0218027
0 0.623368 0.826871 0.027892 0.0272856
0 0.307324 0.139082 0.516209 0.276461
0 0.830428 0.812371 0.0261207 0.0248199
0 0.972599 0.89151 0.0546157 0.0670323
