0 0.527807 0.514378 0.28268 0.267398
0 0.329349 0.828676 0.14432 0.135508
0 0.907566 0.822683 0.183851 0.220147
0 0.854388 0.42495 0.0728626 0.0700402
0 0.0611006 0.0595906 0.122201 0.119181
0 0.235504 0.660643 0.470002 0.427061
0 0.227372 0.293728 0.0666022 0.0621494
0 0.381819 0.124343 0.0777681 0.0707176
0 0.45002 0.725518 0.0815311 0.0779004
0 0.38285 0.311666 0.0360027 0.0339168
0 0.0682381 0.181392 0.044741 0.0421905
0 0.324589 0.477675 0.0349424 0.0329432
0 0.691678 0.0613887 0.0462389 0.0446467
0 0.826143 0.632394 0.0536821 0.0545427
0 0.172436 0.149093 0.0520762 0.0474695
0 0.661508 0.0128623 0.0289986 0.025708
0 0.945974 0.087385 0.0556052 0.0540008
0 0.951654 0.262692 0.0608598 0.0602096
0 0.666724 0.0927363 0.0569811 0.0555997
0 0.586641 0.323803 0.0469184 0.0435331
0 0.36684 0.2841 0.0277787 0.0262513
0 0.658752 0.957901 0.0319006 0.0302853
0 0.577364 0.660686 0.0509884 0.0493045
0 0.819443 0.141046 0.0290535 0.028224
0 0.252691 0.442456 0.0744086 0.0690081
0 0.787853 0.40319 0.0349679 0.0328736
0 0.678709 0.327351 0.0274403 0.0260813
0 0.0387104 0.206981 0.030678 0.0289838
0 0.0533145 0.826726 0.0253517 0.0251154
0 0.0385524 0.992218 0.0257548 0.0155635
0 0.0151737 0.307836 0.0297745 0.0280066
0 0.483704 0.914316 0.0405779 0.0379866
0 0.65117 0.645879 0.025823 0.0254857
0 0.341159 0.12133 0.0253313 0.023643
0 0.471788 0.104405 0.0238427 0.0229397
0 0.0563471 0.940217 0.0259429 0.0262012
0 0.0853447 0.290386 0.0267152 0.025618
0 0.881502 0.283419 0.02785 0.0269727
0 0.87818 0.133633 0.243641 0.265028
0 0.13363 0.394836 0.0262148 0.0247036
0 0.480468 0.987054 0.0259508 0.0244157
0 0.144505 0.722174 0.0285852 0.026732
0 0.633865 0.84859 0.0239415 0.0232618
0 0.221535 0.630118 0.0264665 0.025661
0 0.554195 0.853086 0.0230501 0.0223812
0 0.397147 0.00717503 0.0322802 0.014325
0 0.689592 0.961832 0.0241695 0.0236047
0 0.922945 0.560247 0.153536 0.361553
0 0.291539 0.446769 0.0273839 0.0259779
0 0.905043 0.62963 0.0475004 0.0466437
0 0.719087 0.173903 0.0239663 0.0232155
0 0.282615 0.0271116 0.0271324 0.0249133
0 0.155627 0.954942 0.02547 0.0251999
0 0.14004 0.124471 0.0255017 0.0240325
0 0.0211773 0.932388 0.0420834 0.046164
0 0.130664 0.00649215 0.0259475 0.0129703
0 0.38087 0.417497 0.0243973 0.0239853
0 0.676261 0.272338 0.0309793 0.0295181
0 0.948366 0.986746 0.0365425 0.0265088
0 0.399465 0.637809 0.163806 0.149913
0 0.011253 0.744418 0.0223959 0.0237366
0 0.920401 0.32945 0.0285507 0.0286276
0 0.0221951 0.84347 0.0325719 0.0313976
