0 0.817012 0.877369 0.0662565 0.0633569
0 0.263116 0.61093 0.0396372 0.0384586
0 0.799566 0.617549 0.0347128 0.0330325
0 0.787407 0.378652 0.0359757 0.0345868
0 0.0258935 0.227412 0.03158 0.0307339
0 0.149654 0.267164 0.0350303 0.0340359
0 0.717072 0.812775 0.0285952 0.0281493
0 0.30693 0.117672 0.041671 0.0398305
0 0.88621 0.00894342 0.0400617 0.0178271
0 0.495873 0.308166 0.029936 0.028765
0 0.907118 0.496684 0.0320818 0.0304225
0 0.188429 0.380242 0.0401024 0.0381752
0 0.752898 0.913584 0.0255419 0.0245015
0 0.306386 0.183356 0.0323359 0.0311397
0 0.373246 0.0507275 0.0413427 0.0392864
0 0.571691 0.948312 0.0260084 0.0256243
0 0.443071 0.549535 0.0253681 0.0243611
0 0.50021 0.910715 0.0316274 0.0309546
0 0.728651 0.338206 0.0250765 0.0240166
0 0.852101 0.407296 0.0245178 0.0235665
0 0.384453 0.312486 0.0240354 0.0231169
0 0.750096 0.187288 0.0288408 0.0274245
0 0.670889 0.0115552 0.0254419 0.023012
0 0.15463 0.619926 0.0254958 0.0244956
0 0.335537 0.956219 0.0239648 0.023128
0 0.707363 0.874241 0.0232461 0.0225983
0 0.137245 0.418947 0.0243542 0.0233603
0 0.200403 0.00668572 0.0250648 0.0133599
0 0.817078 0.154932 0.0240636 0.0231209
0 0.109833 0.656087 0.0232323 0.0226088
0 0.427262 0.502933 0.0235811 0.0225906
0 0.202344 0.541305 0.0240775 0.0230402
0 0.0524956 0.0899229 0.0260957 0.0253288
0 0.933429 0.318385 0.0242701 0.0227578
0 0.153004 0.365526 0.0289636 0.0277389
0 0.467584 0.231306 0.0234524 0.0224193
0 0.707041 0.224529 0.0267744 0.0254262
0 0.106838 0.768047 0.0233061 0.0224019
0 0.97823 0.414445 0.0228501 0.0220131
0 0.31845 0.834189 0.0229043 0.0223641
0 0.45881 0.275291 0.0291585 0.0282561
0 0.90716 0.971084 0.0232975 0.0225067
0 0.534861 0.887871 0.0234571 0.0230453
0 0.199937 0.698097 0.0235252 0.0229042
0 0.842084 0.0297403 0.0251532 0.0237816
