0 0.242201 0.209304 0.0799597 0.0779759
0 0.561825 0.576662 0.0648215 0.063401
0 0.425657 0.806068 0.0415747 0.0409205
0 0.147448 0.146204 0.0731266 0.0712631
0 0.220061 0.269458 0.0518288 0.0505328
0 0.628528 0.161686 0.0342178 0.0329239
0 0.472215 0.335567 0.0301977 0.0300194
0 0.409846 0.912695 0.03058 0.0302252
0 0.328941 0.270479 0.0342069 0.0335523
0 0.175633 0.555751 0.0365126 0.0354311
0 0.182644 0.301625 0.0385499 0.0372661
0 0.6251 0.311548 0.0307213 0.030297
0 0.166145 0.674402 0.0299443 0.0291133
0 0.219437 0.416118 0.0307344 0.029343
0 0.950366 0.793954 0.0261653 0.0253538
0 0.0389435 0.346217 0.0314329 0.0305802
0 0.478338 0.44818 0.0259285 0.0251853
0 0.214465 0.350595 0.0303126 0.0295203
0 0.569018 0.715614 0.0371168 0.0356681
0 0.297404 0.149266 0.0247775 0.0245045
0 0.46918 0.190141 0.0330472 0.0325602
0 0.868432 0.7896 0.0245873 0.0241671
0 0.897444 0.854701 0.0247862 0.0239059
0 0.763514 0.130711 0.0248458 0.0242305
0 0.610451 0.297854 0.0346107 0.0342294
0 0.0955754 0.216473 0.0275864 0.0269405
0 0.79657 0.322703 0.0241226 0.0232623
0 0.76571 0.0922605 0.31035 0.184521
0 0.34362 0.634834 0.0284948 0.0273039
0 0.0941884 0.431308 0.0233913 0.0225147
0 0.142057 0.466833 0.0344945 0.0331564
0 0.667378 0.934668 0.0297928 0.0288754
0 0.993265 0.154771 0.0134706 0.0254802
0 0.944893 0.538614 0.0268673 0.0253202
0 0.824024 0.480526 0.0244819 0.0239738
0 0.208524 0.521194 0.0242806 0.0238051
0 0.963574 0.00536114 0.0269945 0.0106568
0 0.605682 0.710766 0.0417893 0.0420738
0 0.985829 0.467743 0.0225616 0.0221245
0 0.951082 0.49426 0.0233324 0.0225193
0 0.0413989 0.298045 0.0254434 0.0253655
0 0.938413 0.499931 0.028032 0.0274498
0 0.288483 0.570164 0.0230997 0.0222683
0 0.0540477 0.413545 0.022699 0.0218751
0 0.246148 0.725076 0.0227731 0.0223486
0 0.574103 0.442391 0.0216102 0.0215278
