0 0.946079 0.982473 0.0418702 0.0350141
0 0.0168209 0.77395 0.0334742 0.0329494
0 0.61439 0.472404 0.0273767 0.0265324
0 0.37146 0.345572 0.0266165 0.0256183
0 0.0951207 0.88001 0.0268394 0.0259418
0 0.671652 0.35849 0.0402296 0.0379132
0 0.370573 0.217789 0.0318801 0.0296
0 0.126875 0.484947 0.0295441 0.0282642
0 0.00864433 0.131568 0.017262 0.0418096
0 0.0126812 0.871374 0.0243089 0.0236187
0 0.979553 0.964328 0.0303934 0.029099
0 0.115863 0.501568 0.0246327 0.0241024
0 0.760895 0.20065 0.0262701 0.025245
0 0.00307323 0.173919 0.00614647 0.0257521
0 0.776588 0.184717 0.0236311 0.0229843
0 0.991853 0.94742 0.0162408 0.0285277
0 0.144256 0.470441 0.0238075 0.0233279
0 0.702986 0.584072 0.0238487 0.0228698
0 0.397124 0.221104 0.0273242 0.0259198
0 0.419095 0.146241 0.0239673 0.0230696
0 0.394018 0.245188 0.0310405 0.0294562
