0 0.147193 0.729779 0.0416067 0.032672
0 0.258711 0.584492 0.0331608 0.0253395
0 0.468248 0.939316 0.0304415 0.0244337
0 0.499079 0.433867 0.033781 0.0255356
0 0.657112 0.440383 0.0277414 0.0226213
0 0.208872 0.628119 0.0281043 0.0225652
0 0.508358 0.444976 0.0281339 0.0212996
0 0.660018 0.657308 0.0261908 0.0220847
0 0.145152 0.428353 0.0278671 0.0221179
0 0.546815 0.364431 0.0269089 0.0218931
0 0.249384 0.454278 0.028705 0.0222892
0 0.504937 0.731602 0.0261466 0.0220671
0 0.240407 0.648038 0.0266931 0.0215392
