0 0.733728 0.495277 0.182662 0.132445
0 0.957026 0.441545 0.0858749 0.129993
0 0.669477 0.604837 0.085119 0.0612187
0 0.876682 0.224041 0.101755 0.0796241
0 0.0265294 0.245468 0.0529522 0.049593
0 0.403981 0.965356 0.0904854 0.0685406
0 0.876608 0.470183 0.0637935 0.0477643
0 0.931237 0.593538 0.053123 0.0416968
0 0.760708 0.770009 0.0497029 0.0377771
0 0.161645 0.616333 0.0747012 0.0614545
0 0.0970315 0.884756 0.0431905 0.0332487
0 0.835098 0.733741 0.0394404 0.0300078
0 0.0790369 0.260507 0.0379202 0.0292686
0 0.890583 0.698735 0.039045 0.0293214
0 0.727984 0.721181 0.0387915 0.0296716
0 0.395399 0.288116 0.0440055 0.0326526
0 0.111634 0.854109 0.0465775 0.0359683
0 0.35571 0.0621289 0.0519815 0.0381965
0 0.122581 0.20614 0.0434212 0.032781
0 0.702141 0.867512 0.278095 0.206609
0 0.154199 0.727034 0.070127 0.0541239
0 0.589568 0.756586 0.0367228 0.0280355
0 0.0342211 0.584483 0.0440096 0.0338169
0 0.676322 0.852432 0.0350825 0.0261106
0 0.114404 0.810568 0.0314515 0.0240542
0 0.931441 0.969274 0.0309099 0.024507
0 0.877449 0.844811 0.0604963 0.0487273
0 0.10329 0.322323 0.0712792 0.0537554
0 0.710393 0.642604 0.0382716 0.0292907
0 0.895744 0.28548 0.0855754 0.0680419
0 0.11796 0.68979 0.0537535 0.0420117
0 0.0885039 0.650888 0.0835176 0.0635965
0 0.0085067 0.562501 0.0170134 0.0737066
0 0.674818 0.327232 0.0306141 0.0231
0 0.364262 0.818865 0.117069 0.0897045
0 0.791429 0.666875 0.0304569 0.0228249
0 0.0964941 0.152012 0.192988 0.182632
0 0.216508 0.902494 0.0524704 0.0413656
0 0.835713 0.340461 0.0296247 0.0229261
0 0.909631 0.746578 0.0296371 0.0238976
0 0.864098 0.512303 0.030792 0.0242448
0 0.975234 0.0291521 0.0495312 0.0565202
0 0.413188 0.912352 0.0454837 0.0348167
0 0.804701 0.951341 0.0343163 0.0265591
0 0.670782 0.0750722 0.0316291 0.0236723
0 0.901956 0.634043 0.027575 0.0216782
0 0.253389 0.0636702 0.132749 0.0977898
