0 0.456903 0.421351 0.103176 0.0816021
0 0.939712 0.426227 0.0890058 0.0707219
0 0.384933 0.3673 0.115769 0.091167
0 0.788556 0.612861 0.167542 0.124103
0 0.585859 0.189837 0.0588673 0.0460683
0 0.19036 0.45398 0.129589 0.106828
0 0.856258 0.187462 0.0457203 0.0360733
0 0.237416 0.690944 0.0824847 0.0656445
0 0.933618 0.300217 0.0452078 0.0345114
0 0.554708 0.458623 0.0482521 0.0378981
0 0.885184 0.906087 0.0639586 0.0492356
0 0.207553 0.406087 0.0440643 0.035066
0 0.914169 0.953336 0.046077 0.034761
0 0.89211 0.814262 0.0792419 0.0612791
0 0.903227 0.71076 0.0325785 0.0253906
0 0.679424 0.232915 0.0328156 0.0250191
0 0.877712 0.777959 0.033358 0.0250595
0 0.931297 0.103984 0.0360691 0.0280999
0 0.621411 0.960802 0.062835 0.0489391
0 0.90585 0.326427 0.0336213 0.0253928
0 0.502152 0.760628 0.0493463 0.0372565
0 0.472688 0.127529 0.0302594 0.0238096
0 0.328421 0.866406 0.0458372 0.0355075
0 0.659154 0.629367 0.0341346 0.0260966
0 0.897219 0.38876 0.0388512 0.0294156
0 0.442721 0.0764095 0.035252 0.0271005
0 0.715997 0.979513 0.0347945 0.0271089
0 0.768668 0.10648 0.0290542 0.0229186
0 0.843921 0.929005 0.0431977 0.0338814
0 0.129087 0.971583 0.0808004 0.0567999
0 0.766604 0.14633 0.0293062 0.0233157
0 0.818571 0.224607 0.0342587 0.0262541
0 0.559599 0.614998 0.122295 0.0931354
0 0.986709 0.0860727 0.0265829 0.036523
0 0.326592 0.630947 0.0580758 0.0439151
0 0.861855 0.879181 0.0302563 0.0236632
0 0.815622 0.863379 0.0575892 0.0435608
0 0.904597 0.355001 0.037152 0.0285299
0 0.867984 0.0127166 0.0285916 0.0228349
0 0.705379 0.125785 0.0287971 0.0225023
0 0.993469 0.233067 0.0129552 0.0293596
0 0.957167 0.0932901 0.034962 0.0277234
0 0.840448 0.236358 0.0361172 0.0276036
0 0.652342 0.365259 0.034194 0.0258078
0 0.0616751 0.68032 0.0279013 0.0223274
0 0.270962 0.485603 0.0842354 0.0661774
0 0.49797 0.731067 0.0421408 0.0327663
0 0.611159 0.0907398 0.0326586 0.0251814
0 0.281133 0.737402 0.0409063 0.0319808
0 0.211039 0.767376 0.0305955 0.0241249
0 0.985899 0.316426 0.0282019 0.056132
0 0.227501 0.134252 0.0321584 0.0249678
0 0.329408 0.256253 0.0322161 0.0249726
0 0.768999 0.12808 0.0278213 0.021944
0 0.44431 0.173481 0.0331734 0.0261757
0 0.869873 0.947307 0.0342159 0.025724
0 0.863426 0.990057 0.0315075 0.0198859
0 0.325993 0.953104 0.0603878 0.04762
0 0.193394 0.26352 0.029886 0.0244919
0 0.35456 0.708057 0.147916 0.117103
0 0.390522 0.321067 0.0396737 0.031793
0 0.465388 0.564298 0.0721469 0.0556136
0 0.365268 0.179293 0.0304147 0.0237978
0 0.114285 0.858334 0.0283035 0.0220075
0 0.163325 0.734695 0.0570124 0.0449354
0 0.203896 0.532601 0.0585682 0.0474749
0 0.589307 0.67703 0.0344954 0.0260837
0 0.700721 0.108786 0.028049 0.0217257
0 0.106365 0.458332 0.0866813 0.0682455
0 0.986419 0.336152 0.0262629 0.0220865
0 0.508786 0.00612885 0.0284375 0.0122431
0 0.350986 0.490309 0.0761704 0.061845
0 0.565361 0.690487 0.0276985 0.0219185
0 0.995857 0.275311 0.00828629 0.0237907
0 0.95945 0.956543 0.0295238 0.0229774
0 0.0106863 0.504212 0.0213725 0.0223113
0 0.0214411 0.632294 0.0271888 0.0218787
0 0.237962 0.10845 0.0298066 0.0228083
0 0.652421 0.332725 0.0270885 0.0220444
