0 0.374498 0.900552 0.0971355 0.0916377
0 0.378352 0.567328 0.0694787 0.0659666
0 0.0728808 0.944876 0.0448111 0.0419605
0 0.107403 0.390974 0.125769 0.121017
0 0.136503 0.608488 0.0373581 0.0358629
0 0.881664 0.868569 0.0325902 0.0299736
0 0.686926 0.960909 0.035038 0.0323401
0 0.261541 0.486636 0.0291428 0.0277103
0 0.719775 0.813698 0.0697013 0.0651398
0 0.0163712 0.740668 0.0326906 0.0352506
0 0.763871 0.643968 0.335705 0.298967
0 0.595819 0.551999 0.0297925 0.0291586
0 0.355456 0.963928 0.0942013 0.0721444
0 0.279874 0.0122453 0.0232592 0.0230548
0 0.807622 0.615051 0.0242318 0.0233947
0 0.721717 0.552524 0.0237503 0.0231559
0 0.332507 0.433805 0.026523 0.0252535
0 0.219148 0.936743 0.0232248 0.0222689
0 0.218191 0.774052 0.0226144 0.0212238
0 0.0966231 0.491089 0.0332081 0.0308823
0 0.0250876 0.402153 0.0481883 0.0481055
0 0.586259 0.929023 0.066308 0.0655951
0 0.162972 0.476962 0.0490915 0.0466777
0 0.796778 0.933774 0.0376407 0.0354439
