0 0.264003 0.850379 0.324187 0.299241
0 0.706969 0.391655 0.273563 0.249118
0 0.570669 0.61422 0.091186 0.0905269
0 0.162874 0.727471 0.0863427 0.0829401
0 0.244586 0.443409 0.125358 0.128081
0 0.10646 0.186447 0.0978875 0.09588
0 0.512062 0.683604 0.0389445 0.0379698
0 0.761058 0.683887 0.0348492 0.0341527
0 0.734009 0.620284 0.0374468 0.0367148
0 0.468589 0.519123 0.0286553 0.0280848
0 0.866841 0.658966 0.0303318 0.0290775
0 0.277113 0.908254 0.0250924 0.0249122
0 0.394672 0.599016 0.0253872 0.025532
0 0.144655 0.0446032 0.159907 0.0890768
0 0.331738 0.167226 0.0758822 0.071872
0 0.984209 0.295464 0.0259566 0.0252654
0 0.601459 0.523202 0.0313721 0.0311036
0 0.0545916 0.415658 0.0275216 0.0269704
0 0.581184 0.0826708 0.0550498 0.053102
0 0.432791 0.532482 0.0240711 0.0240493
0 0.821719 0.0873102 0.0249846 0.024729
0 0.322598 0.00866859 0.0287312 0.0172779
0 0.56311 0.483996 0.0631125 0.0607728
0 0.0618457 0.567299 0.0262762 0.0252934
0 0.869224 0.231946 0.0305908 0.0299053
0 0.553253 0.396581 0.108952 0.103776
0 0.722164 0.102636 0.0248116 0.0246077
0 0.843212 0.66268 0.0297174 0.0302513
0 0.845105 0.56788 0.0260592 0.0257658
0 0.841484 0.193585 0.0477158 0.0464517
0 0.798221 0.222051 0.0356765 0.034508
0 0.037709 0.0844827 0.0752247 0.0822844
0 0.262982 0.121588 0.0576115 0.0562145
0 0.523932 0.809948 0.0230141 0.0229681
0 0.766253 0.712942 0.0242696 0.0232127
0 0.653145 0.986402 0.0234906 0.023427
0 0.107436 0.656955 0.0230417 0.0221508
0 0.0250552 0.210571 0.0499073 0.0898957
0 0.52566 0.271982 0.129346 0.123994
0 0.594673 0.552288 0.0347341 0.0354915
0 0.038248 0.015855 0.0764123 0.0316556
0 0.137778 0.339045 0.021759 0.0215011
0 0.626157 0.965643 0.0518835 0.0513115
0 0.142468 0.320225 0.0220014 0.0214441
0 0.526421 0.709489 0.0254928 0.0255187
0 0.396042 0.532112 0.0217695 0.0216973
