0 0.183502 0.262982 0.171537 0.156865
0 0.603189 0.0905621 0.0943954 0.0855909
0 0.378777 0.372032 0.123172 0.111877
0 0.380445 0.184895 0.0637851 0.0550521
0 0.464345 0.113304 0.118706 0.108276
0 0.064814 0.57177 0.0633708 0.0581815
0 0.959995 0.931026 0.0800098 0.135458
0 0.664927 0.984752 0.0471122 0.0303048
0 0.504594 0.0415445 0.105543 0.0828089
0 0.398849 0.124608 0.0878805 0.0800378
0 0.708884 0.33396 0.0348354 0.031142
0 0.494637 0.628031 0.028726 0.0258453
0 0.988448 0.704888 0.0229773 0.0739689
0 0.487741 0.374809 0.0281262 0.0246923
0 0.450799 0.761903 0.0256977 0.0239699
0 0.900421 0.168153 0.0264502 0.0237709
0 0.627833 0.770474 0.0271904 0.0250952
0 0.178008 0.854412 0.0270377 0.0246564
0 0.48304 0.667577 0.024849 0.0228659
0 0.623008 0.356791 0.0271008 0.0244257
0 0.152808 0.622531 0.0336352 0.0302894
0 0.0940919 0.392217 0.025863 0.0243523
0 0.988028 0.853583 0.0237267 0.024045
0 0.139596 0.579957 0.0272741 0.0250729
0 0.105807 0.638327 0.0378888 0.0344183
0 0.758936 0.322056 0.0262807 0.0242053
0 0.504563 0.482235 0.0267459 0.024259
0 0.298554 0.103679 0.0316281 0.0291378
0 0.551247 0.29984 0.0252378 0.02282
0 0.334994 0.149018 0.0352423 0.033233
0 0.82489 0.563225 0.0256865 0.0241563
0 0.952469 0.56353 0.0277486 0.0260682
0 0.341464 0.167247 0.0316655 0.0288295
0 0.28156 0.692285 0.0292582 0.0266793
0 0.957362 0.586449 0.0315022 0.028868
0 0.725261 0.588553 0.024226 0.0224563
0 0.629052 0.0319376 0.0296719 0.027559
0 0.4117 0.749537 0.0235375 0.0218761
0 0.334981 0.879875 0.026305 0.0239904
0 0.316172 0.33761 0.0465789 0.0419381
0 0.290698 0.251669 0.0547796 0.0492682
0 0.493934 0.891359 0.0388989 0.0351123
0 0.78776 0.111698 0.0245735 0.0231833
0 0.383171 0.00912452 0.109267 0.0181607
0 0.871553 0.161721 0.0623019 0.055698
0 0.147267 0.0137216 0.0227514 0.0218551
