0 0.136735 0.13035 0.113848 0.0947455
0 0.642376 0.516049 0.083672 0.0682763
0 0.367542 0.700611 0.0778955 0.0628803
0 0.971333 0.182758 0.0547469 0.0461572
0 0.478007 0.0925747 0.0443583 0.0359723
0 0.490323 0.536048 0.0685331 0.0562096
0 0.760589 0.446524 0.0495302 0.0416698
0 0.278275 0.284451 0.0372137 0.0306721
0 0.967537 0.435941 0.0422487 0.0357069
0 0.694542 0.212691 0.0423611 0.0360196
0 0.132974 0.579443 0.0485502 0.0411043
0 0.62537 0.715779 0.0326255 0.0261155
0 0.15501 0.557673 0.0553038 0.0454263
0 0.564993 0.839346 0.0322702 0.0266371
0 0.801261 0.269715 0.0333398 0.0275157
0 0.580266 0.62139 0.0320114 0.0255806
0 0.678401 0.0659015 0.034122 0.0292757
0 0.490908 0.0486054 0.0352206 0.0290303
0 0.174254 0.280485 0.0818906 0.0665197
0 0.235358 0.0616289 0.107118 0.0904492
0 0.0522868 0.438191 0.0291575 0.0245842
0 0.717719 0.236848 0.0289822 0.0249149
0 0.305955 0.181617 0.031979 0.0263011
0 0.029454 0.764457 0.0585823 0.0491026
0 0.510182 0.0405614 0.0309884 0.0260665
0 0.230567 0.113907 0.0465316 0.0382743
0 0.39632 0.275345 0.127501 0.103426
0 0.530746 0.472127 0.0345435 0.0275127
0 0.977112 0.708372 0.0457067 0.0554039
0 0.184255 0.613827 0.0960165 0.0784299
0 0.666745 0.899486 0.0326265 0.0274781
0 0.864631 0.627553 0.035496 0.0292797
0 0.69241 0.479305 0.0305898 0.0253885
0 0.534587 0.074677 0.0709257 0.0581034
0 0.802856 0.968184 0.0547247 0.045435
0 0.368683 0.190063 0.0873017 0.0725374
0 0.234128 0.565644 0.0287267 0.0233571
0 0.962686 0.707899 0.0313463 0.0271184
0 0.783619 0.0120323 0.0269201 0.0226098
0 0.854025 0.82411 0.029071 0.0235312
0 0.248736 0.710061 0.0748765 0.0603919
0 0.785251 0.356141 0.0260458 0.0221114
0 0.0829666 0.79849 0.0263789 0.021812
0 0.140955 0.985667 0.0288444 0.0227225
0 0.529892 0.577274 0.0532557 0.0427963
0 0.798901 0.442878 0.032707 0.0272507
0 0.933425 0.156436 0.130245 0.11728
0 0.367222 0.327917 0.115719 0.0980196
0 0.237859 0.715744 0.056507 0.0467604
0 0.443692 0.824307 0.0257419 0.0216698
0 0.31895 0.361834 0.0408381 0.0336826
0 0.597859 0.944204 0.0984518 0.0824663
0 0.268874 0.0167799 0.0254477 0.0225062
0 0.508764 0.89088 0.0425 0.0334326
0 0.122926 0.731368 0.0363531 0.0287673
0 0.942193 0.956192 0.115614 0.0875915
0 0.679247 0.697845 0.0813122 0.0653871
0 0.661325 0.609209 0.0398364 0.0336869
