0 0.453101 0.684549 0.299041 0.310785
0 0.205814 0.056551 0.13603 0.113102
0 0.707214 0.547918 0.0412016 0.0399814
0 0.108234 0.236002 0.0405872 0.0393946
0 0.0763396 0.51683 0.0708109 0.0649549
0 0.51958 0.875844 0.266316 0.248312
0 0.0729958 0.579033 0.127438 0.121505
0 0.02975 0.205941 0.0357581 0.0357998
0 0.826999 0.496753 0.048713 0.0480509
0 0.148497 0.384356 0.0338562 0.0323817
0 0.750695 0.829646 0.0383018 0.0375516
0 0.253551 0.884173 0.0379518 0.0371997
0 0.177136 0.578868 0.18842 0.177231
0 0.784223 0.328402 0.097757 0.0946142
0 0.799696 0.0153239 0.0265593 0.0261877
0 0.30115 0.78797 0.0332055 0.0323193
0 0.477449 0.459732 0.0287321 0.0283144
0 0.153073 0.336744 0.0275691 0.0272915
0 0.180013 0.966696 0.0262497 0.0257509
0 0.386259 0.0115597 0.0380804 0.0230578
0 0.466438 0.253121 0.0344128 0.0331765
0 0.167967 0.496171 0.0381951 0.0370906
0 0.0773954 0.374682 0.0930132 0.0899105
0 0.352157 0.438548 0.0650314 0.0637555
0 0.189953 0.50159 0.0280272 0.0270019
0 0.18334 0.707317 0.077795 0.0743577
0 0.198003 0.0548992 0.0259332 0.0259288
0 0.899896 0.926671 0.0297808 0.0287772
0 0.455965 0.305919 0.0372316 0.0371953
0 0.0870784 0.927939 0.0243069 0.0239055
0 0.783616 0.511867 0.0268265 0.0260369
0 0.732369 0.741391 0.0245333 0.0246507
0 0.169392 0.0662231 0.025262 0.0250518
0 0.29195 0.308197 0.0252666 0.0248656
0 0.0792288 0.317566 0.0242047 0.0230618
0 0.403808 0.518985 0.0240007 0.0236768
0 0.484502 0.118604 0.0230207 0.0225151
0 0.202077 0.887053 0.0322091 0.0316215
0 0.454261 0.342088 0.0289576 0.0280707
0 0.793238 0.0644741 0.0729115 0.0703662
0 0.84825 0.41786 0.105782 0.103516
0 0.899441 0.5022 0.0312922 0.0314809
0 0.175645 0.333477 0.124716 0.118201
0 0.12806 0.481333 0.0539679 0.0512689
0 0.27955 0.646139 0.0889081 0.0858965
0 0.876237 0.338143 0.0773309 0.0764507
0 0.304804 0.57182 0.0697293 0.0663235
0 0.996387 0.70198 0.00722656 0.0281675
0 0.257423 0.713275 0.0377883 0.036181
0 0.742439 0.442565 0.0363137 0.0361576
0 0.700948 0.490431 0.0235362 0.0234022
0 0.293838 0.368409 0.115764 0.113925
0 0.747102 0.864395 0.0223106 0.0219119
0 0.831851 0.463095 0.0363665 0.036239
0 0.903302 0.77077 0.0520809 0.0500085
0 0.678701 0.733679 0.0330694 0.0326468
0 0.299682 0.188745 0.166547 0.175162
0 0.438789 0.374241 0.0230289 0.0225985
0 0.403331 0.424297 0.0244175 0.0241526
