0 0.507517 0.812527 0.0841607 0.08241
0 0.802821 0.289561 0.0805776 0.0780825
0 0.162597 0.0630346 0.0585884 0.0574825
0 0.921439 0.11224 0.058675 0.0575267
0 0.981665 0.163343 0.0366708 0.0464749
0 0.0229416 0.37713 0.0458784 0.0608144
0 0.0926091 0.420649 0.0364898 0.0357625
0 0.202696 0.102241 0.0414291 0.0406946
0 0.37068 0.265769 0.0288794 0.0281118
0 0.471886 0.103459 0.0315773 0.0309742
0 0.102833 0.728241 0.0309256 0.0300531
0 0.875354 0.0377174 0.0279105 0.0269684
0 0.728613 0.85206 0.0407942 0.0399545
0 0.380066 0.759888 0.030302 0.0298112
0 0.583265 0.189465 0.453689 0.37777
0 0.143812 0.364195 0.0271821 0.0264444
0 0.362017 0.36548 0.0315924 0.0308857
0 0.862392 0.401215 0.0298449 0.0287836
0 0.162803 0.792564 0.0271474 0.0268463
0 0.155904 0.935082 0.0253788 0.0244971
0 0.642311 0.136773 0.0280819 0.0273576
0 0.295327 0.0634027 0.0253931 0.0251137
0 0.0871497 0.947704 0.0280057 0.0274969
0 0.180471 0.390951 0.0285065 0.0278077
0 0.289229 0.736859 0.0250364 0.0242774
0 0.0116152 0.0274879 0.0229533 0.0239534
0 0.056894 0.836443 0.0250063 0.025146
0 0.204195 0.938766 0.0234659 0.0233371
0 0.680185 0.986252 0.0252711 0.0240421
0 0.914909 0.184175 0.0272124 0.0264294
0 0.140359 0.146308 0.0234383 0.0230323
0 0.242126 0.906791 0.0243327 0.0244294
0 0.95796 0.104136 0.0270118 0.02585
0 0.272463 0.0114111 0.0237103 0.0223999
0 0.187959 0.257346 0.022975 0.0225072
0 0.0937622 0.478876 0.0224074 0.0223009
0 0.73448 0.206858 0.0305037 0.0301787
0 0.836105 0.590392 0.0235736 0.0231369
0 0.0859068 0.593964 0.0573935 0.0574404
0 0.288517 0.618244 0.0255337 0.0249639
0 0.672261 0.862144 0.0262496 0.0255952
0 0.275343 0.293481 0.0236584 0.02308
0 0.0414213 0.696221 0.0266447 0.0256803
