0 0.31055 0.885269 0.0517849 0.0502281
0 0.697748 0.792086 0.063504 0.0621156
0 0.432017 0.0747695 0.253018 0.14818
0 0.799431 0.76784 0.0493505 0.0475123
0 0.0157305 0.900919 0.0314609 0.0395613
0 0.863728 0.976826 0.0485432 0.0462728
0 0.571909 0.351614 0.0576719 0.0543029
0 0.334252 0.966864 0.0481229 0.0467275
0 0.241522 0.982495 0.0471572 0.0350094
0 0.186638 0.459184 0.0319014 0.0310647
0 0.959587 0.429756 0.0379068 0.0368032
0 0.782311 0.30204 0.0395362 0.0383697
0 0.357748 0.704619 0.0456975 0.0452081
0 0.445334 0.269312 0.0321743 0.0309835
0 0.878231 0.30991 0.0528463 0.052021
0 0.922911 0.412007 0.03015 0.0293393
0 0.366296 0.24229 0.0264265 0.0252724
0 0.491067 0.983451 0.173872 0.0328614
0 0.0678119 0.908264 0.0260423 0.024988
0 0.849123 0.398417 0.033329 0.032544
0 0.898622 0.204007 0.0415888 0.0400727
0 0.241564 0.308791 0.027562 0.0269318
0 0.307821 0.260721 0.0250702 0.0239209
0 0.636008 0.780058 0.0479782 0.0468833
0 0.267894 0.822776 0.0307614 0.0301111
0 0.663123 0.56132 0.0338656 0.0329077
0 0.610651 0.374035 0.0314188 0.0298001
0 0.26701 0.923515 0.0321964 0.0309472
0 0.169286 0.275731 0.0314124 0.0305166
0 0.423003 0.78852 0.025134 0.0241648
0 0.960339 0.0686038 0.0260141 0.0252486
0 0.811212 0.643969 0.0265024 0.0258787
0 0.619353 0.837626 0.0263381 0.0255923
0 0.486871 0.588248 0.02445 0.023582
0 0.192003 0.780985 0.0279204 0.0270912
0 0.101794 0.158881 0.0244321 0.0236234
0 0.0105228 0.832358 0.0210455 0.028049
0 0.351799 0.738385 0.0240633 0.0235941
0 0.285468 0.416499 0.0266495 0.0255334
0 0.52434 0.247579 0.0265889 0.0254624
0 0.720454 0.415415 0.0490074 0.047264
0 0.301407 0.765049 0.0321838 0.0311937
0 0.259477 0.746286 0.0274094 0.0264294
0 0.728445 0.659122 0.0298445 0.0290482
0 0.103734 0.74663 0.0239046 0.0233049
0 0.74188 0.37769 0.0273809 0.0267338
0 0.982004 0.446809 0.029359 0.0282224
0 0.644855 0.530459 0.0310481 0.0307051
0 0.120469 0.847715 0.0332944 0.0316256
0 0.625198 0.818437 0.027774 0.0272732
0 0.579497 0.749132 0.0275052 0.0264568
0 0.22099 0.427216 0.0336279 0.0326918
0 0.352054 0.678002 0.0258454 0.0254828
0 0.683123 0.0398348 0.0254273 0.0246956
0 0.573218 0.729822 0.0347348 0.0338249
0 0.208719 0.850426 0.0395797 0.0383623
0 0.708649 0.0727731 0.0440599 0.0423066
0 0.112529 0.467576 0.0230379 0.0224726
0 0.15294 0.694412 0.0294895 0.0288332
0 0.207286 0.691401 0.0320562 0.0310271
0 0.637669 0.706869 0.0248081 0.0244784
0 0.593243 0.807734 0.0248797 0.0242618
0 0.630156 0.483944 0.0255472 0.0253943
0 0.734391 0.397148 0.0271839 0.0260358
0 0.58593 0.872425 0.0241641 0.023851
0 0.789439 0.522812 0.0258594 0.0257293
0 0.813486 0.463956 0.0332606 0.0322093
0 0.229318 0.640157 0.0278794 0.0277528
0 0.0898391 0.380924 0.046635 0.0457078
