0 0.364046 0.791349 0.0504789 0.0490881
0 0.245534 0.362043 0.0431894 0.0424154
0 0.71707 0.275912 0.0532613 0.0522991
0 0.395547 0.451826 0.0377447 0.0371268
0 0.782495 0.929598 0.0322309 0.0312769
0 0.623957 0.948218 0.0413494 0.0408034
0 0.57755 0.166354 0.0277798 0.0270934
0 0.340169 0.301713 0.0451059 0.0446748
0 0.187823 0.246575 0.0294055 0.0289311
0 0.0451929 0.031864 0.0258178 0.0252968
0 0.424516 0.323275 0.0272203 0.0262465
0 0.801152 0.993028 0.0285364 0.0139446
0 0.94919 0.784857 0.0256688 0.0249488
0 0.118887 0.808129 0.0276872 0.0271835
0 0.222129 0.227038 0.0437262 0.043175
0 0.295189 0.754436 0.0239511 0.0232997
0 0.973613 0.713125 0.0233402 0.0222912
0 0.94906 0.935579 0.0236871 0.0230989
0 0.344229 0.489634 0.0265768 0.0260066
0 0.170436 0.630967 0.0320986 0.0317163
0 0.303291 0.309194 0.0301814 0.0287966
0 0.163852 0.50285 0.0232176 0.0229715
0 0.616396 0.0205388 0.0241268 0.0237117
0 0.48406 0.65686 0.022858 0.0223637
0 0.438582 0.454726 0.0503455 0.0503352
0 0.810866 0.30289 0.0291493 0.0293944
0 0.254567 0.239653 0.0361919 0.0354188
0 0.239159 0.67136 0.0242015 0.0237381
0 0.180812 0.0907718 0.0276905 0.0272539
0 0.479721 0.802805 0.0291518 0.0288393
0 0.197 0.666214 0.0469745 0.0461543
0 0.200415 0.451202 0.0323046 0.0314341
0 0.0921109 0.194525 0.0308957 0.0300888
