0 0.200585 0.372911 0.179523 0.164682
0 0.750264 0.257567 0.222611 0.199306
0 0.75666 0.774475 0.0973642 0.0889928
0 0.0916468 0.477699 0.100889 0.0912508
0 0.143086 0.810781 0.0685177 0.0639476
0 0.183809 0.705945 0.0574905 0.0546809
0 0.886534 0.64766 0.108332 0.096875
0 0.327451 0.566014 0.100106 0.0901185
0 0.0251354 0.0530749 0.0502707 0.0522071
0 0.367219 0.714637 0.0615304 0.0556238
0 0.0432739 0.0170947 0.0492913 0.0341893
0 0.0196034 0.475446 0.0392067 0.049072
0 0.917733 0.516276 0.162693 0.138849
0 0.350419 0.496933 0.0514767 0.0453502
0 0.224875 0.0644552 0.186906 0.12891
0 0.0407595 0.823793 0.0812472 0.0925655
0 0.45467 0.455531 0.20064 0.173382
0 0.362476 0.0758068 0.0541392 0.0501178
0 0.865492 0.431307 0.071101 0.0623867
0 0.213671 0.776261 0.0540409 0.0499598
0 0.398295 0.306388 0.0578149 0.0513772
0 0.161277 0.59977 0.041465 0.0377648
0 0.962369 0.274556 0.0367093 0.0347859
0 0.562178 0.646422 0.0676411 0.0597944
0 0.30601 0.483516 0.0293713 0.0259974
0 0.651622 0.535557 0.0756128 0.0663994
0 0.825662 0.370813 0.0883083 0.0787068
0 0.906125 0.393949 0.0677223 0.060099
0 0.323741 0.929837 0.0572699 0.0530241
0 0.97932 0.237051 0.0413609 0.0601833
0 0.381006 0.345101 0.0387194 0.0354123
0 0.636879 0.37139 0.0469122 0.0412349
0 0.631592 0.11678 0.0284758 0.0258217
0 0.125821 0.957864 0.0345972 0.0321178
0 0.203204 0.543172 0.0425858 0.0411378
0 0.43857 0.00707718 0.0418626 0.0141323
0 0.268168 0.0649596 0.0477958 0.0444851
0 0.948602 0.312156 0.0302877 0.0280688
0 0.135337 0.271598 0.0288803 0.0268321
0 0.914257 0.153783 0.038712 0.0370618
0 0.210629 0.212848 0.0326844 0.0294315
0 0.519496 0.486311 0.0447788 0.0388497
0 0.362534 0.96201 0.0407915 0.0381098
0 0.464426 0.666489 0.0350876 0.0305018
0 0.724202 0.883108 0.0673766 0.0609515
0 0.107447 0.872977 0.0753344 0.0717451
0 0.838678 0.785519 0.0350094 0.0325692
0 0.597533 0.223834 0.0907107 0.0820396
0 0.564889 0.454069 0.0541538 0.0486216
0 0.6874 0.988762 0.0265443 0.0222618
0 0.0373831 0.113125 0.0590807 0.052979
0 0.935357 0.707449 0.0577306 0.0515423
0 0.0852857 0.863936 0.0275043 0.026071
0 0.46309 0.813841 0.0399859 0.0344208
0 0.777416 0.977375 0.0456576 0.0410474
0 0.661232 0.439904 0.0363476 0.0315913
0 0.299217 0.179607 0.046424 0.0429568
0 0.123785 0.0473354 0.0253542 0.0239681
0 0.697476 0.0110606 0.0254046 0.0220191
0 0.774628 0.0123036 0.10966 0.0246073
0 0.68232 0.946306 0.0365536 0.0334153
0 0.156018 0.860827 0.027273 0.0255649
0 0.24899 0.549387 0.0553344 0.0508085
0 0.577931 0.396289 0.0286047 0.026031
0 0.454132 0.245072 0.054039 0.0488831
0 0.332126 0.39225 0.032317 0.0296093
0 0.77002 0.523477 0.0392463 0.0341873
0 0.389409 0.939422 0.0326544 0.0297852
0 0.402767 0.154021 0.0478568 0.0431071
0 0.925958 0.177786 0.0310777 0.0298923
0 0.874649 0.968115 0.032535 0.0308037
0 0.884009 0.130492 0.0365963 0.0348497
0 0.47584 0.366821 0.0368769 0.0331125
0 0.348348 0.262611 0.0252966 0.023157
0 0.260106 0.956321 0.0280175 0.0270375
0 0.082711 0.792719 0.0255626 0.0239243
0 0.937869 0.962507 0.124263 0.0749865
0 0.317113 0.973522 0.0468976 0.0433706
0 0.339786 0.442537 0.0538942 0.0503515
0 0.810634 0.0462575 0.0505505 0.046519
0 0.0407117 0.907885 0.0801348 0.089167
0 0.655029 0.480227 0.038241 0.0347081
0 0.0035218 0.338368 0.0070436 0.0340313
0 0.860546 0.940542 0.0351542 0.0329235
0 0.241104 0.179268 0.0298322 0.0276036
0 0.0545686 0.885994 0.0272159 0.0248799
0 0.615036 0.156833 0.470984 0.313666
0 0.188723 0.18959 0.0277793 0.0255137
0 0.957745 0.60464 0.0792788 0.0708413
0 0.183916 0.0301937 0.0236742 0.0225069
0 0.210849 0.959558 0.0732147 0.0676749
0 0.96716 0.63668 0.0317936 0.0290603
0 0.369489 0.910712 0.0344849 0.0334404
0 0.830906 0.885415 0.0546453 0.0515838
0 0.403704 0.58608 0.0443769 0.039237
0 0.622165 0.87837 0.0473504 0.0425911
