0 0.89689 0.114776 0.129725 0.118074
0 0.245118 0.355218 0.490235 0.435322
0 0.404615 0.915717 0.126181 0.114247
0 0.539447 0.0613414 0.167362 0.122683
0 0.694334 0.0780415 0.025527 0.0233319
0 0.493487 0.332128 0.0262055 0.0241224
0 0.33879 0.557199 0.0342225 0.0331855
0 0.750905 0.336387 0.0336919 0.0310225
0 0.180006 0.0963325 0.0326525 0.0301934
0 0.0387208 0.534288 0.049679 0.0473201
0 0.807864 0.200882 0.0257709 0.0234317
0 0.607038 0.521434 0.0320095 0.0294039
0 0.658617 0.479251 0.0374954 0.0360425
0 0.731745 0.120031 0.0315003 0.0288597
0 0.139556 0.639166 0.0310015 0.0287457
0 0.734493 0.585726 0.0253186 0.0232682
0 0.905503 0.058053 0.0288767 0.0272384
0 0.810434 0.627484 0.029293 0.0284763
0 0.134332 0.921013 0.0282862 0.0246428
0 0.597635 0.547785 0.0278616 0.0253966
0 0.126149 0.723917 0.0498991 0.0446806
0 0.254175 0.533699 0.0255253 0.0250894
0 0.880862 0.368915 0.0260002 0.0244931
0 0.494996 0.560636 0.0243588 0.0226717
0 0.450269 0.194386 0.0537254 0.0475984
0 0.313844 0.056464 0.04322 0.0391005
