0 0.375972 0.80832 0.177343 0.154186
0 0.364875 0.670986 0.25127 0.200858
0 0.618392 0.669334 0.171169 0.146394
0 0.533463 0.756715 0.171603 0.144069
0 0.623359 0.125243 0.0934705 0.0771697
0 0.29071 0.917502 0.0518823 0.0441518
0 0.860927 0.621919 0.0337749 0.0276651
0 0.126618 0.218208 0.0295656 0.0239947
0 0.662007 0.694752 0.0278549 0.0233307
0 0.00560447 0.649455 0.0112089 0.034812
0 0.364486 0.400732 0.0297881 0.0234569
0 0.65329 0.971756 0.12039 0.0561295
0 0.703429 0.119807 0.116395 0.100472
0 0.566554 0.900232 0.0271337 0.0231083
0 0.389101 0.436221 0.0255344 0.0214664
0 0.271013 0.247568 0.542027 0.476388
0 0.132878 0.529722 0.0260618 0.0215943
0 0.732304 0.33117 0.0253611 0.0215323
0 0.789903 0.695971 0.0260804 0.0214631
0 0.586998 0.476696 0.0260987 0.021607
0 0.480918 0.36039 0.0586694 0.0479826
