0 0.723363 0.489549 0.137142 0.121676
0 0.219228 0.306977 0.0314366 0.0287522
0 0.624644 0.783355 0.0321363 0.029033
0 0.991211 0.695879 0.0175071 0.0351548
0 0.534182 0.348761 0.0295981 0.0272453
0 0.634584 0.817312 0.0291473 0.0262177
0 0.464598 0.251649 0.0246243 0.0232651
0 0.96023 0.424494 0.0448872 0.040614
0 0.713449 0.0399892 0.0287415 0.0275901
0 0.502474 0.362181 0.0247906 0.0232816
0 0.301297 0.527442 0.0306317 0.0281695
0 0.346905 0.310181 0.0247297 0.0235534
0 0.521146 0.49278 0.0243097 0.0225492
0 0.190828 0.0286395 0.0261099 0.0250144
0 0.55796 0.831112 0.0247874 0.022987
0 0.981076 0.314921 0.0311933 0.029459
0 0.609622 0.225677 0.0252321 0.0234849
0 0.912742 0.246811 0.0306319 0.0282783
0 0.1461 0.90729 0.042041 0.0361379
0 0.209809 0.228601 0.0330059 0.0302622
0 0.483393 0.54814 0.0240345 0.0225996
0 0.388912 0.61203 0.0241201 0.0221529
0 0.404376 0.399022 0.0304878 0.0278334
0 0.07481 0.0479601 0.0224719 0.0220294
0 0.819481 0.0572631 0.0267992 0.0252094
0 0.412443 0.378664 0.0240911 0.0225597
0 0.0943143 0.668775 0.0248905 0.0227519
0 0.387641 0.435911 0.0245162 0.0235166
0 0.848257 0.515353 0.0233686 0.0218452
0 0.941951 0.301946 0.0305018 0.0285009
0 0.169626 0.219446 0.025365 0.0243522
0 0.852698 0.300862 0.0256184 0.0235445
0 0.303346 0.672032 0.03294 0.0309258
0 0.0897343 0.00519096 0.0239165 0.0103303
0 0.427083 0.0373329 0.0255927 0.0246079
0 0.753014 0.942572 0.0256354 0.0227146
0 0.0126717 0.158033 0.0253434 0.0374477
0 0.0170571 0.606856 0.0329598 0.0307917
0 0.98579 0.0542582 0.0271566 0.0256879
0 0.451703 0.0849118 0.0265883 0.0249713
