0 0.94676 0.531597 0.103914 0.101586
0 0.846596 0.672748 0.0433259 0.041832
0 0.580021 0.484824 0.0325155 0.0315541
0 0.974525 0.404803 0.0506234 0.060524
0 0.422048 0.621839 0.028366 0.0276849
0 0.600459 0.420758 0.0262847 0.025587
0 0.465512 0.402148 0.0259516 0.025423
0 0.465559 0.865012 0.0270958 0.0264053
0 0.0687001 0.0315238 0.0317402 0.0309124
0 0.783728 0.474624 0.0269027 0.0264325
0 0.17171 0.198823 0.0243039 0.0234252
0 0.229991 0.30272 0.0257685 0.0244756
0 0.404592 0.08052 0.0245121 0.0238726
0 0.866217 0.878231 0.0321343 0.0309984
0 0.204492 0.777882 0.0926896 0.0893095
0 0.114795 0.807574 0.0447557 0.0438751
0 0.582228 0.32589 0.0239971 0.0234739
0 0.37328 0.703628 0.0242952 0.0237403
0 0.311641 0.562516 0.0442171 0.0432168
0 0.0242617 0.472329 0.0236124 0.0233249
0 0.80621 0.84094 0.0274502 0.0264668
0 0.315915 0.749662 0.0497593 0.0491805
0 0.963304 0.304412 0.0233806 0.0235057
0 0.803347 0.778026 0.0338191 0.0325379
0 0.678223 0.183548 0.0234449 0.0229622
0 0.240595 0.286132 0.234065 0.22924
