0 0.664803 0.525424 0.048818 0.0464308
0 0.846115 0.36499 0.0542192 0.053167
0 0.160549 0.828443 0.0415945 0.0404902
0 0.174816 0.859808 0.0350875 0.0342858
0 0.929063 0.497732 0.112069 0.107778
0 0.701132 0.655264 0.148987 0.148325
0 0.443982 0.33149 0.0300405 0.0285202
0 0.788319 0.675707 0.0366302 0.0349617
0 0.53543 0.958625 0.0274982 0.0269315
0 0.0115951 0.937632 0.0230686 0.0256677
0 0.647802 0.847233 0.0277174 0.0270556
0 0.158154 0.434253 0.0271444 0.0263288
0 0.448559 0.581666 0.0277485 0.0269697
0 0.135279 0.206133 0.0279448 0.0270916
0 0.142525 0.924798 0.0252856 0.0247736
0 0.348625 0.371168 0.0242856 0.0233355
0 0.485727 0.292894 0.0289529 0.0275608
0 0.481092 0.904026 0.0245731 0.02422
0 0.848215 0.271388 0.0335588 0.0324011
0 0.310989 0.0594935 0.0286606 0.0271884
0 0.607392 0.205665 0.026233 0.025729
0 0.983352 0.573073 0.0329962 0.0356131
0 0.0497015 0.904322 0.023876 0.0235352
0 0.804691 0.961436 0.0253281 0.02477
0 0.874653 0.561995 0.058191 0.0573087
0 0.651788 0.0856912 0.0259298 0.0255564
0 0.462931 0.810284 0.0234923 0.0233233
0 0.906993 0.791859 0.0266977 0.0257022
0 0.780546 0.629374 0.164372 0.155431
0 0.551617 0.892909 0.0236578 0.0235674
0 0.44843 0.99516 0.0269698 0.00967979
0 0.120941 0.245087 0.241883 0.258905
0 0.83533 0.495853 0.0355806 0.0351417
0 0.607728 0.0423912 0.024566 0.0237542
0 0.128637 0.251452 0.0227107 0.0220641
0 0.0959751 0.932163 0.0222397 0.0214207
0 0.741545 0.829595 0.0236676 0.0228112
0 0.789551 0.571193 0.0251837 0.0249619
0 0.9457 0.58944 0.0346388 0.0341954
0 0.074392 0.0790565 0.148784 0.157166
0 0.903695 0.610562 0.039241 0.0384834
0 0.178729 0.385279 0.0220399 0.0217026
0 0.583914 0.408568 0.0237332 0.0232554
