0 0.772205 0.40358 0.257251 0.239483
0 0.361507 0.311242 0.13911 0.126375
0 0.655346 0.77545 0.193718 0.170428
0 0.761145 0.359258 0.0572249 0.0517038
0 0.362094 0.116618 0.0459213 0.0427853
0 0.452536 0.371741 0.0461448 0.0425594
0 0.810694 0.860624 0.044679 0.0401573
0 0.91952 0.978307 0.0469487 0.0414553
0 0.14857 0.389995 0.0350298 0.0316409
0 0.561132 0.359678 0.0387125 0.0352822
0 0.0737906 0.689969 0.0454 0.0417948
0 0.353227 0.385649 0.0348958 0.031796
0 0.472068 0.144516 0.0321089 0.0295491
0 0.0289986 0.97346 0.0339904 0.0313625
0 0.475885 0.327972 0.0317419 0.029712
0 0.0460709 0.24844 0.0920693 0.168071
0 0.141347 0.776509 0.036621 0.0336566
0 0.111006 0.441819 0.0325597 0.0301852
0 0.696651 0.915262 0.0676255 0.0611652
0 0.0500297 0.459797 0.0361281 0.0332579
0 0.893499 0.948731 0.031626 0.0283594
0 0.888169 0.991886 0.0337284 0.0162286
0 0.158136 0.34644 0.0413768 0.0383557
0 0.464311 0.848336 0.0858405 0.0748863
0 0.546113 0.927469 0.250928 0.144912
0 0.516227 0.483776 0.0396104 0.0361016
0 0.257086 0.263106 0.0312887 0.028615
0 0.175912 0.427987 0.0295349 0.0266705
0 0.54865 0.383386 0.0295259 0.0270815
0 0.771479 0.125693 0.0284553 0.0261515
0 0.842539 0.879042 0.0365372 0.0327642
0 0.448168 0.514632 0.0291576 0.0261477
0 0.990194 0.103422 0.0196116 0.0253545
0 0.71238 0.244052 0.0279737 0.0255342
0 0.240035 0.475474 0.0380923 0.0341596
0 0.734742 0.539295 0.0271986 0.0250204
0 0.376464 0.42778 0.0272015 0.0253406
0 0.478967 0.625883 0.0409318 0.03652
0 0.416998 0.947923 0.148128 0.104049
0 0.39594 0.558673 0.0260949 0.0238061
0 0.0898152 0.517395 0.0246327 0.0237818
0 0.0787009 0.984991 0.0249451 0.0232313
0 0.499916 0.685651 0.0596045 0.0532072
0 0.510023 0.0432939 0.119653 0.086417
0 0.507311 0.916973 0.323089 0.16468
0 0.288452 0.853179 0.0287643 0.0254086
0 0.601973 0.00543648 0.0266182 0.010873
0 0.446046 0.65078 0.025752 0.0233255
0 0.0864866 0.591599 0.170821 0.162391
0 0.0049289 0.860925 0.0098578 0.0340999
0 0.782039 0.653049 0.267123 0.237344
0 0.374337 0.831805 0.0307106 0.0275081
0 0.317529 0.770631 0.027358 0.024909
0 0.151112 0.737634 0.0397613 0.0374907
0 0.623727 0.581941 0.0269601 0.0236614
0 0.753753 0.600031 0.0414486 0.0357783
