0 0.693748 0.577518 0.300555 0.288756
0 0.106779 0.128478 0.21142 0.256536
0 0.174057 0.421741 0.11903 0.114727
0 0.373004 0.699842 0.0752654 0.0729985
0 0.454708 0.0412897 0.0510105 0.0498838
0 0.535594 0.219185 0.160403 0.153354
0 0.45668 0.386945 0.0593475 0.0584976
0 0.279153 0.603852 0.0401766 0.0391679
0 0.700094 0.869041 0.45798 0.261918
0 0.976998 0.98406 0.0432911 0.0316997
0 0.0627241 0.402864 0.0401444 0.0387749
0 0.473177 0.330875 0.0361346 0.0361152
0 0.906596 0.495089 0.0480384 0.0461224
0 0.883687 0.0199832 0.101557 0.0399664
0 0.909194 0.0422448 0.0420961 0.0408932
0 0.865151 0.748067 0.178621 0.174504
0 0.449233 0.166568 0.0293286 0.0289573
0 0.812193 0.648269 0.0474911 0.0459738
0 0.165739 0.540191 0.0768306 0.0729105
0 0.206899 0.303835 0.068463 0.0657334
0 0.115571 0.353352 0.0286593 0.0274916
0 0.672971 0.124693 0.0409449 0.0396872
0 0.373749 0.905937 0.164008 0.16838
0 0.364679 0.0978469 0.0449903 0.0435927
0 0.0998289 0.772163 0.0414938 0.0407231
0 0.343587 0.324846 0.0525508 0.0510685
0 0.982986 0.758339 0.0319231 0.0309935
0 0.307643 0.791181 0.0349561 0.0344699
0 0.250397 0.671985 0.0370102 0.0360308
0 0.225933 0.0917979 0.0325783 0.0313143
0 0.29196 0.933061 0.0260994 0.0259118
0 0.971236 0.266391 0.030281 0.0300657
0 0.260413 0.00687589 0.0327059 0.0137518
0 0.818666 0.1611 0.0273337 0.026677
0 0.894632 0.204732 0.0395289 0.0389328
0 0.989244 0.399861 0.021467 0.0304372
0 0.608985 0.119715 0.0353897 0.0343301
0 0.0828197 0.67143 0.102699 0.10217
0 0.22745 0.149523 0.033681 0.0322672
0 0.335491 0.838141 0.0508451 0.0507578
0 0.440882 0.235833 0.0254668 0.0250252
0 0.788725 0.0953714 0.0341499 0.0335195
0 0.888361 0.548662 0.0360592 0.0352149
0 0.0832583 0.154995 0.0238865 0.0231258
0 0.194469 0.876682 0.0285755 0.0275207
0 0.890531 0.804628 0.0491886 0.0482693
0 0.272206 0.967915 0.0338535 0.0334104
0 0.678741 0.0570241 0.0261887 0.0256047
0 0.701384 0.607116 0.0294711 0.0286283
0 0.591678 0.096501 0.139269 0.133928
0 0.32814 0.40133 0.0262047 0.0257192
0 0.967286 0.423178 0.0346811 0.0341532
0 0.71986 0.354256 0.0257646 0.0253958
0 0.0188743 0.0793309 0.0229438 0.0224375
0 0.820351 0.206015 0.0300265 0.0298681
0 0.198535 0.795999 0.0308869 0.0304338
0 0.350995 0.987102 0.0240532 0.0233649
0 0.740381 0.442108 0.0400997 0.0392389
0 0.776727 0.204137 0.0228105 0.0231922
0 0.336385 0.482717 0.0225979 0.0225514
0 0.722261 0.0764667 0.0247508 0.0239489
0 0.995021 0.517672 0.00995903 0.0292568
0 0.994049 0.368201 0.011902 0.0252608
0 0.750825 0.0635701 0.0272722 0.026724
0 0.0687971 0.526095 0.0260297 0.0250282
0 0.419275 0.993265 0.0386253 0.0134698
0 0.100442 0.632867 0.0246949 0.0246356
0 0.584993 0.102978 0.0280321 0.0278783
0 0.135242 0.619103 0.113839 0.107936
0 0.834774 0.876866 0.0472073 0.04568
0 0.75822 0.0902821 0.0237539 0.0238504
0 0.652603 0.526102 0.0268419 0.0265012
0 0.899443 0.635741 0.022284 0.0223435
0 0.992942 0.61679 0.0141152 0.0274305
0 0.549393 0.674088 0.0347276 0.0336792
0 0.0310373 0.539023 0.05078 0.0477034
0 0.879086 0.0606913 0.0220699 0.021923
0 0.478502 0.482073 0.0251569 0.0246762
0 0.0102887 0.662643 0.0205775 0.0286002
0 0.576548 0.132455 0.0287458 0.0287964
0 0.906273 0.839581 0.0234846 0.0228062
0 0.361923 0.3502 0.0242267 0.0231769
0 0.440484 0.121869 0.0279212 0.027427
0 0.327739 0.244727 0.0235279 0.022844
