0 0.538329 0.613082 0.0358174 0.0338359
0 0.49206 0.47123 0.0314469 0.0295871
0 0.156449 0.295485 0.0296851 0.0282147
0 0.145067 0.406004 0.0288171 0.0270756
0 0.95474 0.630626 0.0504127 0.0473068
0 0.22048 0.828927 0.0262669 0.0252335
0 0.633155 0.0305189 0.0298907 0.0286451
0 0.452946 0.492524 0.0257827 0.0245479
0 0.763786 0.476354 0.064831 0.0603487
0 0.986672 0.737888 0.026651 0.0373505
0 0.709734 0.464612 0.0369577 0.0350069
0 0.154302 0.148521 0.024092 0.0232747
0 0.84704 0.516685 0.0340879 0.0327089
0 0.907817 0.873943 0.052222 0.0492945
0 0.728051 0.514256 0.0454248 0.0430843
0 0.0922972 0.206257 0.0572366 0.055436
0 0.590946 0.928596 0.496222 0.142216
0 0.866027 0.0187302 0.0290402 0.0282889
0 0.786035 0.253994 0.42617 0.507989
0 0.767908 0.634094 0.0253787 0.024608
0 0.953395 0.802004 0.0509099 0.0482312
0 0.988698 0.569687 0.0225449 0.0375817
0 0.955837 0.84096 0.0392251 0.0367913
0 0.937678 0.747133 0.0530111 0.0510757
0 0.609635 0.535141 0.0404541 0.0372343
0 0.219082 0.886825 0.0315579 0.0297069
0 0.611777 0.598898 0.0448198 0.0431986
0 0.966606 0.768372 0.0326376 0.0311804
0 0.696839 0.521316 0.0235331 0.0221694
0 0.125527 0.579009 0.0659794 0.0601653
