0 0.740805 0.362545 0.0861638 0.0817908
0 0.300037 0.464059 0.0732127 0.066065
0 0.847309 0.556395 0.0603558 0.0562208
0 0.76373 0.543545 0.0532789 0.0501652
0 0.884105 0.0436934 0.173849 0.0873869
0 0.908546 0.404705 0.0408826 0.0387907
0 0.532595 0.753039 0.0406693 0.0376856
0 0.651846 0.0394214 0.053448 0.0504471
0 0.501982 0.870907 0.0388237 0.0362286
0 0.883472 0.341299 0.0616784 0.0585946
0 0.0881479 0.930584 0.113799 0.107973
0 0.56493 0.698534 0.0655209 0.0618107
0 0.781516 0.264856 0.0686284 0.0640543
0 0.275287 0.31736 0.0607327 0.0546044
0 0.144329 0.566736 0.0328828 0.0313666
0 0.0272729 0.692136 0.053616 0.0527407
0 0.302334 0.170875 0.0318096 0.029512
0 0.870954 0.295273 0.0324724 0.0311199
0 0.147398 0.678375 0.0451278 0.0427897
0 0.963051 0.170794 0.0308208 0.0297028
0 0.720151 0.558922 0.0320774 0.0303927
0 0.429737 0.0587479 0.02924 0.0277135
0 0.351809 0.874952 0.0513741 0.0486898
0 0.151004 0.96434 0.164737 0.0713202
0 0.303591 0.106107 0.027294 0.0254824
0 0.767783 0.704822 0.0355647 0.0331486
0 0.222503 0.487377 0.0654936 0.0604993
0 0.613853 0.256213 0.0384092 0.0358963
0 0.691844 0.0212898 0.0336045 0.0322021
0 0.378968 0.499874 0.0708468 0.0620883
0 0.404203 0.218929 0.0522294 0.0486122
0 0.596687 0.0932857 0.0488043 0.0483166
0 0.511566 0.055781 0.0450851 0.0429207
0 0.0671063 0.410384 0.0331883 0.0312871
0 0.504257 0.604955 0.0334537 0.0306404
0 0.472536 0.612888 0.0311471 0.0288434
0 0.729281 0.898712 0.0250733 0.02445
0 0.368557 0.851864 0.0391241 0.0372535
0 0.84035 0.21715 0.0247515 0.0239436
0 0.480803 0.464197 0.0280817 0.0254276
0 0.55642 0.479648 0.0326165 0.0301223
0 0.586084 0.431441 0.0263314 0.0245593
0 0.182734 0.927356 0.0447657 0.0423573
0 0.53131 0.884927 0.0286133 0.0265775
0 0.442542 0.528353 0.0349605 0.0315241
0 0.718321 0.284846 0.0755711 0.0721549
0 0.754345 0.206825 0.0385849 0.0365382
0 0.441735 0.843204 0.0251174 0.0235417
0 0.631316 0.752114 0.0331585 0.0318179
0 0.733545 0.0848078 0.02336 0.0228458
0 0.587393 0.731635 0.0314185 0.0295064
0 0.310153 0.670942 0.025349 0.0237651
0 0.345891 0.0855633 0.0282952 0.0261979
0 0.14528 0.333043 0.0268528 0.0246266
0 0.362744 0.905327 0.0351026 0.0337996
0 0.0202781 0.817726 0.0405075 0.0586172
0 0.53 0.0788945 0.044261 0.0411921
0 0.27221 0.0762691 0.0239308 0.0228327
0 0.700315 0.936144 0.023361 0.0221515
0 0.953527 0.695299 0.0539112 0.0511911
0 0.14277 0.296874 0.0248176 0.0228731
0 0.321994 0.621369 0.0240718 0.0229878
0 0.324788 0.915194 0.0247201 0.0234647
0 0.452857 0.104535 0.0251732 0.0241723
0 0.682359 0.33695 0.0977416 0.0899769
0 0.962351 0.290482 0.0270066 0.0255185
0 0.789209 0.142056 0.0475324 0.0452938
0 0.0794037 0.840891 0.0694673 0.0645329
0 0.391906 0.194441 0.0315847 0.0293948
0 0.45205 0.559155 0.0507366 0.046804
0 0.983141 0.0239055 0.0334783 0.047811
0 0.537332 0.638416 0.0240531 0.0232976
0 0.409956 0.297305 0.0252326 0.023852
0 0.376426 0.418787 0.0780702 0.0690853
0 0.817229 0.770911 0.0474178 0.0463419
0 0.298723 0.382204 0.0341851 0.0313446
0 0.675764 0.526591 0.205871 0.203959
0 0.0972305 0.00750309 0.0262687 0.0149778
0 0.583726 0.0509472 0.0301816 0.0290997
0 0.267381 0.887153 0.038459 0.0373412
0 0.511293 0.64238 0.0248566 0.0234008
0 0.115232 0.792178 0.0239669 0.023135
0 0.179701 0.276893 0.028968 0.0266317
0 0.104784 0.0156518 0.0240899 0.0230423
0 0.338923 0.957835 0.0265814 0.0251946
0 0.744698 0.292928 0.0427847 0.0415787
0 0.469965 0.775507 0.025719 0.0239573
0 0.063039 0.837729 0.0354192 0.0344895
0 0.819222 0.181719 0.0698233 0.0659325
