0 0.300545 0.767427 0.0752195 0.0741813
0 0.973883 0.902189 0.0521725 0.0615988
0 0.191282 0.599285 0.0417737 0.0409074
0 0.0151129 0.216839 0.0302258 0.0412423
0 0.583733 0.854982 0.0423942 0.0413205
0 0.390769 0.559614 0.0337865 0.0330284
0 0.455427 0.0813998 0.0365721 0.0356157
0 0.97657 0.848486 0.0357392 0.034516
0 0.389709 0.609089 0.0265724 0.0261767
0 0.0489483 0.970551 0.0344422 0.0331945
0 0.220801 0.968976 0.0408529 0.0395248
0 0.163623 0.919579 0.0488186 0.0476254
0 0.447778 0.0267306 0.0440794 0.0423914
0 0.231309 0.844912 0.0489328 0.0479575
0 0.0637218 0.538361 0.053433 0.0523739
0 0.340548 0.816324 0.0463624 0.0442598
0 0.171117 0.651572 0.03965 0.0385647
0 0.313337 0.83439 0.0332441 0.0319946
0 0.19497 0.682836 0.0376723 0.0364005
0 0.588753 0.809518 0.0509227 0.0500219
0 0.626775 0.555902 0.0237383 0.0233442
0 0.400519 0.860534 0.109164 0.101289
0 0.161403 0.61939 0.0314509 0.0303456
0 0.48808 0.89037 0.0488676 0.0471453
0 0.740818 0.777175 0.0264675 0.0257398
0 0.671538 0.245629 0.0243604 0.023542
0 0.589101 0.684916 0.0299869 0.0297332
0 0.129925 0.626222 0.047691 0.0478694
0 0.578437 0.897516 0.0306953 0.0295483
0 0.349813 0.99003 0.03543 0.0199395
0 0.225866 0.910547 0.0818136 0.0796494
0 0.00303222 0.0977389 0.00606443 0.0327046
0 0.739286 0.245243 0.0235085 0.0225152
0 0.0319223 0.577342 0.0476856 0.0467348
0 0.258345 0.707808 0.0610984 0.0619459
0 0.848575 0.117231 0.025437 0.0248714
0 0.331551 0.138398 0.0250455 0.0246619
0 0.0768841 0.649705 0.0569162 0.0559785
0 0.498613 0.984578 0.0673983 0.0308443
0 0.0128732 0.613926 0.0257463 0.0432851
0 0.0164507 0.543117 0.0324462 0.0330524
0 0.0222506 0.989421 0.0265809 0.0211583
0 0.257116 0.791969 0.0291084 0.0282121
0 0.123087 0.79205 0.0496848 0.047745
0 0.361444 0.944459 0.0292684 0.0284455
0 0.304995 0.993968 0.0251774 0.0120647
0 0.00369919 0.725516 0.00739838 0.0273185
0 0.551822 0.641182 0.0237226 0.0233054
0 0.452839 0.00612606 0.0235368 0.0122435
0 0.0660507 0.143213 0.0238648 0.0233733
0 0.407467 0.769058 0.0358152 0.0343334
