0 0.277254 0.9394 0.0797632 0.0780908
0 0.180981 0.281161 0.361962 0.386572
0 0.637299 0.109801 0.375034 0.219601
0 0.569557 0.878836 0.226286 0.233383
0 0.380157 0.838836 0.0415177 0.0405031
0 0.544407 0.974566 0.0907639 0.0507989
0 0.0486509 0.801813 0.0970683 0.202958
0 0.427186 0.541328 0.0565723 0.0557573
0 0.436538 0.082162 0.0410841 0.040437
0 0.801241 0.750178 0.104881 0.0990138
0 0.653446 0.452583 0.0659842 0.0628769
0 0.802703 0.365654 0.0744528 0.0722847
0 0.257046 0.673016 0.0347096 0.0336143
0 0.393234 0.752608 0.030634 0.0298191
0 0.729146 0.928835 0.238028 0.14233
0 0.716894 0.738743 0.0435198 0.0420771
0 0.0490606 0.606718 0.0297104 0.029006
0 0.327814 0.0461681 0.0259338 0.0257332
0 0.768581 0.677349 0.0383801 0.036613
0 0.979041 0.569481 0.0326862 0.0313933
0 0.460552 0.69958 0.0288704 0.0278633
0 0.0801419 0.525989 0.0285713 0.0281773
0 0.749399 0.792048 0.0355937 0.0342696
0 0.893872 0.348644 0.212256 0.377702
0 0.903019 0.587895 0.0298345 0.0286491
0 0.742931 0.551894 0.0450898 0.0441487
0 0.8038 0.654293 0.0375256 0.0358574
0 0.0556842 0.538164 0.0256865 0.0258715
0 0.7328 0.638182 0.0314625 0.03011
0 0.538601 0.870162 0.02731 0.0268271
0 0.639877 0.511713 0.0592632 0.0578757
0 0.899697 0.903367 0.171992 0.171754
0 0.853811 0.891334 0.230893 0.215624
0 0.556191 0.628556 0.0267661 0.0261307
0 0.700294 0.329189 0.14423 0.137179
0 0.449211 0.65545 0.0240417 0.0237854
0 0.969924 0.984181 0.0321651 0.0304234
0 0.475701 0.339989 0.0292971 0.0285653
0 0.674537 0.426245 0.0491054 0.0492186
0 0.677525 0.393496 0.0424991 0.0423311
0 0.706694 0.675824 0.0250483 0.0241364
0 0.98349 0.527646 0.0324052 0.0309796
0 0.797355 0.554885 0.0295008 0.0282798
0 0.281442 0.586749 0.0243653 0.0243642
0 0.670857 0.6034 0.0257502 0.0249388
0 0.110172 0.738459 0.0231478 0.0227162
0 0.535613 0.960759 0.0244226 0.0253324
0 0.4674 0.542751 0.0244861 0.0236592
0 0.76922 0.550838 0.0255109 0.0242531
0 0.109298 0.10713 0.172399 0.165085
0 0.0850143 0.693085 0.0231892 0.023078
0 0.293169 0.0808737 0.0287734 0.0283831
0 0.95161 0.124381 0.0472612 0.0458333
0 0.692208 0.370952 0.0413563 0.0408531
0 0.426001 0.0178518 0.0834385 0.0357036
0 0.861708 0.108637 0.0891043 0.0846044
0 0.825005 0.220052 0.0274579 0.0273175
0 0.779509 0.607256 0.0252266 0.0240452
0 0.314942 0.752281 0.0222597 0.0223823
0 0.789546 0.450029 0.0545476 0.0520808
0 0.583608 0.00788295 0.0398945 0.0157584
0 0.394354 0.37169 0.0376789 0.0366491
0 0.52295 0.784217 0.0980811 0.0959126
0 0.119228 0.00702306 0.0242146 0.0140461
0 0.559821 0.290764 0.0309269 0.0298807
0 0.859842 0.667164 0.026423 0.0254104
0 0.116439 0.0679189 0.0382207 0.0369877
0 0.996164 0.60534 0.00767221 0.0419887
0 0.606734 0.994283 0.0350788 0.0114331
0 0.712673 0.71695 0.0226075 0.0223368
