0 0.112133 0.633302 0.0290062 0.0277417
0 0.608988 0.969888 0.0313995 0.0305762
0 0.580766 0.906093 0.0402958 0.0391486
0 0.459776 0.252374 0.0260824 0.0253441
0 0.720846 0.126781 0.0260825 0.0250068
0 0.402817 0.843677 0.0253487 0.0247238
0 0.593278 0.813309 0.0276073 0.0267194
0 0.614244 0.908176 0.0352587 0.0359807
0 0.38402 0.763939 0.0397749 0.0388112
0 0.921684 0.973865 0.0255257 0.0240858
0 0.0260609 0.64331 0.0232224 0.0224071
0 0.610943 0.831827 0.0321564 0.0319753
0 0.610265 0.87176 0.033226 0.0323122
0 0.897814 0.962724 0.0256352 0.0242068
0 0.381763 0.737533 0.035275 0.0341434
0 0.601321 0.991914 0.0277473 0.0161723
0 0.0564991 0.592044 0.0225877 0.0220435
0 0.380684 0.204252 0.0220269 0.0210778
0 0.275869 0.465932 0.0236185 0.0228218
0 0.276321 0.0601964 0.0222363 0.0220682
