0 0.667765 0.532974 0.0320754 0.0282559
0 0.564772 0.0370664 0.0374901 0.0296929
0 0.779005 0.857774 0.0317693 0.0245107
0 0.817239 0.171447 0.0283482 0.0230131
0 0.969139 0.925788 0.026467 0.0220622
0 0.558018 0.813017 0.0275084 0.0220727
0 0.992063 0.443931 0.0158748 0.0240476
0 0.592501 0.901222 0.0266676 0.0223551
0 0.0343783 0.650002 0.0263886 0.0218897
0 0.570633 0.948967 0.0272322 0.0221829
0 0.937458 0.545851 0.0263882 0.0217104
0 0.34376 0.381891 0.0260876 0.0215293
0 0.190743 0.67052 0.0259216 0.0216005
0 0.19001 0.251791 0.0260334 0.021693
