0 0.636304 0.315234 0.107508 0.103474
0 0.19042 0.297812 0.0822704 0.0797124
0 0.128002 0.35017 0.133806 0.13047
0 0.514164 0.832104 0.0601645 0.0570264
0 0.516883 0.47458 0.0525177 0.0517496
0 0.135904 0.441395 0.0681614 0.0658748
0 0.0462508 0.64185 0.0439493 0.0421999
0 0.947496 0.79393 0.0465446 0.0448692
0 0.974661 0.268447 0.0505722 0.0633458
0 0.0623955 0.42444 0.0707246 0.0699756
0 0.857406 0.244253 0.0633549 0.0604681
0 0.294267 0.445943 0.0365345 0.035439
0 0.53359 0.421508 0.0544319 0.0528986
0 0.24425 0.377713 0.0315567 0.0307014
0 0.353149 0.498253 0.0446665 0.0436233
0 0.360872 0.825799 0.0340747 0.0328508
0 0.0617458 0.833308 0.0566463 0.0528525
0 0.750033 0.129734 0.449244 0.258366
0 0.982971 0.0453577 0.0340582 0.0388959
0 0.129395 0.660976 0.0270445 0.0262733
0 0.62626 0.233899 0.0351038 0.0345049
0 0.0171995 0.700229 0.0342065 0.0354571
0 0.907369 0.945823 0.035997 0.0349714
0 0.919359 0.59271 0.0345539 0.0327034
0 0.661382 0.675066 0.1613 0.149056
0 0.476769 0.570368 0.0330467 0.0319315
0 0.517045 0.544021 0.0705645 0.0672154
0 0.423231 0.468347 0.0564902 0.0554399
0 0.439534 0.170673 0.202126 0.202035
0 0.963696 0.155392 0.0586902 0.0560336
0 0.597531 0.556665 0.0266981 0.026619
0 0.808129 0.682913 0.0311002 0.0302241
0 0.172042 0.165635 0.0261488 0.0250673
0 0.910202 0.990158 0.0483584 0.0196835
0 0.746396 0.525504 0.0249912 0.0245544
0 0.924686 0.0851127 0.0612949 0.0563582
0 0.942365 0.96253 0.0555209 0.0535287
0 0.247422 0.291869 0.0278633 0.0266702
0 0.214113 0.510181 0.0274199 0.0263669
0 0.41786 0.540209 0.0275135 0.0267177
0 0.854029 0.0113837 0.0538405 0.0227674
0 0.719635 0.621798 0.0250912 0.0241337
0 0.296347 0.0409625 0.139796 0.0816855
0 0.466378 0.917692 0.0248466 0.0241253
0 0.989506 0.213795 0.0209879 0.0308646
0 0.689603 0.458341 0.0401268 0.0400643
0 0.521784 0.128766 0.0423638 0.0400342
0 0.0380005 0.384891 0.043669 0.0425937
0 0.288526 0.362527 0.0252264 0.0242782
0 0.0799208 0.911512 0.0482927 0.0443874
0 0.0373087 0.0756936 0.02364 0.0233322
0 0.138988 0.520513 0.0555238 0.0530267
0 0.0222629 0.66825 0.0247684 0.024193
0 0.0853068 0.945444 0.034416 0.0324251
0 0.0808415 0.111376 0.0885183 0.082051
0 0.355069 0.079461 0.0775151 0.0724277
0 0.958158 0.346374 0.0249054 0.0234901
0 0.44208 0.67531 0.0524324 0.05038
0 0.0305785 0.866075 0.0371588 0.0347204
0 0.650918 0.510501 0.024559 0.0244623
0 0.892517 0.78871 0.0237184 0.0232242
0 0.899803 0.693459 0.0877403 0.0831933
0 0.966771 0.977121 0.0664574 0.0454803
0 0.163124 0.176707 0.326248 0.353269
0 0.582281 0.773051 0.0425666 0.0397481
0 0.946488 0.548705 0.0235476 0.0227697
0 0.725688 0.405721 0.0844833 0.0834054
