0 0.245096 0.252633 0.410108 0.321415
0 0.379707 0.0977295 0.0487788 0.0376616
0 0.976533 0.713812 0.0442904 0.0343442
0 0.52402 0.549484 0.0349026 0.0270443
0 0.476312 0.890173 0.0368096 0.0288059
0 0.590798 0.987998 0.0961761 0.0240036
0 0.121746 0.592938 0.0324653 0.0260456
0 0.523089 0.44674 0.0365527 0.0285555
0 0.593436 0.895669 0.0327574 0.0253469
0 0.90447 0.673726 0.0320104 0.0247233
0 0.0708976 0.384947 0.0314209 0.0246726
0 0.761342 0.650144 0.0288236 0.0223162
0 0.553557 0.461654 0.0300432 0.02359
0 0.0112284 0.660527 0.0224568 0.0227315
0 0.278084 0.717032 0.0276388 0.0227373
0 0.0741377 0.682999 0.027395 0.0224821
0 0.463429 0.673674 0.0279257 0.0222249
0 0.458057 0.386852 0.028858 0.0225295
0 0.0939883 0.703436 0.0277397 0.0218205
0 0.606928 0.74632 0.0279856 0.0222861
0 0.601672 0.316758 0.0651474 0.0533433
0 0.897559 0.625857 0.0264038 0.0209276
