0 0.0825294 0.331853 0.0588076 0.0578982
0 0.376026 0.213238 0.0463243 0.0452113
0 0.0326796 0.357089 0.0364581 0.0355975
0 0.365688 0.507816 0.031965 0.030832
0 0.536282 0.427022 0.0329949 0.0312528
0 0.405597 0.606422 0.0321375 0.030965
0 0.372757 0.787255 0.032771 0.0305485
0 0.507445 0.423197 0.0287447 0.0274875
0 0.0507346 0.488892 0.0363652 0.0359103
0 0.402527 0.33329 0.0304929 0.0298407
0 0.473804 0.789892 0.0323868 0.0275417
0 0.202027 0.746428 0.0273618 0.0266311
0 0.377958 0.616408 0.0268026 0.0259506
0 0.465659 0.200582 0.0271926 0.0265929
0 0.907526 0.43817 0.0251 0.024854
0 0.457759 0.764831 0.0257553 0.0251846
0 0.126094 0.685149 0.0263919 0.0256994
0 0.0349694 0.239046 0.0293295 0.0286797
0 0.574291 0.306387 0.024469 0.0242351
0 0.67918 0.283014 0.0236378 0.0226864
0 0.978551 0.541551 0.0245344 0.0237567
0 0.147611 0.704323 0.0238872 0.0232256
0 0.61279 0.384946 0.0239889 0.0231569
0 0.969625 0.378164 0.0246544 0.0235192
0 0.170188 0.77671 0.0248064 0.0244248
0 0.0795411 0.0679018 0.0245249 0.0241746
0 0.179399 0.670054 0.0236435 0.0227454
0 0.168687 0.0180594 0.0567786 0.0359566
0 0.532031 0.764185 0.0236931 0.0231128
0 0.72719 0.0176326 0.0224197 0.0223313
0 0.479668 0.506816 0.022794 0.0220238
