0 0.496678 0.534394 0.0570985 0.0454721
0 0.0505039 0.689427 0.0767923 0.0539074
0 0.12285 0.676047 0.0757724 0.0562552
0 0.305805 0.0132589 0.0359877 0.0262442
0 0.372843 0.486621 0.0453098 0.0346045
0 0.132025 0.467298 0.0359665 0.0277984
0 0.819124 0.334112 0.041204 0.0306237
0 0.765457 0.091164 0.0390892 0.0303723
0 0.573741 0.494412 0.0326412 0.0253687
0 0.433525 0.615457 0.0413123 0.0317744
0 0.874231 0.628718 0.052756 0.0392711
0 0.394541 0.245523 0.0321163 0.0243448
0 0.162053 0.366417 0.032475 0.0245723
0 0.73316 0.64649 0.0345736 0.0259551
0 0.592374 0.122146 0.0314879 0.0239322
0 0.625676 0.195358 0.0437427 0.0325531
0 0.526987 0.0103336 0.0404687 0.0205749
0 0.57577 0.0111632 0.0342982 0.0222716
0 0.854685 0.55689 0.0297287 0.0232162
0 0.428558 0.394473 0.0303896 0.0233038
0 0.147871 0.672024 0.295742 0.288774
0 0.37393 0.562278 0.0360919 0.0273981
0 0.0776182 0.571158 0.0351568 0.0241551
0 0.556028 0.25651 0.0288141 0.0224176
0 0.370467 0.62719 0.0272157 0.0219746
0 0.312791 0.466313 0.0269748 0.021858
0 0.214247 0.401021 0.0447089 0.034033
0 0.39741 0.375049 0.0282825 0.0218937
0 0.119249 0.60222 0.0294305 0.0210159
0 0.0841669 0.108244 0.0364997 0.0276187
0 0.0475827 0.541776 0.0311968 0.0226175
