0 0.200919 0.615437 0.0395837 0.0302752
0 0.869029 0.414892 0.0668856 0.05261
0 0.761751 0.174744 0.0398073 0.0301663
0 0.664136 0.17775 0.0646679 0.04782
0 0.990223 0.260827 0.0195541 0.0331765
0 0.596399 0.148781 0.0658061 0.050831
0 0.879589 0.165411 0.0766335 0.0577008
0 0.512103 0.0481377 0.108123 0.0812915
0 0.931193 0.0724436 0.0888958 0.0680738
0 0.338372 0.191475 0.106375 0.0786244
0 0.647845 0.720952 0.0671048 0.0506112
0 0.6652 0.949373 0.0547247 0.0398536
0 0.781276 0.953303 0.322664 0.0933939
0 0.616547 0.928259 0.0780879 0.0603536
0 0.786414 0.805452 0.0628004 0.0482433
0 0.714303 0.175523 0.0522648 0.0391138
0 0.542775 0.922922 0.0651202 0.0485466
0 0.779214 0.413437 0.113688 0.0871773
0 0.810294 0.269069 0.301174 0.216859
0 0.984887 0.512025 0.0302253 0.0849259
0 0.907098 0.126131 0.0821234 0.0633683
0 0.418277 0.215937 0.0531652 0.0406512
0 0.554103 0.346604 0.0301087 0.0224675
0 0.611137 0.180563 0.0373917 0.027971
0 0.360451 0.139753 0.078728 0.059949
0 0.591162 0.582844 0.373722 0.301368
0 0.402218 0.0694731 0.0748683 0.0576263
0 0.0690435 0.0153053 0.128398 0.0304717
