0 0.111705 0.776446 0.104282 0.0963917
0 0.386234 0.431816 0.0638254 0.0600337
0 0.205312 0.410417 0.0565358 0.0534595
0 0.326836 0.905957 0.0384993 0.0356405
0 0.250426 0.470556 0.0470811 0.0448635
0 0.392088 0.374649 0.0495625 0.0457038
0 0.576838 0.532722 0.0413696 0.0370522
0 0.70829 0.169181 0.0380621 0.0355856
0 0.460383 0.799078 0.0296616 0.0274992
0 0.401966 0.0524724 0.0304692 0.0296485
0 0.551423 0.823223 0.0334575 0.031239
0 0.647839 0.919428 0.0282271 0.0262915
0 0.829979 0.828891 0.0291916 0.0275307
0 0.863099 0.821754 0.0293243 0.0278175
0 0.961919 0.907921 0.0256643 0.0248097
0 0.159719 0.543386 0.0456748 0.0429596
0 0.818705 0.647932 0.0296462 0.028389
0 0.691928 0.485098 0.0296757 0.0260982
0 0.0121236 0.0735332 0.024241 0.0348418
0 0.798484 0.608522 0.0279887 0.0265343
0 0.738808 0.584364 0.0269749 0.0248937
0 0.267548 0.754212 0.027916 0.0259008
0 0.106353 0.453787 0.0437734 0.0407943
0 0.982985 0.248964 0.0262108 0.0239342
0 0.485253 0.498238 0.0302643 0.027904
0 0.736912 0.542741 0.0298088 0.0275614
0 0.023127 0.961393 0.0294675 0.0269337
0 0.405297 0.523361 0.0308602 0.0289211
0 0.451638 0.822768 0.0246637 0.0231547
0 0.507021 0.645672 0.057914 0.0520818
0 0.0970696 0.439231 0.0288601 0.0281785
0 0.707294 0.543724 0.0291796 0.0260494
0 0.241092 0.811218 0.0240253 0.022881
0 0.172056 0.188922 0.0229206 0.022396
0 0.624616 0.0858243 0.0268668 0.0251298
0 0.489892 0.353545 0.024777 0.0230771
0 0.8279 0.589039 0.112649 0.103137
0 0.147381 0.588621 0.0472097 0.0449589
0 0.351165 0.968172 0.0240735 0.0229815
0 0.00854186 0.032997 0.0170251 0.0288397
0 0.391589 0.965738 0.0246204 0.0228665
0 0.646322 0.660061 0.0337453 0.0308979
0 0.682261 0.664797 0.0269516 0.0252429
0 0.519685 0.439749 0.032393 0.029515
0 0.454243 0.933193 0.0254518 0.022541
0 0.65343 0.0810899 0.0255375 0.0242264
0 0.625767 0.843222 0.0256103 0.02422
0 0.230203 0.555274 0.0278345 0.0262942
0 0.286331 0.967186 0.0249294 0.0233316
0 0.201342 0.820754 0.0238196 0.0225344
0 0.0111143 0.513323 0.0221002 0.0226966
0 0.168892 0.90038 0.0244572 0.0235271
0 0.0237689 0.611712 0.0370108 0.0347784
0 0.778347 0.145263 0.0219038 0.0212518
