0 0.119632 0.794826 0.096691 0.0889694
0 0.918621 0.415052 0.0561929 0.050783
0 0.0229366 0.737818 0.0457958 0.0564008
0 0.626993 0.947434 0.187372 0.105133
0 0.862199 0.162485 0.103752 0.0966974
0 0.0606322 0.964304 0.0386372 0.0356832
0 0.444817 0.495767 0.0305661 0.0285207
0 0.793596 0.0933027 0.0900565 0.0860037
0 0.696929 0.615089 0.0313568 0.029686
0 0.237173 0.195336 0.403795 0.335368
0 0.773571 0.335664 0.0450981 0.040987
0 0.405726 0.0470125 0.0336041 0.032131
0 0.385209 0.740814 0.030253 0.029144
0 0.271911 0.859178 0.0340439 0.0323288
0 0.718703 0.470069 0.0286897 0.027252
0 0.192007 0.924202 0.0316474 0.0294757
0 0.172157 0.806126 0.0274305 0.0259926
0 0.789541 0.77809 0.0338626 0.0315147
0 0.173101 0.6312 0.0480045 0.0451307
0 0.634517 0.379489 0.0289621 0.0271538
0 0.190976 0.138327 0.0297379 0.0284464
0 0.908916 0.235274 0.036759 0.0347881
0 0.547321 0.935966 0.0291339 0.0273191
0 0.985858 0.328304 0.0281992 0.0349946
0 0.152098 0.572168 0.0265992 0.0244993
0 0.598051 0.529739 0.025991 0.0249755
0 0.447391 0.661953 0.0270838 0.0260315
0 0.479734 0.700968 0.052563 0.0499738
0 0.72785 0.428731 0.0492952 0.046617
0 0.342494 0.868244 0.0254549 0.0242298
0 0.312258 0.427104 0.486744 0.384441
0 0.567205 0.0716367 0.0335557 0.0320213
0 0.586735 0.895671 0.0355127 0.03334
0 0.495458 0.250588 0.0316653 0.0310214
0 0.839283 0.896901 0.0257795 0.0243848
0 0.95744 0.276245 0.0851207 0.0978832
0 0.780614 0.516012 0.0316719 0.0299232
0 0.365156 0.945808 0.19448 0.108384
0 0.41855 0.668216 0.0280344 0.0267634
0 0.240318 0.116809 0.0302721 0.028008
0 0.849633 0.757499 0.0288237 0.0275223
0 0.958555 0.361219 0.0343645 0.0306082
0 0.108047 0.947242 0.0254845 0.0237937
0 0.357211 0.972528 0.0239301 0.0228484
0 0.85773 0.289977 0.0326345 0.0302548
0 0.125901 0.992939 0.0245961 0.014122
0 0.880617 0.548167 0.0388786 0.0354428
0 0.91431 0.703317 0.171381 0.39128
0 0.141406 0.843981 0.0239531 0.0228353
0 0.0479434 0.444181 0.0932271 0.444434
0 0.124042 0.464718 0.0242602 0.0228762
0 0.102958 0.530702 0.0267473 0.0243182
0 0.866645 0.252523 0.0288887 0.0276379
0 0.944054 0.25611 0.0498798 0.0465524
0 0.269941 0.817951 0.0361586 0.0346438
0 0.164783 0.0567053 0.0237551 0.0229357
0 0.219914 0.701532 0.0567793 0.0531623
0 0.789816 0.064322 0.0238231 0.0235136
0 0.0603032 0.710563 0.111271 0.0989599
0 0.759714 0.189246 0.024296 0.0231546
0 0.0661551 0.0404376 0.0807354 0.0739368
0 0.195474 0.18258 0.0237188 0.0226007
