0 0.579534 0.804292 0.14462 0.133585
0 0.208665 0.496046 0.142956 0.128163
0 0.110832 0.914481 0.0633391 0.059314
0 0.42299 0.948198 0.0461092 0.0426236
0 0.924408 0.856916 0.100992 0.094965
0 0.586568 0.237067 0.0395395 0.0363239
0 0.742475 0.984113 0.0370855 0.0314104
0 0.106148 0.757416 0.0560096 0.0515677
0 0.419043 0.921357 0.174656 0.155681
0 0.250935 0.942186 0.0337214 0.0309706
0 0.691689 0.989279 0.0467439 0.0214422
0 0.772363 0.19328 0.218326 0.199524
0 0.975184 0.613657 0.0376799 0.0346057
0 0.404745 0.532673 0.0459138 0.0402474
0 0.258894 0.732495 0.0570439 0.0537882
0 0.779106 0.889319 0.027045 0.026462
0 0.460937 0.35664 0.040299 0.036696
0 0.242584 0.176795 0.0277136 0.024484
0 0.60549 0.0478482 0.0295742 0.0278144
0 0.43516 0.113202 0.0269959 0.0250242
0 0.887301 0.979044 0.0310196 0.0295442
0 0.295038 0.620115 0.0646477 0.0612488
0 0.0982425 0.862598 0.0285601 0.0262728
0 0.0648232 0.533562 0.0421874 0.0391644
0 0.0384451 0.503282 0.0477379 0.0449543
0 0.589473 0.349659 0.0340075 0.0315895
0 0.404079 0.831425 0.0253579 0.0243657
0 0.267158 0.655496 0.0263649 0.0251477
0 0.19963 0.529276 0.0258528 0.0241742
0 0.79472 0.867995 0.0485444 0.0469765
0 0.832077 0.839757 0.0350969 0.033747
0 0.961659 0.537737 0.0766811 0.0996208
0 0.354588 0.322908 0.0829035 0.0744156
0 0.385555 0.987479 0.0241554 0.0227961
0 0.340894 0.514604 0.025605 0.0237298
0 0.701251 0.939148 0.0231674 0.0226265
0 0.239169 0.0826237 0.478338 0.165247
0 0.127824 0.831163 0.0273252 0.0254463
0 0.681504 0.898306 0.0231522 0.0224557
0 0.776219 0.992761 0.0240322 0.0144776
0 0.22417 0.72695 0.0251807 0.0238481
0 0.698019 0.621639 0.0276966 0.0260832
0 0.971703 0.899341 0.0271769 0.0263541
0 0.135635 0.667665 0.0299258 0.0282545
0 0.874106 0.818484 0.0241135 0.0232769
0 0.960117 0.743159 0.0271495 0.0259987
0 0.103671 0.655591 0.0324969 0.0300403
0 0.903672 0.214582 0.0231397 0.0226928
0 0.84716 0.704579 0.0325238 0.0301936
0 0.819733 0.518395 0.0353047 0.0325568
0 0.367986 0.780903 0.0290464 0.0281026
0 0.328777 0.819565 0.0435739 0.0414693
0 0.0501877 0.738681 0.023838 0.0223622
