0 0.646189 0.85922 0.125916 0.122556
0 0.396876 0.10172 0.102482 0.0983028
0 0.573516 0.451183 0.0592158 0.0583999
0 0.0865825 0.511323 0.0305635 0.0288901
0 0.411191 0.281131 0.0301304 0.0294138
0 0.399969 0.515597 0.0275547 0.0268672
0 0.521427 0.507159 0.0424588 0.0413959
0 0.582578 0.570774 0.0478046 0.0469215
0 0.6231 0.763085 0.0603735 0.0585299
0 0.408027 0.436733 0.0258999 0.0251678
0 0.601778 0.798923 0.030189 0.0295503
0 0.531242 0.767527 0.12049 0.115582
0 0.676463 0.710043 0.0346453 0.0336174
0 0.296459 0.494115 0.0377752 0.0371892
0 0.610977 0.534068 0.0428192 0.0408752
0 0.631987 0.654922 0.0253537 0.0246658
0 0.697224 0.674182 0.0479755 0.0462265
0 0.541361 0.295166 0.022733 0.0225227
0 0.330241 0.523385 0.0293387 0.0289432
0 0.783519 0.839741 0.0230056 0.0219755
