0 0.61653 0.816892 0.117707 0.111879
0 0.592359 0.27816 0.103561 0.0970988
0 0.488973 0.789038 0.0600357 0.055006
0 0.393447 0.484259 0.0928557 0.0860698
0 0.524471 0.229062 0.104619 0.0993446
0 0.204421 0.883067 0.125478 0.116963
0 0.610906 0.601307 0.0626518 0.0593427
0 0.943651 0.950627 0.110839 0.0987458
0 0.45321 0.265574 0.0730441 0.0686256
0 0.47001 0.634034 0.078826 0.0737996
0 0.158386 0.233186 0.316772 0.348791
0 0.311308 0.84891 0.110422 0.100594
0 0.108517 0.738025 0.207736 0.200356
0 0.304514 0.0544415 0.0665808 0.0630577
0 0.736168 0.160655 0.0380393 0.0369788
0 0.0929591 0.271188 0.054042 0.0528567
0 0.174324 0.329787 0.0273107 0.026965
0 0.35748 0.427921 0.031358 0.0290836
0 0.563493 0.462164 0.0451772 0.0429462
0 0.298848 0.707594 0.0611836 0.0545783
0 0.329634 0.951344 0.0363722 0.0335001
0 0.971613 0.110913 0.0304677 0.0284095
0 0.641476 0.434228 0.0265825 0.0256017
0 0.947824 0.840788 0.0436304 0.0429302
0 0.0272701 0.238547 0.0310751 0.0302864
0 0.486103 0.420584 0.0334469 0.0318844
0 0.130199 0.499823 0.0541675 0.050606
0 0.27347 0.396357 0.0267434 0.0256581
0 0.155526 0.431591 0.0306706 0.0299479
0 0.97975 0.209871 0.0404993 0.0585671
0 0.592532 0.204452 0.0361851 0.0347952
0 0.398059 0.279676 0.0284527 0.0273761
0 0.868429 0.210472 0.0294771 0.0286908
0 0.272008 0.745234 0.0641718 0.057857
0 0.584739 0.0383318 0.170971 0.076541
0 0.654324 0.140576 0.0264825 0.0253265
0 0.771155 0.484591 0.0302712 0.0286634
0 0.740929 0.691524 0.249604 0.228598
0 0.869811 0.624397 0.0368686 0.0338569
0 0.946001 0.582253 0.0288937 0.0270574
0 0.370682 0.975511 0.0861754 0.0488518
0 0.140876 0.0949502 0.280915 0.188947
0 0.618612 0.146876 0.0368408 0.0347439
0 0.880803 0.704455 0.0268262 0.0248408
0 0.643293 0.208987 0.0252736 0.024754
0 0.0307586 0.754944 0.0353209 0.032882
0 0.254573 0.700526 0.0253009 0.0238215
0 0.58674 0.70118 0.0428953 0.0389638
0 0.603281 0.470628 0.0383106 0.0374629
0 0.790862 0.23073 0.0235297 0.0229778
0 0.604068 0.100481 0.0407873 0.0374719
0 0.563615 0.368913 0.0237803 0.0233662
0 0.188818 0.669867 0.0845633 0.0769377
0 0.925433 0.554308 0.0302598 0.0280035
0 0.639452 0.82174 0.0713108 0.0658724
0 0.469188 0.426928 0.029502 0.0285398
0 0.986426 0.137658 0.0271459 0.120836
0 0.952674 0.895379 0.0565023 0.055569
0 0.386356 0.363543 0.0252197 0.0239095
0 0.94907 0.25057 0.0613797 0.0572219
0 0.904709 0.526259 0.0372448 0.0345428
0 0.686533 0.192842 0.0836573 0.0798476
0 0.415051 0.639763 0.025199 0.0233435
0 0.42722 0.0907309 0.0664994 0.0609342
0 0.474352 0.462308 0.0274984 0.0259474
0 0.764771 0.0581101 0.0273126 0.0256512
0 0.892976 0.26616 0.0398663 0.0381726
0 0.401556 0.311898 0.0240494 0.0233293
0 0.476282 0.0217381 0.0386285 0.0356415
0 0.973364 0.49841 0.0425933 0.0386528
0 0.764262 0.247093 0.0234339 0.023155
0 0.256062 0.953904 0.0268341 0.0259511
0 0.237086 0.714454 0.0291791 0.0274887
0 0.883865 0.566253 0.0441194 0.0401263
0 0.147222 0.936631 0.0506481 0.0470033
0 0.910139 0.746273 0.0265436 0.0250266
0 0.643028 0.264719 0.0223473 0.0214167
0 0.0242576 0.38874 0.0251666 0.0246253
0 0.241219 0.377277 0.024271 0.0235776
0 0.815435 0.0461206 0.0636889 0.0588065
0 0.722307 0.310663 0.0230753 0.0226989
0 0.952148 0.392454 0.0471416 0.0436671
0 0.868714 0.409162 0.0981236 0.0898407
0 0.0184006 0.633477 0.0368011 0.116006
0 0.976868 0.70484 0.0459962 0.0897841
0 0.818145 0.273054 0.0320594 0.0306958
0 0.208557 0.955027 0.0241717 0.0238922
0 0.250683 0.944935 0.0367662 0.0359063
0 0.244587 0.798187 0.0650801 0.0586588
0 0.132443 0.636527 0.0475909 0.045138
0 0.84203 0.362098 0.0253939 0.024529
0 0.477667 0.862464 0.0259815 0.0237156
0 0.399116 0.00926995 0.062775 0.0185347
0 0.952992 0.0992084 0.0256554 0.0244601
0 0.367258 0.302654 0.0235909 0.0228097
0 0.304776 0.785322 0.0561164 0.0496421
0 0.833456 0.858874 0.192079 0.194638
0 0.965705 0.0429622 0.0302029 0.028079
0 0.822816 0.743207 0.0366399 0.0332529
