0 0.0388319 0.877454 0.0541798 0.0510855
0 0.437596 0.445958 0.0353937 0.0308287
0 0.319607 0.0583586 0.0453791 0.0403604
0 0.360657 0.58975 0.0328177 0.0288507
0 0.238645 0.672975 0.0388559 0.0360826
0 0.210246 0.230686 0.0339273 0.0304199
0 0.475915 0.809512 0.0460491 0.0439409
0 0.171033 0.0686318 0.0325278 0.0309894
0 0.0571621 0.618805 0.0367866 0.032474
0 0.0555548 0.716676 0.0385414 0.0347707
0 0.179201 0.656261 0.0335981 0.0312409
0 0.0788155 0.661644 0.0334201 0.0298061
0 0.518584 0.276828 0.0301383 0.0267472
0 0.359049 0.0186174 0.0292132 0.0268369
0 0.376547 0.216958 0.0382084 0.0333315
0 0.171091 0.202332 0.025589 0.0231151
0 0.227913 0.191973 0.0283068 0.025716
0 0.0342133 0.814093 0.0316006 0.0292563
0 0.318263 0.913284 0.0383984 0.0345325
0 0.0588875 0.16635 0.0336806 0.0302213
0 0.0941685 0.191478 0.0303169 0.0268235
0 0.108258 0.584587 0.0260652 0.0237613
0 0.203794 0.511867 0.0296528 0.0263615
0 0.420754 0.549637 0.0372484 0.0334686
0 0.372946 0.498066 0.0323457 0.0282999
0 0.0355989 0.592469 0.0368042 0.032614
0 0.439079 0.992392 0.0289435 0.0152168
0 0.517548 0.0479642 0.0508004 0.0460659
0 0.330188 0.359711 0.0248139 0.0222254
0 0.151846 0.343472 0.0304978 0.0268289
0 0.179291 0.503093 0.0253169 0.0232019
0 0.134468 0.849621 0.0426306 0.0391754
0 0.565972 0.095046 0.0322906 0.0299632
0 0.501633 0.0782213 0.0306482 0.028346
0 0.0647214 0.351893 0.0439615 0.0383994
0 0.418976 0.375459 0.0261769 0.0226095
0 0.0282275 0.332041 0.0564551 0.0692654
0 0.111528 0.790847 0.0377846 0.0357341
0 0.342323 0.950927 0.025329 0.0238154
0 0.562389 0.504198 0.0475839 0.0393077
0 0.134101 0.773415 0.0429156 0.0407896
0 0.378681 0.260768 0.0255567 0.022184
0 0.125837 0.713992 0.0272373 0.0248632
0 0.305638 0.562559 0.0266352 0.0245538
0 0.0998067 0.959953 0.0275458 0.0250374
0 0.176644 0.436558 0.0251045 0.0223351
0 0.5827 0.609709 0.0254608 0.0226507
0 0.239717 0.794037 0.03035 0.0285356
0 0.0211831 0.68431 0.0422672 0.0532651
