0 0.423506 0.042346 0.138637 0.0846054
0 0.874553 0.536127 0.141375 0.10227
0 0.768388 0.937073 0.29426 0.125243
0 0.0654304 0.167525 0.0753519 0.0557946
0 0.291985 0.228488 0.072099 0.0556192
0 0.184262 0.11025 0.0552679 0.0409437
0 0.860739 0.0416234 0.0797731 0.0596168
0 0.356786 0.205671 0.0669441 0.049417
0 0.560046 0.250612 0.0747294 0.0563404
0 0.878516 0.266551 0.0644846 0.0479549
0 0.342048 0.263557 0.0527348 0.0389455
0 0.173407 0.47973 0.0506936 0.0383639
0 0.41081 0.654219 0.585526 0.50484
0 0.8842 0.829106 0.127982 0.0974302
0 0.918674 0.341434 0.0825534 0.060004
0 0.573728 0.0657173 0.125347 0.0852974
0 0.631472 0.188526 0.11318 0.0827938
0 0.943145 0.0414194 0.0360341 0.0265004
0 0.452621 0.176757 0.134381 0.0985644
0 0.491375 0.22356 0.0475078 0.0354471
0 0.164492 0.0769163 0.0430406 0.0328826
0 0.85601 0.357294 0.0775817 0.0591629
0 0.670444 0.14162 0.108312 0.0811092
0 0.43811 0.107371 0.0460523 0.034383
0 0.366886 0.291322 0.0310837 0.023417
0 0.574816 0.397771 0.0910943 0.0659647
0 0.912811 0.13186 0.0332806 0.0239169
0 0.47721 0.253489 0.0507019 0.0373057
0 0.840765 0.183321 0.0357521 0.027532
0 0.690754 0.0205845 0.0765093 0.041169
0 0.517698 0.281784 0.0353405 0.0261215
0 0.239115 0.172353 0.031989 0.0246317
0 0.373841 0.339037 0.0367846 0.0274018
0 0.540827 0.0175075 0.147369 0.0350151
0 0.59986 0.068751 0.0761734 0.0541632
