0 0.17071 0.0644151 0.0750037 0.068616
0 0.399296 0.055333 0.0708807 0.0658325
0 0.287827 0.460383 0.0595752 0.0556937
0 0.208854 0.0298929 0.0650716 0.05938
0 0.840892 0.287962 0.0617881 0.0553557
0 0.222676 0.0984659 0.0553706 0.0497789
0 0.505697 0.0860178 0.0501195 0.0455478
0 0.44048 0.981243 0.0476998 0.0373009
0 0.63226 0.273088 0.0375855 0.03546
0 0.830936 0.910285 0.056098 0.0517313
0 0.698011 0.308848 0.0360327 0.0335543
0 0.768001 0.775549 0.0383358 0.0357299
0 0.736344 0.584743 0.0378478 0.0355399
0 0.478336 0.392268 0.0305784 0.02869
0 0.76634 0.917028 0.0435817 0.04006
0 0.702244 0.162962 0.0345907 0.0328811
0 0.730914 0.684688 0.0399693 0.0381877
0 0.589036 0.96176 0.0336733 0.0314194
0 0.528892 0.827185 0.0405996 0.0375117
0 0.0209758 0.522511 0.0361092 0.0345101
0 0.945891 0.351924 0.0323991 0.0292989
0 0.143384 0.469379 0.0328924 0.0293293
0 0.517646 0.397019 0.0288754 0.0276298
0 0.420728 0.0931238 0.0456848 0.0435346
0 0.95844 0.378199 0.0333448 0.0305398
0 0.461026 0.2101 0.0301683 0.0285
0 0.0385252 0.22714 0.0295527 0.0272123
0 0.274581 0.414644 0.0271032 0.0251103
0 0.599153 0.755239 0.0328035 0.0310907
0 0.745905 0.808425 0.0293791 0.0273244
0 0.402688 0.818075 0.0264896 0.0248538
0 0.685544 0.544871 0.0279613 0.0267262
0 0.316592 0.304155 0.0360804 0.0326859
0 0.00818009 0.454107 0.0163374 0.0490163
0 0.359481 0.29556 0.0300727 0.0276318
0 0.670284 0.130175 0.0283072 0.0269262
0 0.815873 0.112718 0.0264134 0.0250063
0 0.461177 0.376031 0.0269841 0.0251887
0 0.804734 0.446234 0.0287988 0.0267087
0 0.190345 0.945835 0.0256892 0.0239635
0 0.840889 0.602922 0.025852 0.0244796
0 0.52986 0.687406 0.0258763 0.0241554
0 0.940826 0.265562 0.0282769 0.0257522
0 0.339887 0.918783 0.0257167 0.024144
0 0.73304 0.772095 0.0289009 0.0277896
0 0.627338 0.520451 0.0253585 0.0236269
0 0.499303 0.993669 0.0292871 0.012662
0 0.706246 0.74421 0.0246558 0.0230021
0 0.826066 0.948658 0.0253763 0.0236279
0 0.609932 0.626204 0.0274897 0.0259807
0 0.130176 0.22761 0.0310289 0.0288497
0 0.481194 0.187568 0.0386362 0.0360245
0 0.724432 0.993409 0.0265052 0.0131823
0 0.978474 0.751941 0.0303783 0.0288208
0 0.549599 0.0241924 0.0254314 0.0248098
0 0.649722 0.720481 0.0500738 0.0454102
0 0.554592 0.385656 0.0235496 0.0227954
0 0.120268 0.621696 0.0273257 0.0250117
0 0.736139 0.123626 0.0248439 0.0241267
0 0.367487 0.894299 0.0236268 0.0225899
0 0.441799 0.0997088 0.0293266 0.0279687
0 0.816891 0.418128 0.0251405 0.0231531
0 0.81544 0.4803 0.0295454 0.0276729
0 0.867754 0.363862 0.0261933 0.0237424
0 0.313416 0.034146 0.0241009 0.0229523
0 0.930759 0.677152 0.0262135 0.0246022
0 0.581219 0.254101 0.0235306 0.0221925
0 0.864791 0.420318 0.0312705 0.0284294
0 0.775221 0.377058 0.0241013 0.0226642
0 0.392072 0.792327 0.0229915 0.0218388
0 0.707422 0.958524 0.0246074 0.0228398
0 0.840824 0.749807 0.0384626 0.036524
0 0.790411 0.085375 0.0239411 0.0232252
0 0.737242 0.934209 0.0237706 0.0220981
0 0.0305168 0.0463715 0.0244178 0.0230459
0 0.749432 0.632428 0.0236073 0.0222505
0 0.834556 0.464423 0.0361799 0.0334536
0 0.570336 0.273094 0.0232334 0.0223587
0 0.611097 0.0101314 0.0226713 0.0202629
0 0.744202 0.89998 0.0255077 0.0240295
0 0.171313 0.721487 0.0232776 0.02191
