0 0.325292 0.132748 0.15228 0.132815
0 0.866446 0.556328 0.266152 0.274935
0 0.360034 0.0552826 0.100142 0.0882938
0 0.536224 0.109756 0.298982 0.21899
0 0.938131 0.271524 0.123611 0.141854
0 0.94235 0.176426 0.111071 0.0936644
0 0.398769 0.869101 0.0337017 0.0290921
0 0.570247 0.725389 0.329178 0.296061
0 0.977567 0.4074 0.0396509 0.033102
0 0.832443 0.411683 0.119813 0.0984376
0 0.918341 0.704375 0.0757437 0.0684616
0 0.708016 0.935596 0.0872331 0.0792317
0 0.432992 0.357297 0.0302485 0.0259266
0 0.300811 0.879112 0.0932796 0.0803915
0 0.867663 0.719563 0.0268262 0.0249111
0 0.607411 0.398382 0.0957854 0.0837866
0 0.978483 0.699723 0.0364228 0.0324608
0 0.631705 0.583298 0.201645 0.177699
0 0.955674 0.905246 0.0839968 0.0765374
0 0.971764 0.812977 0.0562274 0.0876159
0 0.79115 0.964882 0.0901235 0.0702362
0 0.821989 0.18066 0.12717 0.105611
0 0.209936 0.253581 0.208869 0.174428
0 0.67632 0.451933 0.0780585 0.0670879
0 0.715195 0.390154 0.105353 0.085678
0 0.931683 0.418369 0.0718233 0.0618096
0 0.43313 0.0161166 0.134531 0.0320598
0 0.164409 0.57049 0.0468929 0.0401731
0 0.902628 0.123905 0.0560025 0.0472199
0 0.0227308 0.930596 0.0453632 0.0505292
0 0.0668882 0.960589 0.0671145 0.0549978
0 0.825558 0.943513 0.0701872 0.0654597
0 0.430132 0.0439682 0.0388064 0.0340036
0 0.25963 0.492276 0.0692702 0.0604126
0 0.657481 0.897612 0.0715997 0.063113
0 0.113369 0.451096 0.0591002 0.050251
0 0.912712 0.942399 0.06419 0.0583932
0 0.994345 0.015323 0.0113091 0.0302057
0 0.474964 0.870188 0.0366606 0.0316917
0 0.988859 0.306087 0.0222828 0.0237566
0 0.147441 0.518049 0.0512191 0.0427195
0 0.0170813 0.65224 0.0341626 0.151437
0 0.579154 0.896615 0.0459574 0.0372832
0 0.520823 0.306475 0.177425 0.149317
0 0.568997 0.0198316 0.063773 0.0395718
0 0.86073 0.92025 0.0255849 0.0237415
0 0.886343 0.0474322 0.0521739 0.0435897
0 0.392531 0.452531 0.362922 0.341632
0 0.103493 0.729251 0.191191 0.168808
0 0.653781 0.00906376 0.060041 0.0180925
