0 0.557699 0.93994 0.136047 0.12012
0 0.317605 0.371776 0.191092 0.179279
0 0.803047 0.16722 0.389486 0.334439
0 0.535709 0.38953 0.15119 0.142734
0 0.418879 0.298447 0.0546117 0.0496736
0 0.321869 0.0410911 0.0374137 0.0345028
0 0.828064 0.820415 0.0702634 0.0668933
0 0.887125 0.0672293 0.0366145 0.031166
0 0.869555 0.884806 0.0405414 0.0386345
0 0.654632 0.912132 0.0496105 0.0469067
0 0.588973 0.0869049 0.0965229 0.0882492
0 0.918576 0.473601 0.0440066 0.0415529
0 0.335208 0.575844 0.063511 0.0609137
0 0.709391 0.833398 0.0423023 0.040273
0 0.0110517 0.858151 0.0220848 0.0327422
0 0.027436 0.0387912 0.054872 0.0725186
0 0.319839 0.0957895 0.0297682 0.0270857
0 0.670249 0.849515 0.0337192 0.0323133
0 0.862806 0.528001 0.0338809 0.0323656
0 0.509744 0.213194 0.027223 0.024984
0 0.793627 0.658139 0.0267239 0.0256453
0 0.967093 0.281937 0.0430063 0.038648
0 0.225582 0.449317 0.0313892 0.0299374
0 0.63944 0.981378 0.051693 0.037245
0 0.148882 0.638246 0.0390919 0.0365679
0 0.87202 0.436882 0.0890703 0.0826383
0 0.412897 0.588278 0.0277127 0.0263674
0 0.680003 0.41129 0.322869 0.296967
0 0.687481 0.0732261 0.113165 0.0989263
0 0.437687 0.97662 0.0254534 0.0240421
0 0.91327 0.35576 0.12065 0.107503
0 0.425197 0.638531 0.0249043 0.0237331
0 0.591666 0.656197 0.025199 0.0239811
0 0.801401 0.602393 0.027605 0.0261043
0 0.108986 0.140092 0.0250384 0.0248384
0 0.465426 0.821479 0.0246124 0.0240858
0 0.754884 0.97424 0.120554 0.051187
0 0.38988 0.267779 0.0252826 0.0237366
0 0.108002 0.165697 0.0241908 0.0238172
0 0.738105 0.914028 0.0327945 0.0317076
0 0.876754 0.66427 0.24343 0.230802
0 0.875757 0.476525 0.0320224 0.0300706
0 0.940437 0.49464 0.024718 0.0231155
0 0.726446 0.766438 0.0293918 0.0277564
0 0.680563 0.678591 0.0246043 0.0236987
0 0.258511 0.212404 0.0240078 0.0235599
0 0.806631 0.52315 0.0270396 0.0258501
0 0.804617 0.809433 0.0242777 0.0233568
0 0.897983 0.743781 0.0253951 0.0247838
0 0.217551 0.872101 0.0272391 0.0255686
0 0.439651 0.607157 0.0374354 0.0355408
0 0.666849 0.873992 0.0255549 0.0247218
0 0.735593 0.677075 0.0448907 0.0423808
0 0.835172 0.710256 0.0341303 0.0330076
0 0.614404 0.602877 0.0308776 0.0290341
0 0.978767 0.544668 0.0421898 0.0528073
0 0.994195 0.953004 0.011611 0.02284
0 0.711196 0.794545 0.0265604 0.0261639
0 0.593019 0.0308322 0.104183 0.0616644
0 0.885774 0.918818 0.228452 0.162115
