0 0.756723 0.434106 0.241644 0.234156
0 0.863613 0.0617761 0.136101 0.123552
0 0.907995 0.789682 0.0817601 0.0783471
0 0.976575 0.915283 0.0467272 0.0492682
0 0.146807 0.559692 0.0441102 0.0421309
0 0.328919 0.890181 0.0543563 0.053428
0 0.755897 0.906644 0.0525939 0.0518915
0 0.431197 0.785143 0.0470794 0.0451504
0 0.371348 0.960957 0.0492293 0.0477474
0 0.974252 0.561229 0.0512575 0.0602865
0 0.235051 0.603999 0.0403833 0.0385828
0 0.739943 0.852383 0.0387509 0.0381459
0 0.781237 0.561377 0.0479531 0.0459371
0 0.534713 0.592207 0.0306745 0.0300876
0 0.899619 0.617587 0.0340465 0.0332913
0 0.234898 0.861345 0.0361556 0.036224
0 0.0893454 0.604695 0.0313102 0.0309463
0 0.365111 0.542893 0.0295038 0.0287566
0 0.597843 0.178203 0.0378964 0.0368884
0 0.755738 0.694634 0.0497525 0.0481041
0 0.703913 0.0981238 0.042685 0.0415871
0 0.05067 0.763613 0.0375799 0.0368843
0 0.858042 0.717762 0.0491331 0.0475959
0 0.384265 0.458222 0.0284444 0.0277454
0 0.584785 0.448661 0.0338657 0.0331871
0 0.860703 0.361406 0.0259722 0.0256351
0 0.408311 0.102626 0.0285516 0.0277439
0 0.79117 0.799167 0.0509332 0.0494854
0 0.509575 0.113363 0.0444014 0.0427705
0 0.0404134 0.246581 0.0278865 0.0267285
0 0.167427 0.764412 0.0310227 0.0304365
0 0.267426 0.64046 0.0259228 0.0252438
0 0.490045 0.224443 0.040357 0.0393708
0 0.57185 0.972108 0.0246199 0.0244366
0 0.0599356 0.732752 0.0355763 0.0335248
0 0.503921 0.547214 0.0246849 0.0240907
0 0.730315 0.0696469 0.0444234 0.0440618
0 0.811738 0.308647 0.0326709 0.031862
0 0.676525 0.278402 0.0278544 0.0269881
0 0.83784 0.0177429 0.0770669 0.0354846
0 0.950292 0.128482 0.0248456 0.0246276
0 0.145033 0.940763 0.288859 0.11758
0 0.304699 0.56126 0.0233757 0.0229386
0 0.64806 0.316288 0.0240397 0.0235789
0 0.445786 0.175196 0.0411563 0.0399796
0 0.42618 0.131206 0.0259582 0.0252312
0 0.0904776 0.0167112 0.0720421 0.0333043
0 0.455445 0.965373 0.167071 0.0691201
0 0.283047 0.289495 0.0230662 0.0228498
0 0.567911 0.628726 0.0571094 0.0546915
0 0.874965 0.307828 0.0228478 0.0226191
0 0.727423 0.782401 0.0246271 0.0238845
0 0.481788 0.701242 0.0229788 0.0224575
0 0.989258 0.632837 0.0214835 0.0228357
0 0.473657 0.0403129 0.0235586 0.0238109
0 0.0487084 0.689333 0.0408805 0.0391345
0 0.820354 0.760013 0.0504367 0.0495979
0 0.592945 0.519171 0.209209 0.197811
0 0.856162 0.136073 0.0223231 0.0224634
