0 0.33511 0.514826 0.0448833 0.0436533
0 0.054707 0.571248 0.041835 0.0414397
0 0.858921 0.984661 0.0590302 0.0306018
0 0.515733 0.887302 0.0352891 0.0353661
0 0.829262 0.636204 0.0571742 0.0547693
0 0.427891 0.367651 0.0309453 0.0298334
0 0.314649 0.558489 0.0274144 0.0263198
0 0.0422414 0.955032 0.0426236 0.0408155
0 0.538561 0.635675 0.0475492 0.0457075
0 0.38743 0.0205139 0.0412701 0.039768
0 0.755565 0.908118 0.0317184 0.0308886
0 0.772589 0.685101 0.0291402 0.0285468
0 0.358305 0.167964 0.069653 0.0672309
0 0.921825 0.612305 0.0296999 0.0288703
0 0.929598 0.385435 0.0390007 0.0378598
0 0.447255 0.675315 0.0543312 0.0530996
0 0.849183 0.283103 0.0672102 0.0648424
0 0.802749 0.715789 0.041216 0.0398204
0 0.664358 0.777088 0.0267785 0.0258424
0 0.975616 0.723475 0.0462447 0.0441922
0 0.608603 0.0894282 0.0257339 0.0251678
0 0.877491 0.812315 0.0273064 0.0266392
0 0.291366 0.0175014 0.0306712 0.0298675
0 0.78613 0.308112 0.0629803 0.0605555
0 0.987149 0.865435 0.0255092 0.0422111
0 0.794415 0.979519 0.0502148 0.0409121
0 0.860332 0.725358 0.0232738 0.0225849
0 0.971392 0.271187 0.0296162 0.0283204
0 0.840404 0.899229 0.0231396 0.0223934
0 0.624628 0.733643 0.0439756 0.0426928
0 0.69866 0.902173 0.0243971 0.0243173
0 0.842845 0.823514 0.0412221 0.0395725
0 0.82862 0.793584 0.0372088 0.0364953
0 0.137986 0.369775 0.0260351 0.0254934
0 0.843862 0.405001 0.0601285 0.0584149
0 0.977687 0.950383 0.0316434 0.0307319
0 0.986492 0.178744 0.0249705 0.0250849
0 0.573948 0.834942 0.0239143 0.0237181
0 0.120508 0.406984 0.0734169 0.0719724
0 0.885488 0.226385 0.0541314 0.0529023
0 0.508755 0.0544325 0.0267811 0.0259838
0 0.989037 0.235846 0.021927 0.0328035
0 0.815448 0.443298 0.0450282 0.0436409
0 0.801265 0.264978 0.0248285 0.0249436
0 0.777236 0.459233 0.040389 0.039349
0 0.854713 0.769608 0.0224372 0.0219166
0 0.577208 0.595711 0.0302135 0.0294561
0 0.427027 0.226525 0.0300388 0.0291686
0 0.693598 0.300968 0.0320497 0.0310788
0 0.253065 0.713026 0.0219826 0.021651
0 0.352493 0.236828 0.0633359 0.0621098
0 0.0132403 0.508241 0.0264806 0.0371132
0 0.635849 0.969007 0.0237429 0.0238603
0 0.124748 0.782869 0.0231209 0.0223949
0 0.631862 0.424532 0.0579955 0.055824
0 0.195211 0.654269 0.0233552 0.0228179
0 0.987176 0.335656 0.0249498 0.0260179
0 0.535951 0.534872 0.0446342 0.0423899
0 0.336215 0.0803448 0.0336633 0.0327545
0 0.769386 0.757425 0.0234413 0.0231757
0 0.923214 0.351128 0.0469613 0.0440495
0 0.520277 0.438406 0.0597406 0.0579555
0 0.917695 0.3488 0.0367268 0.0360925
0 0.379206 0.0729493 0.025495 0.0249192
