0 0.412382 0.10177 0.0801418 0.0693778
0 0.675812 0.145852 0.0824885 0.0730571
0 0.333972 0.978469 0.0804609 0.0430245
0 0.320124 0.254287 0.0500462 0.0439813
0 0.470935 0.682323 0.0485067 0.0427077
0 0.0643854 0.90176 0.0602703 0.0522426
0 0.335753 0.341123 0.0520883 0.0463264
0 0.217177 0.0576896 0.151371 0.115379
0 0.49945 0.7184 0.0548167 0.0478422
0 0.300243 0.161834 0.0408037 0.0358882
0 0.597196 0.0250195 0.0752771 0.0500389
0 0.0758921 0.727624 0.0476377 0.0421041
0 0.338697 0.416872 0.0434839 0.0373424
0 0.429702 0.843769 0.0316078 0.0275522
0 0.705638 0.9495 0.0358184 0.0315005
0 0.625818 0.917473 0.0569308 0.0505718
0 0.777499 0.72489 0.0367951 0.0333602
0 0.235522 0.071631 0.0321047 0.0271076
0 0.958918 0.606737 0.0291863 0.0264918
0 0.458929 0.874471 0.0274942 0.0248626
0 0.448004 0.587216 0.0434394 0.0372532
0 0.397484 0.584893 0.0359798 0.0309401
0 0.845871 0.540537 0.0542998 0.0507185
0 0.293404 0.615412 0.0309594 0.0270529
0 0.658888 0.838312 0.0296845 0.0261522
0 0.711816 0.661179 0.027601 0.0255821
0 0.430296 0.562225 0.0307881 0.0256643
0 0.377111 0.394978 0.0385214 0.0327591
0 0.704071 0.985005 0.0268638 0.0241267
0 0.0238569 0.753845 0.0275399 0.0249685
0 0.957821 0.907305 0.0265204 0.0231577
0 0.73698 0.291583 0.0309613 0.027
0 0.398724 0.87395 0.0263047 0.0229125
0 0.42238 0.413037 0.0269199 0.0232282
0 0.903511 0.994653 0.0315807 0.010695
0 0.255801 0.871013 0.0274755 0.0243446
0 0.123184 0.653856 0.0288921 0.0256493
0 0.56864 0.363529 0.0300982 0.0262698
0 0.908167 0.424587 0.0273659 0.0253178
0 0.685424 0.571506 0.0278881 0.0251367
0 0.58589 0.829361 0.0286107 0.0255685
0 0.555792 0.0843218 0.0571073 0.0504097
0 0.053367 0.0496964 0.10654 0.0993575
0 0.181782 0.407827 0.0265481 0.022942
0 0.487506 0.00391367 0.0290838 0.00782734
0 0.987953 0.763549 0.0240947 0.0245094
0 0.356067 0.257743 0.0246962 0.021847
0 0.389287 0.852695 0.0263197 0.0230467
0 0.262706 0.661967 0.0251641 0.022679
0 0.490441 0.611435 0.0276251 0.0240736
0 0.523567 0.772374 0.0295646 0.0253034
0 0.380469 0.412541 0.0261695 0.0242703
0 0.56089 0.733357 0.0254395 0.0230269
0 0.116966 0.726158 0.02629 0.0236218
0 0.036486 0.926525 0.0236525 0.0207964
0 0.155011 0.176826 0.0246881 0.0223575
0 0.470654 0.752157 0.0301971 0.0264285
0 0.452366 0.549323 0.0266982 0.02351
0 0.420044 0.58553 0.0246463 0.0214474
