0 0.525102 0.500179 0.0556676 0.0542165
0 0.785637 0.242735 0.0567178 0.0550349
0 0.455761 0.246679 0.0579667 0.055566
0 0.252435 0.469666 0.0302442 0.0287955
0 0.977188 0.699228 0.0281605 0.0271649
0 0.560101 0.405348 0.0324473 0.0311046
0 0.914716 0.549048 0.0294995 0.0287875
0 0.118769 0.555259 0.0278702 0.0270319
0 0.767364 0.0915745 0.028167 0.0268168
0 0.262512 0.30425 0.0327929 0.0317436
0 0.548805 0.644453 0.0276754 0.0266543
0 0.530395 0.36597 0.0266991 0.0256847
0 0.604839 0.835601 0.042651 0.0418186
0 0.129818 0.241824 0.086918 0.0820413
0 0.69411 0.0407433 0.0689184 0.0669171
0 0.31821 0.240422 0.0280585 0.0264758
0 0.863349 0.293413 0.040212 0.0393655
0 0.587122 0.686113 0.0241472 0.0235733
0 0.333966 0.413664 0.0263282 0.0252573
0 0.569497 0.589401 0.122998 0.120561
0 0.216207 0.611726 0.0289764 0.027645
0 0.726756 0.957245 0.0322797 0.0309248
0 0.647338 0.362898 0.0241317 0.0241557
0 0.915672 0.930121 0.0326715 0.030906
0 0.941856 0.105337 0.0245051 0.0239061
0 0.250465 0.151956 0.0262574 0.0253611
0 0.794197 0.139218 0.0478917 0.047931
0 0.536216 0.227896 0.0385208 0.0380303
0 0.52948 0.741725 0.0278535 0.0263028
0 0.928159 0.0600458 0.143682 0.119812
0 0.672511 0.642757 0.115057 0.110588
0 0.155664 0.368216 0.0681812 0.0643795
0 0.76239 0.395337 0.0465162 0.0454009
0 0.728504 0.44712 0.0265277 0.025789
0 0.479304 0.659877 0.099394 0.0991321
0 0.395824 0.689874 0.0244466 0.0236379
0 0.442522 0.287609 0.151606 0.148409
0 0.44759 0.96623 0.0921837 0.0675216
0 0.350406 0.137112 0.0896274 0.0887223
0 0.805024 0.451104 0.0292894 0.0285329
0 0.835121 0.0904585 0.0276098 0.0266356
0 0.518413 0.204735 0.034853 0.033569
0 0.534968 0.340646 0.0233097 0.022796
0 0.938956 0.410044 0.0249594 0.0241249
0 0.682942 0.394814 0.0946191 0.0912892
