0 0.633327 0.646591 0.0311796 0.0283389
0 0.233848 0.881129 0.0950956 0.0838019
0 0.283781 0.832679 0.0533271 0.0488003
0 0.356669 0.41293 0.0306357 0.0264643
0 0.487284 0.99397 0.0284188 0.0120593
0 0.531623 0.463868 0.0273703 0.0245877
0 0.0526477 0.544107 0.0270024 0.0244187
0 0.292912 0.686852 0.110867 0.0986481
0 0.598305 0.990173 0.0654504 0.0195689
0 0.127417 0.0953441 0.0249532 0.0224012
0 0.119481 0.953731 0.0791443 0.0716529
0 0.346578 0.347719 0.0266755 0.0236201
0 0.315093 0.771818 0.0801628 0.071898
0 0.0565169 0.978519 0.113034 0.0429622
0 0.05485 0.496117 0.0243513 0.0224036
