0 0.0285826 0.954792 0.0420958 0.0366634
0 0.413552 0.0693389 0.0493166 0.0436161
0 0.454249 0.622248 0.0352363 0.0303013
0 0.028359 0.202755 0.0444709 0.0387462
0 0.487511 0.795419 0.0284545 0.0252144
0 0.243057 0.921269 0.0318986 0.0286901
0 0.898537 0.253575 0.041388 0.0398
0 0.255018 0.0653038 0.0323765 0.0284362
0 0.962017 0.0863389 0.0427408 0.0381383
0 0.24327 0.0493425 0.0303014 0.0265652
0 0.0523567 0.4194 0.0313654 0.0260017
0 0.163017 0.793862 0.029873 0.02636
0 0.867311 0.33046 0.0252223 0.0245411
0 0.247734 0.55929 0.0287487 0.0246768
0 0.783414 0.0739987 0.0293655 0.0271127
0 0.710771 0.0544615 0.0375431 0.0356888
0 0.615942 0.309969 0.0288 0.026078
0 0.867511 0.0561367 0.0257177 0.0237091
0 0.313332 0.675171 0.0257524 0.0220713
0 0.608723 0.0532448 0.0325912 0.029229
0 0.108112 0.134606 0.0900932 0.0768919
0 0.655831 0.407282 0.0235806 0.0217603
0 0.819117 0.170746 0.0236766 0.0224906
