0 0.129418 0.251969 0.135369 0.122062
0 0.94537 0.815235 0.0502509 0.0460145
0 0.547231 0.335586 0.048591 0.0439881
0 0.684626 0.767955 0.0497921 0.0485106
0 0.944463 0.290187 0.065554 0.0621263
0 0.735897 0.946923 0.040659 0.039111
0 0.869075 0.183103 0.0398066 0.0378919
0 0.121798 0.717017 0.0307752 0.029209
0 0.342055 0.435645 0.0338674 0.032084
0 0.551014 0.148498 0.0258603 0.0245397
0 0.640141 0.0392088 0.0261018 0.0246977
0 0.809377 0.44957 0.03892 0.0383799
0 0.706583 0.0280563 0.026152 0.0244216
0 0.603821 0.715237 0.0250114 0.0239099
0 0.918077 0.852945 0.0247186 0.0233714
0 0.75554 0.526745 0.0738871 0.0684042
0 0.622767 0.221959 0.023654 0.0222187
0 0.147106 0.892503 0.0236855 0.0224657
0 0.889223 0.550685 0.0241408 0.023332
