0 0.134108 0.816842 0.111543 0.10437
0 0.16412 0.455547 0.32736 0.376275
0 0.412471 0.15602 0.0486772 0.0463222
0 0.714499 0.302587 0.0374596 0.0357913
0 0.028886 0.885627 0.057707 0.13269
0 0.823879 0.329596 0.352241 0.338798
0 0.393063 0.838252 0.270882 0.251694
0 0.515737 0.375052 0.0358693 0.0350042
0 0.775123 0.578348 0.0255649 0.0246612
0 0.833244 0.134081 0.0462729 0.0441437
0 0.573309 0.781891 0.0262566 0.0257163
0 0.271884 0.0508262 0.0363802 0.0343384
0 0.525756 0.175906 0.416751 0.350783
0 0.745324 0.777511 0.0252781 0.0246511
0 0.845598 0.0715522 0.0909629 0.0869641
0 0.574484 0.584655 0.0425972 0.0411783
0 0.119222 0.946088 0.0360649 0.0336685
0 0.45058 0.311162 0.0438845 0.0430022
0 0.595175 0.959903 0.0268043 0.0262103
0 0.981475 0.137579 0.0232239 0.0228978
0 0.615919 0.896247 0.0248399 0.0238729
0 0.0861945 0.0571431 0.0739604 0.0657568
0 0.621542 0.259307 0.0396388 0.0385258
0 0.720483 0.0645781 0.067269 0.0623538
0 0.443413 0.570893 0.55777 0.556779
0 0.783822 0.52743 0.037296 0.0368278
0 0.273513 0.997021 0.0259381 0.00595818
0 0.547689 0.931626 0.0225614 0.0222872
0 0.615468 0.938344 0.0251719 0.0245872
0 0.72296 0.0563118 0.0755603 0.0729349
