0 0.177125 0.239112 0.271916 0.249094
0 0.83599 0.401272 0.0883479 0.0861649
0 0.499549 0.0298232 0.0759432 0.0593389
0 0.200769 0.340388 0.100872 0.0988737
0 0.195094 0.465001 0.0587374 0.0564709
0 0.741181 0.24054 0.0894493 0.0870533
0 0.519327 0.132382 0.0462542 0.0455165
0 0.438041 0.134071 0.0352845 0.0348992
0 0.085263 0.0835211 0.169236 0.16654
0 0.760674 0.124242 0.0598333 0.0573286
0 0.574075 0.195679 0.0633779 0.0624867
0 0.842029 0.309431 0.0309175 0.0304296
0 0.873865 0.32955 0.0358141 0.0351223
0 0.543217 0.0418221 0.04522 0.0440516
0 0.481946 0.753313 0.0314292 0.0305772
0 0.969685 0.202094 0.0550829 0.0525745
0 0.461835 0.778176 0.0313153 0.0304878
0 0.0527973 0.318398 0.0604684 0.059404
0 0.520185 0.185045 0.0324205 0.0315091
0 0.264807 0.482671 0.0359358 0.0352144
0 0.882352 0.159686 0.0263355 0.0257882
0 0.339969 0.607597 0.225968 0.207043
0 0.44355 0.0736908 0.0291286 0.0284205
0 0.0123525 0.340201 0.0247049 0.034914
0 0.351187 0.706626 0.254125 0.207517
0 0.75187 0.491155 0.071717 0.0703804
0 0.360809 0.450582 0.0317761 0.0307207
0 0.947113 0.13734 0.0639545 0.0618133
0 0.00873933 0.602448 0.0174516 0.0486932
0 0.650657 0.144671 0.0569428 0.055312
0 0.75181 0.0732504 0.0266056 0.0254731
0 0.559015 0.421338 0.0281927 0.0277229
0 0.621445 0.181481 0.0355484 0.0349576
0 0.993288 0.178256 0.0134245 0.0320275
0 0.396781 0.151395 0.0223277 0.0221402
0 0.347417 0.665036 0.264463 0.290556
0 0.958769 0.132582 0.082166 0.0912818
0 0.461932 0.628569 0.0414986 0.0408189
0 0.386852 0.117741 0.0223933 0.0222502
0 0.409692 0.0722901 0.0243908 0.023976
0 0.223834 0.0809506 0.0637765 0.0634063
0 0.877288 0.236772 0.0227812 0.0223485
0 0.859996 0.652434 0.0757666 0.0726051
0 0.231115 0.485726 0.0300125 0.0292077
0 0.032664 0.567473 0.0284342 0.0273179
0 0.693037 0.176979 0.0482728 0.0470017
