0 0.6501 0.211197 0.0328794 0.0319437
0 0.249424 0.29658 0.0303826 0.0297627
0 0.349818 0.0463856 0.0276502 0.0268416
0 0.248987 0.216928 0.0251179 0.0241263
0 0.864813 0.57333 0.0346692 0.0329925
0 0.657103 0.153972 0.0427217 0.0407399
0 0.628219 0.625597 0.024653 0.0234753
0 0.160331 0.7687 0.0391027 0.0375069
0 0.838411 0.551523 0.0318747 0.0295587
0 0.685993 0.0882044 0.0284219 0.0276334
0 0.690465 0.797651 0.0247354 0.0236875
0 0.545768 0.243925 0.0235214 0.0225195
0 0.146775 0.0748663 0.0326146 0.0318353
0 0.0444828 0.0612333 0.0259747 0.0247336
0 0.113265 0.746592 0.0280942 0.026708
0 0.700052 0.168464 0.0229146 0.0220675
0 0.565896 0.261272 0.0255363 0.0249846
0 0.867593 0.318166 0.0328573 0.0318198
0 0.233286 0.278677 0.0256292 0.0248777
0 0.680744 0.138077 0.0230327 0.0220244
0 0.582066 0.275029 0.0284138 0.0272717
0 0.4481 0.310124 0.0317342 0.0314086
0 0.731565 0.26776 0.0278092 0.0263836
0 0.412586 0.195844 0.0230302 0.0224423
0 0.24412 0.111701 0.0266087 0.0262896
0 0.280572 0.261012 0.0302934 0.0292135
0 0.587099 0.214439 0.0242244 0.0235349
0 0.134021 0.532522 0.0290488 0.0276327
0 0.19944 0.110688 0.0237682 0.0234794
