0 0.44819 0.979222 0.0507731 0.041556
0 0.186538 0.661281 0.0424805 0.041365
0 0.829367 0.0134303 0.0382223 0.0268144
0 0.0856821 0.328464 0.0345377 0.0334452
0 0.756013 0.64817 0.0436648 0.0422324
0 0.0497259 0.867985 0.0359113 0.0348927
0 0.658693 0.54351 0.0454962 0.0444118
0 0.985983 0.13279 0.0279073 0.0293277
0 0.902066 0.309565 0.0382299 0.0364453
0 0.698278 0.479844 0.0393498 0.0381263
0 0.912878 0.246237 0.0299857 0.0285892
0 0.236097 0.49148 0.0272656 0.02662
0 0.348545 0.283051 0.0325149 0.0312909
0 0.402691 0.941879 0.0349901 0.0339922
0 0.324412 0.295152 0.0256261 0.0249628
0 0.62509 0.189276 0.0353892 0.034264
0 0.94465 0.293197 0.0370576 0.0356789
0 0.0102542 0.803192 0.0205085 0.0263491
0 0.793867 0.189398 0.0279735 0.0266358
0 0.833484 0.623623 0.0278335 0.0267532
0 0.065023 0.407721 0.0311979 0.0305065
0 0.75555 0.910039 0.03637 0.0350997
0 0.714192 0.569288 0.0261989 0.0256395
0 0.818651 0.49029 0.0339344 0.0334351
0 0.959246 0.194578 0.0258196 0.0243556
0 0.484725 0.788378 0.0247432 0.0244434
0 0.670681 0.621677 0.0253582 0.0246704
0 0.718048 0.758617 0.0253983 0.0247544
0 0.397548 0.786698 0.02434 0.0237546
0 0.893822 0.430742 0.0244753 0.0235242
0 0.113722 0.174067 0.0371897 0.035428
0 0.94528 0.946326 0.0267049 0.0259609
0 0.996238 0.0727045 0.00752449 0.0265421
0 0.0640169 0.585995 0.0246633 0.0236785
0 0.675205 0.504108 0.0266046 0.0262665
0 0.904037 0.746853 0.0243828 0.0234208
0 0.99464 0.360995 0.0107207 0.0235056
0 0.576634 0.639074 0.0257472 0.0253344
0 0.9799 0.303444 0.0234686 0.0227635
0 0.377392 0.514753 0.0267933 0.0267863
0 0.780031 0.526543 0.0258512 0.0249123
0 0.848236 0.508538 0.025863 0.0250084
0 0.934344 0.190132 0.0246131 0.023914
0 0.916911 0.439539 0.023795 0.0229235
0 0.483863 0.729279 0.0254035 0.0249844
0 0.301489 0.89 0.0351019 0.03419
0 0.662994 0.808102 0.0232584 0.022513
0 0.52947 0.657836 0.0245261 0.0240128
0 0.689161 0.954138 0.0229344 0.0228793
0 0.14968 0.80058 0.0229475 0.0220324
0 0.884028 0.0615221 0.0242724 0.0234898
0 0.6541 0.256087 0.394099 0.370135
0 0.854358 0.470377 0.0345449 0.033808
0 0.422572 0.453366 0.135698 0.1299
0 0.741922 0.706519 0.0301984 0.0290932
