0 0.231008 0.440484 0.0577636 0.0445385
0 0.944359 0.294634 0.0516237 0.0415401
0 0.303041 0.268513 0.0516009 0.0392187
0 0.982728 0.141819 0.0345321 0.0478962
0 0.0252454 0.128526 0.0332658 0.0257948
0 0.220501 0.267609 0.0295704 0.0228071
0 0.445535 0.917361 0.0286612 0.0231408
0 0.951839 0.347039 0.0274131 0.0231128
0 0.95639 0.186177 0.05252 0.0427063
0 0.0464039 0.162051 0.0305588 0.0231094
0 0.523133 0.223554 0.0272284 0.0224479
0 0.165929 0.461636 0.0279189 0.0220219
0 0.297511 0.988289 0.0279218 0.0226519
0 0.310391 0.994721 0.0434953 0.0105232
0 0.968695 0.327514 0.042819 0.0338153
0 0.257422 0.11984 0.0295118 0.0237375
0 0.286546 0.943184 0.0270852 0.0227914
