0 0.736142 0.609717 0.167612 0.130731
0 0.642832 0.477146 0.1089 0.0886333
0 0.489065 0.68411 0.111481 0.0884266
0 0.140249 0.73451 0.211139 0.163326
0 0.142409 0.617406 0.101817 0.0821998
0 0.338183 0.790261 0.0904697 0.0749172
0 0.644128 0.389055 0.164484 0.126519
0 0.536432 0.827045 0.0479059 0.0394218
0 0.447265 0.968479 0.0578222 0.0461087
0 0.845069 0.870921 0.0389409 0.0306613
0 0.793792 0.984994 0.047362 0.0295003
0 0.27023 0.516686 0.0701111 0.0556169
0 0.820337 0.942893 0.041996 0.0343174
0 0.705398 0.0841566 0.0345824 0.0279347
0 0.189528 0.133564 0.0471273 0.0365426
0 0.666584 0.204065 0.049158 0.0388393
0 0.76904 0.349307 0.237813 0.182824
0 0.333777 0.656455 0.239579 0.201081
0 0.332573 0.896086 0.0294687 0.0244804
0 0.802063 0.356419 0.0292293 0.0236995
0 0.720387 0.495836 0.0575039 0.0451023
0 0.911043 0.052706 0.0410488 0.032767
0 0.916782 0.924704 0.027555 0.022881
0 0.746218 0.166952 0.201703 0.163825
0 0.410737 0.131245 0.0658209 0.051038
0 0.0351819 0.852574 0.0673579 0.0607261
0 0.900058 0.64969 0.0743523 0.0554242
0 0.817175 0.00879203 0.0414838 0.0175841
0 0.759146 0.695015 0.0558197 0.0444478
0 0.137262 0.992454 0.0409999 0.0150927
0 0.982034 0.694535 0.0358263 0.0444938
0 0.95357 0.305103 0.0361512 0.0282848
0 0.534419 0.710898 0.0270103 0.0226482
0 0.108086 0.839371 0.0296242 0.0249495
0 0.743384 0.546609 0.0809148 0.0627847
0 0.277723 0.735299 0.0512534 0.0411246
0 0.550693 0.339041 0.0315064 0.0248036
0 0.898071 0.517386 0.0541509 0.0400783
0 0.932413 0.858028 0.0279475 0.0233564
0 0.856252 0.990132 0.0282714 0.0197351
0 0.01088 0.0779583 0.0217599 0.0346709
0 0.0141747 0.488827 0.0282643 0.0256213
0 0.422474 0.391711 0.0392192 0.0315302
0 0.367209 0.18532 0.0278554 0.0226748
0 0.439646 0.327702 0.45318 0.387806
0 0.160442 0.801603 0.0556962 0.046567
0 0.0294609 0.106757 0.0466109 0.0362267
0 0.0400874 0.385736 0.0298574 0.0237171
0 0.173937 0.311883 0.0738002 0.0606858
0 0.984713 0.771491 0.0303321 0.188574
