0 0.18761 0.924842 0.0849388 0.0823216
0 0.417081 0.782588 0.0404709 0.0394781
0 0.175916 0.42739 0.0380086 0.0367598
0 0.806723 0.0308091 0.030112 0.0295009
0 0.673178 0.0239173 0.0300871 0.0289793
0 0.628201 0.213561 0.0261697 0.0259467
0 0.377467 0.153789 0.0262619 0.0258062
0 0.381985 0.352273 0.0266911 0.0261798
0 0.168231 0.827402 0.0567488 0.0552705
0 0.93248 0.993598 0.0280194 0.0128035
0 0.10715 0.892578 0.0377732 0.0362691
0 0.0872417 0.160217 0.0304773 0.0300176
0 0.0325291 0.728603 0.0238973 0.0233214
0 0.0557268 0.802562 0.0279205 0.0268679
0 0.0929938 0.0592357 0.0309595 0.0304148
0 0.0380763 0.319669 0.0539251 0.0533357
0 0.013532 0.216069 0.027064 0.0403321
0 0.133111 0.434455 0.0514602 0.0490151
0 0.933124 0.697572 0.0222695 0.0213301
0 0.738217 0.083319 0.0236611 0.0233096
0 0.171708 0.2428 0.0554841 0.0550019
0 0.115538 0.186067 0.0256057 0.0250884
0 0.210081 0.827899 0.0297347 0.0292228
0 0.154286 0.019343 0.0338395 0.0336536
0 0.15353 0.2983 0.0524824 0.0518727
0 0.275764 0.780735 0.0553695 0.0539619
0 0.258327 0.46209 0.0233651 0.0227225
0 0.0195035 0.677575 0.0236205 0.0223639
0 0.191009 0.179723 0.0393105 0.038848
0 0.047143 0.352263 0.0246636 0.0244797
0 0.830665 0.210831 0.0233599 0.0227648
0 0.135741 0.923073 0.0261188 0.0250127
0 0.77854 0.0127012 0.0464742 0.0252893
