0 0.449049 0.355548 0.111238 0.102071
0 0.0462887 0.597713 0.0777615 0.0746128
0 0.596988 0.292032 0.0658898 0.0597173
0 0.366102 0.698325 0.0466849 0.0449564
0 0.819065 0.512535 0.0646019 0.0604418
0 0.927068 0.49995 0.0728284 0.068841
0 0.85653 0.199973 0.0515464 0.0484629
0 0.135056 0.0956463 0.0472119 0.0441267
0 0.550132 0.979125 0.0426623 0.0409882
0 0.352342 0.244632 0.0433851 0.0404439
0 0.743348 0.449697 0.0417933 0.0398011
0 0.646722 0.930557 0.0767619 0.0739002
0 0.0404024 0.140658 0.0753235 0.0708668
0 0.701546 0.258962 0.0617363 0.0580448
0 0.74961 0.332209 0.0408345 0.0375543
0 0.520781 0.445466 0.0321853 0.0296599
0 0.0337637 0.282127 0.0675274 0.0704543
0 0.647871 0.116277 0.0306355 0.0287693
0 0.639658 0.0151205 0.0916489 0.0301295
0 0.127729 0.395298 0.0412129 0.039621
0 0.30027 0.918964 0.405436 0.161443
0 0.44415 0.196502 0.028116 0.0257216
0 0.926678 0.229973 0.0270936 0.0248878
0 0.381573 0.0313276 0.0307236 0.028284
0 0.953334 0.110496 0.0333883 0.0306603
0 0.72443 0.127967 0.0298684 0.0282485
0 0.413319 0.183889 0.0272117 0.0252899
0 0.637102 0.861456 0.0443741 0.0431629
0 0.867427 0.014402 0.0552816 0.0287704
0 0.263861 0.68525 0.0248075 0.0236067
0 0.406362 0.48078 0.0301037 0.0281794
0 0.425019 0.288907 0.0352407 0.0326222
0 0.208294 0.0583311 0.027871 0.025848
0 0.0937927 0.305675 0.0364492 0.0345479
0 0.154436 0.39672 0.0239874 0.0231332
0 0.816782 0.79205 0.0272951 0.0258322
0 0.0164666 0.556458 0.0328878 0.0416438
0 0.419829 0.465057 0.0300562 0.0284739
0 0.153848 0.124908 0.0230751 0.0220472
0 0.745418 0.271034 0.0251001 0.0239825
0 0.0840615 0.0125769 0.0415692 0.0251049
0 0.695415 0.878762 0.0468011 0.0459158
0 0.680747 0.842788 0.0323836 0.0319252
0 0.519309 0.594299 0.0233524 0.0222688
0 0.614082 0.0676524 0.0403663 0.0377635
0 0.949933 0.368348 0.027483 0.0260524
0 0.721362 0.428736 0.0253131 0.0235602
0 0.860572 0.5706 0.0230119 0.0222035
0 0.358099 0.301325 0.0247529 0.0231825
0 0.969312 0.543176 0.0404231 0.0383128
0 0.66176 0.0529753 0.0225208 0.0219628
0 0.0192219 0.50788 0.0245114 0.023297
0 0.586333 0.34595 0.0239787 0.022741
0 0.565898 0.126791 0.0373096 0.036583
0 0.505686 0.321386 0.0268464 0.0247554
0 0.339554 0.00675782 0.0302647 0.0135156
0 0.986158 0.67684 0.02279 0.0220625
0 0.239312 0.0268993 0.024786 0.0239298
0 0.422292 0.307666 0.0287266 0.0261367
0 0.437338 0.437445 0.0292298 0.0276381
0 0.200993 0.803201 0.0230456 0.0226543
