0 0.416912 0.447746 0.361555 0.234394
0 0.450645 0.0729656 0.0855029 0.068256
0 0.0188143 0.738181 0.0376286 0.0370761
0 0.341418 0.638185 0.0564513 0.0448457
0 0.176943 0.723098 0.0537488 0.0423342
0 0.37818 0.0606641 0.0601875 0.0472873
0 0.746452 0.459864 0.0629759 0.0486746
0 0.466619 0.628921 0.0514479 0.040283
0 0.86396 0.14746 0.0576658 0.0442914
0 0.112724 0.930853 0.0411643 0.0336885
0 0.050496 0.797678 0.0513492 0.0402686
0 0.0284351 0.566806 0.036149 0.0287361
0 0.606333 0.607708 0.0403229 0.0314624
0 0.645102 0.520269 0.0945671 0.0719006
0 0.111745 0.958296 0.0329052 0.0266244
0 0.736381 0.577011 0.0306708 0.0245541
0 0.534254 0.595001 0.0319114 0.0259209
0 0.350524 0.834699 0.0352914 0.0282471
0 0.0468077 0.659794 0.0428892 0.0348274
0 0.120747 0.817052 0.0317362 0.0251658
0 0.596818 0.0854849 0.0292304 0.0235677
0 0.126838 0.243626 0.172087 0.129065
0 0.363524 0.0248906 0.0410088 0.0343469
0 0.123528 0.945001 0.144572 0.109882
0 0.0606502 0.434274 0.0340403 0.0266917
0 0.181473 0.0319423 0.0301052 0.0245493
0 0.178002 0.466236 0.0310274 0.0249278
0 0.371084 0.00931325 0.0860899 0.0185582
0 0.805964 0.733769 0.105553 0.0859583
0 0.473589 0.342342 0.0391058 0.0310791
0 0.124314 0.506534 0.248628 0.240187
0 0.590309 0.934557 0.0873339 0.067444
0 0.774839 0.299894 0.0307005 0.0245057
0 0.318794 0.663301 0.0310826 0.0242879
0 0.300198 0.400105 0.0311131 0.024286
0 0.578473 0.281319 0.0611613 0.0474029
0 0.854046 0.809039 0.0298634 0.0238695
0 0.350525 0.557747 0.0331026 0.026631
0 0.320497 0.212775 0.0463045 0.0366636
0 0.950511 0.490993 0.0945597 0.0744806
0 0.983381 0.261455 0.0332386 0.0386868
0 0.292522 0.575647 0.0293311 0.0233094
0 0.829857 0.582834 0.0434249 0.033309
0 0.720158 0.796494 0.0341609 0.0272813
0 0.787251 0.188884 0.0489168 0.0384741
0 0.155525 0.325443 0.0282927 0.0226232
0 0.441839 0.573144 0.0383469 0.0305634
0 0.149791 0.374096 0.0268162 0.0221456
0 0.408668 0.232552 0.182086 0.13791
0 0.58695 0.580354 0.0285732 0.0224532
0 0.817296 0.161424 0.0378118 0.0302169
0 0.679314 0.61373 0.0831536 0.0633467
0 0.214884 0.799004 0.0724377 0.0556076
0 0.5964 0.97259 0.0716643 0.0546803
0 0.0963463 0.743922 0.0264897 0.0220566
0 0.486327 0.95692 0.0265668 0.0223622
0 0.497539 0.551142 0.0470601 0.0351334
0 0.545778 0.189992 0.0967693 0.0759265
0 0.422713 0.777126 0.201794 0.154552
0 0.897312 0.302481 0.0531333 0.0397146
0 0.0472946 0.460105 0.0329434 0.0241261
