0 0.480383 0.411085 0.129698 0.123108
0 0.54194 0.164819 0.0988746 0.0958983
0 0.774909 0.0561763 0.180378 0.11233
0 0.567397 0.962704 0.0492578 0.0480215
0 0.971156 0.484509 0.0576883 0.148568
0 0.261108 0.487094 0.0422819 0.0415227
0 0.775386 0.612861 0.0507318 0.0496316
0 0.5476 0.659756 0.0797598 0.0776147
0 0.225797 0.35481 0.0427769 0.0417421
0 0.762291 0.566475 0.0512655 0.0498073
0 0.137843 0.51542 0.0855991 0.0831261
0 0.388845 0.564404 0.0708356 0.0697711
0 0.874513 0.709794 0.0309253 0.0306693
0 0.334122 0.58337 0.0371575 0.0365712
0 0.368464 0.683175 0.0354146 0.0345941
0 0.336949 0.678435 0.0467082 0.0460632
0 0.239345 0.42933 0.0838226 0.0815032
0 0.833012 0.864546 0.0528343 0.0513312
0 0.1265 0.925946 0.250557 0.148089
0 0.644196 0.987036 0.0287228 0.0257266
0 0.923824 0.760106 0.0271544 0.0267173
0 0.838258 0.943207 0.0620809 0.0602929
0 0.485791 0.839923 0.0256437 0.0253869
0 0.912368 0.35545 0.0660067 0.0657966
0 0.147413 0.213281 0.0831605 0.0804095
0 0.422684 0.0835043 0.0273379 0.0267945
0 0.713183 0.852586 0.0245733 0.024573
0 0.775021 0.663554 0.0573463 0.0551689
0 0.826867 0.105852 0.0259285 0.0256546
0 0.98891 0.135251 0.0221397 0.0264172
0 0.324456 0.259195 0.0433649 0.0428448
0 0.949832 0.777357 0.0265794 0.026216
0 0.641269 0.958393 0.0258868 0.0254202
0 0.673123 0.363499 0.0381637 0.0371573
0 0.646892 0.311237 0.0296881 0.0289769
0 0.93285 0.389699 0.0645345 0.0625206
0 0.823272 0.24471 0.0333549 0.0326258
0 0.758502 0.735419 0.0290124 0.0286796
0 0.879941 0.236453 0.0293036 0.0290306
0 0.461262 0.993588 0.0321431 0.0128241
0 0.683559 0.590755 0.0264709 0.0260383
0 0.802105 0.502681 0.0261888 0.0254345
0 0.403149 0.989655 0.0888957 0.020669
0 0.957053 0.420189 0.0513544 0.0510175
0 0.910949 0.933183 0.0271728 0.0260139
0 0.0671209 0.0860428 0.0848048 0.0804999
0 0.761219 0.238635 0.0342429 0.0341606
0 0.188281 0.466067 0.0235409 0.0232515
0 0.502957 0.704939 0.0240984 0.0238391
0 0.647896 0.695032 0.118605 0.11701
0 0.559258 0.684695 0.0253703 0.0249438
0 0.957011 0.827734 0.023013 0.0225202
0 0.269858 0.361462 0.0565562 0.0566879
0 0.787524 0.24497 0.0544407 0.0533336
0 0.542111 0.849253 0.0526412 0.0515989
0 0.249581 0.39467 0.05937 0.0567591
0 0.360212 0.985323 0.025021 0.0244765
0 0.0710396 0.154458 0.0864113 0.0859616
0 0.361701 0.810075 0.0589875 0.0589495
0 0.620367 0.728368 0.0225632 0.0228691
0 0.878338 0.267625 0.0689042 0.0696934
0 0.512385 0.508088 0.0577384 0.0552931
0 0.0899818 0.445543 0.114591 0.108911
0 0.827344 0.805315 0.0222002 0.021737
0 0.20493 0.39131 0.0293824 0.028525
0 0.232499 0.00697133 0.0481599 0.0139035
0 0.27165 0.53292 0.0521702 0.0507953
0 0.609646 0.236949 0.0698882 0.0696918
0 0.649412 0.930826 0.0223688 0.0225068
0 0.99127 0.00703505 0.0174593 0.0140701
0 0.0136669 0.810752 0.0273338 0.0608843
0 0.024853 0.78278 0.0497061 0.124219
