0 0.874135 0.492317 0.136947 0.125122
0 0.698317 0.121131 0.051158 0.0431635
0 0.292041 0.288793 0.0372941 0.034509
0 0.397962 0.23896 0.0379042 0.0340796
0 0.854577 0.389477 0.0446586 0.0403567
0 0.309907 0.03256 0.0492097 0.0453174
0 0.293152 0.103262 0.0357561 0.0329487
0 0.931251 0.562209 0.0435391 0.0407221
0 0.0782876 0.454097 0.0337071 0.0304801
0 0.575208 0.406711 0.0400226 0.0362844
0 0.108309 0.194738 0.0710372 0.066853
0 0.461002 0.959654 0.0648931 0.0607555
0 0.53828 0.492358 0.0315167 0.0291669
0 0.180573 0.710127 0.104601 0.0938346
0 0.438749 0.460726 0.0344547 0.0307442
0 0.0776375 0.918622 0.155275 0.157944
0 0.691667 0.160024 0.0367907 0.0314371
0 0.203951 0.0886309 0.0357691 0.0328902
0 0.00947065 0.27375 0.0189413 0.0254111
0 0.0629073 0.493378 0.032513 0.0293977
0 0.797567 0.924484 0.0427065 0.0386581
0 0.187088 0.109198 0.0282422 0.0265402
0 0.543992 0.457294 0.0311267 0.0283451
0 0.129185 0.749855 0.0676992 0.0598794
0 0.00744192 0.6449 0.0148838 0.0452626
0 0.878861 0.632788 0.0271308 0.0245579
0 0.13489 0.963689 0.0327875 0.0290666
0 0.450179 0.860688 0.0558984 0.0518751
0 0.859328 0.913747 0.0365114 0.0320721
0 0.325828 0.655866 0.0265906 0.024507
0 0.575309 0.0787423 0.0682144 0.061544
0 0.077331 0.816484 0.064209 0.0582981
0 0.645485 0.0114731 0.0593011 0.0229174
0 0.656835 0.532203 0.0620846 0.0571354
0 0.421162 0.201778 0.0247837 0.0232487
0 0.944001 0.761587 0.0288054 0.0259746
0 0.0565849 0.418814 0.0252252 0.0234756
0 0.529841 0.860293 0.040303 0.037162
0 0.860799 0.549181 0.0442072 0.0418539
0 0.0408468 0.0489044 0.0813978 0.0935951
0 0.363654 0.673831 0.0301998 0.0274461
0 0.570791 0.0160579 0.0515775 0.0321159
0 0.942303 0.0313031 0.0341478 0.0309685
0 0.177942 0.519613 0.0391865 0.0363019
0 0.714949 0.246616 0.0624317 0.0543778
0 0.315266 0.310868 0.0245705 0.0233159
0 0.931624 0.652854 0.0671832 0.0610306
0 0.349298 0.960276 0.0636894 0.0556498
0 0.963657 0.560945 0.0726867 0.0897462
0 0.540131 0.227825 0.0297029 0.0258621
0 0.791998 0.534409 0.0486716 0.0448046
0 0.726977 0.922945 0.0756494 0.0689003
0 0.0526757 0.72783 0.0273608 0.0244598
0 0.696915 0.0187861 0.0323424 0.0283022
0 0.357602 0.518188 0.0556252 0.0516652
0 0.77048 0.402092 0.152359 0.132727
0 0.162094 0.462532 0.0305481 0.0278835
0 0.0351336 0.236139 0.0389882 0.0372167
0 0.481104 0.685015 0.0552846 0.0507384
0 0.202848 0.763448 0.0686616 0.0626565
0 0.550713 0.842074 0.0321338 0.0295012
0 0.603901 0.899362 0.0631053 0.056788
0 0.229527 0.873224 0.0392334 0.0355579
0 0.652755 0.238822 0.0754662 0.0670978
0 0.978888 0.445078 0.0240951 0.0223941
0 0.457594 0.722057 0.0318444 0.0302086
0 0.724238 0.530934 0.0564035 0.0518022
0 0.25633 0.214841 0.0297957 0.0276473
0 0.738389 0.330046 0.0335423 0.0296109
0 0.556508 0.612703 0.0293746 0.0277237
0 0.407853 0.951347 0.0305914 0.0292058
0 0.573745 0.95964 0.0274035 0.0243896
0 0.15766 0.920417 0.0347027 0.0305221
0 0.0687966 0.838995 0.0305218 0.0277123
0 0.221815 0.133547 0.0311445 0.0286175
0 0.772019 0.859732 0.0264618 0.0247218
0 0.769406 0.558698 0.0268672 0.0252767
0 0.688727 0.71703 0.0298994 0.027514
0 0.77845 0.725021 0.0834453 0.0722325
