0 0.444597 0.581896 0.112699 0.102012
0 0.713506 0.900031 0.358655 0.199572
0 0.502788 0.460208 0.0422022 0.0390294
0 0.126082 0.887917 0.250785 0.223542
0 0.538617 0.132617 0.107277 0.097266
0 0.0623517 0.721798 0.124703 0.159827
0 0.291916 0.442561 0.0519852 0.0470289
0 0.66859 0.675833 0.0463867 0.0428767
0 0.0391143 0.592548 0.0277708 0.0259891
0 0.245114 0.77484 0.0366838 0.0344378
0 0.825289 0.851452 0.0382631 0.0354279
0 0.595358 0.8031 0.0272062 0.0252591
0 0.260295 0.643887 0.0334496 0.0307512
0 0.0116342 0.636109 0.0232635 0.102614
0 0.489506 0.397502 0.049573 0.0446944
0 0.331112 0.75678 0.0391185 0.0376842
0 0.652202 0.0915684 0.117052 0.105615
0 0.865579 0.879947 0.0324014 0.0300999
0 0.302369 0.665391 0.0543169 0.0517302
0 0.673853 0.942874 0.0250127 0.0243807
0 0.990353 0.345784 0.0192943 0.043336
0 0.118225 0.583318 0.0392166 0.0348291
0 0.380395 0.886292 0.0295781 0.0281512
0 0.4316 0.80762 0.0278469 0.0259692
0 0.350658 0.900954 0.0344548 0.0327973
0 0.232493 0.442261 0.0284915 0.0261776
0 0.554236 0.664357 0.0278771 0.0266838
0 0.517463 0.647463 0.0395688 0.0377872
0 0.206454 0.674631 0.0256311 0.0245755
0 0.316845 0.699555 0.038153 0.0355272
0 0.676508 0.550984 0.0486446 0.0446677
0 0.395545 0.0639498 0.0506267 0.0447252
0 0.908488 0.806362 0.0603976 0.0564991
0 0.549714 0.782796 0.0322008 0.0287082
0 0.867237 0.17794 0.0448809 0.0411437
0 0.819188 0.214979 0.0316778 0.0283809
0 0.851124 0.015236 0.0363617 0.0304719
0 0.0198998 0.335862 0.0361565 0.0330658
0 0.956867 0.750358 0.0293758 0.0283049
0 0.688682 0.30619 0.0883348 0.079255
0 0.286871 0.404597 0.0426743 0.037668
0 0.148509 0.715761 0.0364331 0.0340881
0 0.835309 0.585077 0.0252448 0.0234312
0 0.0401269 0.396928 0.054242 0.0501167
0 0.1657 0.0924015 0.0364591 0.0326041
0 0.893369 0.862041 0.0366196 0.0340733
0 0.754343 0.514232 0.0363241 0.0332376
0 0.454223 0.168568 0.114495 0.101623
0 0.207664 0.790468 0.0268244 0.0254855
0 0.705398 0.0331194 0.0827532 0.0661209
0 0.242632 0.11571 0.0959602 0.08817
