0 0.831716 0.567767 0.0407767 0.0393808
0 0.50435 0.0397158 0.0434489 0.0426308
0 0.915723 0.490822 0.0400653 0.0380512
0 0.872001 0.571186 0.0520172 0.0489151
0 0.588151 0.112564 0.0274446 0.0263238
0 0.183863 0.0313599 0.0260467 0.0255283
0 0.854304 0.311853 0.0258596 0.0245738
0 0.741887 0.674966 0.0285573 0.0267927
0 0.152834 0.396295 0.0267251 0.0244831
0 0.993972 0.498238 0.0120554 0.0368509
0 0.662501 0.123412 0.0288388 0.0277397
0 0.551796 0.150113 0.0261063 0.0249447
0 0.440739 0.351963 0.0246768 0.0237859
0 0.00666758 0.775702 0.0133352 0.0257301
0 0.428928 0.990396 0.0452346 0.0191991
0 0.0153852 0.742337 0.0256273 0.0236123
0 0.682941 0.942999 0.0263748 0.0249246
0 0.839653 0.126663 0.0251576 0.0241991
0 0.411957 0.202882 0.0272223 0.0261084
0 0.358629 0.727954 0.0249031 0.0241232
0 0.993369 0.128894 0.0132622 0.0235661
0 0.899398 0.565419 0.0229607 0.0216978
0 0.454169 0.200977 0.038928 0.0372868
0 0.495175 0.0121811 0.0227275 0.0231018
0 0.673256 0.161964 0.0240765 0.0232997
0 0.598359 0.025017 0.0499449 0.047721
0 0.459499 0.214769 0.0283328 0.027708
0 0.676271 0.427212 0.0253074 0.0239119
0 0.768105 0.345452 0.0244356 0.0233772
0 0.489206 0.062433 0.0225642 0.0216487
0 0.215856 0.627359 0.0237268 0.0232876
