0 0.862011 0.288112 0.149201 0.138207
0 0.0692281 0.0301797 0.0757434 0.0603594
0 0.408619 0.931047 0.145482 0.1335
0 0.56038 0.490073 0.382232 0.321044
0 0.334969 0.220421 0.159232 0.14748
0 0.15902 0.665104 0.0406683 0.03719
0 0.238497 0.695694 0.0716636 0.0670153
0 0.963656 0.774002 0.0459485 0.0404613
0 0.0597379 0.433427 0.0406196 0.037386
0 0.730566 0.482323 0.0288665 0.0264137
0 0.677911 0.118035 0.0486686 0.0441172
0 0.77799 0.156276 0.0412917 0.0380031
0 0.403005 0.657388 0.141612 0.125473
0 0.112954 0.316693 0.04998 0.0461378
0 0.671525 0.369684 0.0273678 0.0250374
0 0.938396 0.563768 0.123208 0.296554
0 0.0253052 0.560388 0.0505778 0.212927
0 0.00739566 0.770718 0.0147913 0.0424256
0 0.209201 0.00878946 0.0398716 0.0175546
0 0.529008 0.0389176 0.361475 0.0778353
0 0.519316 0.720959 0.0327315 0.0307875
0 0.0945394 0.474879 0.0339634 0.0309385
0 0.211766 0.265941 0.0239855 0.0237577
0 0.456986 0.0978783 0.0383341 0.035378
0 0.708384 0.794841 0.0276115 0.0260336
0 0.302238 0.131708 0.031541 0.0305672
0 0.318092 0.827352 0.0249058 0.0238701
0 0.868427 0.861673 0.0255364 0.0238063
0 0.00577787 0.434085 0.0115557 0.052531
0 0.840807 0.631638 0.025288 0.0236395
0 0.397701 0.137487 0.088027 0.0830588
0 0.73311 0.824831 0.53378 0.349442
0 0.482289 0.125626 0.0353963 0.033302
0 0.167104 0.00964604 0.0272915 0.0192689
0 0.212952 0.795511 0.0786008 0.0718947
0 0.890089 0.953131 0.0715284 0.0647738
