0 0.40702 0.860141 0.0823765 0.0759634
0 0.3227 0.443248 0.220964 0.195903
0 0.542659 0.873857 0.0572295 0.0533379
0 0.402687 0.180078 0.0358287 0.0319673
0 0.79898 0.0347892 0.0525896 0.0496781
0 0.336864 0.624565 0.0571089 0.0524565
0 0.257129 0.0339078 0.0398987 0.0375654
0 0.182857 0.926273 0.0496433 0.0458225
0 0.928447 0.954928 0.0369021 0.0327301
0 0.186561 0.53306 0.0955286 0.087702
0 0.162602 0.449517 0.0333757 0.0300725
0 0.349176 0.0844365 0.0419271 0.0368994
0 0.123156 0.342244 0.0548187 0.0489569
0 0.894194 0.47806 0.029059 0.0272913
0 0.0256292 0.367807 0.050605 0.0467113
0 0.170257 0.471167 0.0314339 0.0289269
0 0.658236 0.465273 0.11764 0.116955
0 0.137757 0.433887 0.0337926 0.0301428
0 0.65019 0.600566 0.0380069 0.0370257
0 0.962627 0.393772 0.0747456 0.164862
0 0.37538 0.14383 0.0271618 0.0248272
0 0.688138 0.956705 0.0251631 0.0239054
0 0.323074 0.957144 0.0345258 0.0325637
0 0.550665 0.281984 0.0300715 0.0280748
0 0.0774138 0.532962 0.0285604 0.0265109
0 0.364607 0.94297 0.0519253 0.047723
0 0.967144 0.313888 0.0501431 0.0459801
0 0.862128 0.155024 0.275744 0.305183
0 0.466906 0.091249 0.0311947 0.0279838
0 0.0482674 0.5187 0.0361826 0.032646
0 0.490474 0.316471 0.510524 0.443636
0 0.242803 0.923141 0.0811299 0.075914
0 0.981166 0.127708 0.0376671 0.243717
0 0.161111 0.732379 0.322223 0.470373
0 0.172673 0.150096 0.0262675 0.0238084
0 0.482861 0.831152 0.0307299 0.0290114
0 0.70349 0.652908 0.0597519 0.0562019
0 0.779309 0.486151 0.0367521 0.0349133
0 0.481803 0.0667388 0.0284716 0.024633
0 0.171474 0.184748 0.0287953 0.0267234
0 0.80042 0.623105 0.0232862 0.0230994
0 0.131375 0.949874 0.0828706 0.0745282
0 0.0929268 0.104568 0.0264882 0.0255564
0 0.444962 0.638278 0.026104 0.0240359
0 0.139936 0.257509 0.279056 0.376426
0 0.00996609 0.423314 0.0198542 0.138753
0 0.0979399 0.839771 0.19588 0.225546
0 0.140881 0.481793 0.0487801 0.0458146
0 0.482376 0.630453 0.0472981 0.0445127
0 0.296786 0.613207 0.0229917 0.0212252
0 0.0722172 0.783829 0.139172 0.130374
0 0.148059 0.681686 0.0235535 0.022338
0 0.810034 0.563436 0.0633037 0.0609572
0 0.121694 0.721781 0.0250963 0.0247095
0 0.49671 0.854878 0.0222815 0.0212157
