0 0.557093 0.0242044 0.0308437 0.0297649
0 0.582241 0.790779 0.0313458 0.0301909
0 0.925919 0.227922 0.0304392 0.0298518
0 0.916764 0.464596 0.0515302 0.0516192
0 0.306459 0.167485 0.0260344 0.0254434
0 0.241708 0.647972 0.0278752 0.0270236
0 0.420694 0.747744 0.133608 0.1296
0 0.912167 0.710811 0.0251656 0.0244434
0 0.478983 0.300078 0.0272333 0.0268551
0 0.526537 0.830003 0.0256608 0.0249488
0 0.0426599 0.906157 0.0738835 0.0712664
0 0.300932 0.308122 0.0857027 0.0866047
0 0.833622 0.57689 0.173109 0.163453
0 0.826443 0.0309528 0.0374584 0.0372729
0 0.299153 0.429632 0.0498273 0.0484288
0 0.892412 0.377454 0.0431685 0.0427517
