0 0.34918 0.454456 0.080874 0.070632
0 0.775483 0.109503 0.124922 0.109012
0 0.939633 0.844927 0.120733 0.127782
0 0.188441 0.246291 0.0323436 0.0255526
0 0.336687 0.0467831 0.0330257 0.02649
0 0.856629 0.647912 0.038707 0.0311357
0 0.795134 0.060504 0.0445853 0.0403684
0 0.698664 0.0637421 0.0530314 0.0468003
0 0.764913 0.784332 0.0613686 0.0505757
0 0.217241 0.371937 0.0301204 0.0246801
0 0.956158 0.70333 0.0533338 0.0417528
0 0.821641 0.747524 0.0352716 0.0282409
0 0.917885 0.473078 0.0663411 0.0520532
0 0.271208 0.629997 0.0829923 0.0686793
0 0.806302 0.681827 0.0450426 0.0372586
0 0.245988 0.730465 0.0302285 0.023941
0 0.454535 0.159557 0.0295032 0.0253289
0 0.367514 0.545909 0.0402072 0.0331771
0 0.9413 0.537342 0.0881487 0.0736818
0 0.704083 0.809558 0.0400109 0.032971
0 0.980329 0.686482 0.0392781 0.0470351
0 0.649819 0.860926 0.0950356 0.0778974
0 0.58411 0.888388 0.0488331 0.0393407
0 0.773663 0.816952 0.0375357 0.031292
0 0.42973 0.219857 0.0286635 0.024217
0 0.0825759 0.930531 0.0535559 0.042461
0 0.38157 0.11828 0.0291792 0.0234486
0 0.786637 0.987077 0.0644557 0.0258333
0 0.701966 0.676335 0.0675151 0.0561103
0 0.960308 0.153077 0.0296309 0.0252511
0 0.415197 0.523529 0.0283899 0.0244431
0 0.621129 0.172412 0.0796635 0.06909
0 0.704786 0.752859 0.0695655 0.05611
0 0.870193 0.434657 0.0318007 0.0263526
0 0.504933 0.731729 0.0289009 0.0233219
0 0.963244 0.323552 0.0291121 0.0242612
0 0.0956292 0.592885 0.0456684 0.0375004
0 0.813614 0.642651 0.0484734 0.0393205
0 0.0945444 0.769745 0.0338801 0.0281458
0 0.99511 0.642863 0.00978098 0.0365906
0 0.631563 0.907019 0.0410569 0.033398
0 0.491547 0.810748 0.0344051 0.0271441
0 0.461772 0.791435 0.0429786 0.033727
0 0.537403 0.976068 0.0307029 0.0252132
0 0.55197 0.49022 0.0269889 0.0229205
0 0.496413 0.0937642 0.283089 0.187528
0 0.960683 0.00937497 0.0463972 0.0187499
0 0.797246 0.469147 0.0265873 0.0225518
