0 0.446534 0.250378 0.164549 0.148833
0 0.512622 0.552499 0.056319 0.0509613
0 0.644281 0.930656 0.0389218 0.0325933
0 0.934174 0.905716 0.0433154 0.0377035
0 0.384734 0.550141 0.0418844 0.0366857
0 0.784659 0.799365 0.0350533 0.0306504
0 0.978978 0.859774 0.0419634 0.0471566
0 0.768061 0.689652 0.0498765 0.0419638
0 0.236802 0.297878 0.175823 0.156168
0 0.401943 0.601732 0.0302683 0.0278974
0 0.332735 0.132997 0.0362891 0.0330713
0 0.525508 0.439907 0.0449631 0.0399979
0 0.799541 0.716822 0.0368414 0.0304437
0 0.345753 0.0538167 0.114721 0.105018
0 0.758045 0.931964 0.029155 0.0250361
0 0.94155 0.929804 0.0273283 0.0242624
0 0.394414 0.524601 0.0271002 0.0241138
0 0.0553172 0.394636 0.0328712 0.0294772
0 0.261397 0.734782 0.0512652 0.0450902
0 0.0232955 0.152767 0.0281517 0.0244755
0 0.630696 0.0918159 0.024856 0.0236502
0 0.738156 0.243017 0.0489304 0.0433169
0 0.927771 0.385574 0.0330567 0.0277941
0 0.441828 0.156166 0.0884399 0.079352
0 0.280148 0.395163 0.0997075 0.0860954
0 0.0853735 0.25438 0.163387 0.138574
0 0.372798 0.513148 0.0262634 0.0238628
0 0.76854 0.771969 0.0266058 0.0230467
0 0.663008 0.463857 0.0781555 0.0709319
0 0.0771407 0.0486727 0.0700353 0.0596167
0 0.253065 0.207394 0.0591631 0.0510508
0 0.528337 0.474559 0.0334575 0.0302819
0 0.419973 0.789571 0.155315 0.142957
0 0.580941 0.416369 0.0694048 0.0607016
0 0.609994 0.147735 0.0245588 0.0235481
