0 0.592604 0.484509 0.115805 0.0901789
0 0.478171 0.708465 0.0964252 0.0762894
0 0.3443 0.767157 0.0831166 0.0647852
0 0.42265 0.904268 0.0581461 0.0461211
0 0.461298 0.806987 0.0675497 0.0533984
0 0.352963 0.691838 0.0494608 0.0394554
0 0.678434 0.554908 0.0753993 0.0594897
0 0.0799228 0.665332 0.12152 0.0931599
0 0.217573 0.440512 0.0632733 0.0491484
0 0.451215 0.656786 0.0458789 0.0361569
0 0.735967 0.970559 0.0458838 0.0355333
0 0.512777 0.748647 0.047214 0.0381379
0 0.698437 0.386113 0.0306766 0.0238541
0 0.409842 0.957037 0.0309805 0.0250064
0 0.907834 0.791175 0.034101 0.0278251
0 0.272401 0.94848 0.0492112 0.0385249
0 0.046426 0.604911 0.0560372 0.045128
0 0.9162 0.681158 0.0289159 0.0229141
0 0.692531 0.908481 0.0319028 0.0250578
0 0.170973 0.455283 0.0615453 0.0481049
0 0.188416 0.761278 0.0434471 0.0335593
0 0.443115 0.831861 0.0739646 0.0568989
0 0.258237 0.724605 0.127557 0.0960875
0 0.507874 0.986066 0.0291933 0.0241401
0 0.113538 0.81587 0.224633 0.352689
0 0.698904 0.115102 0.0263422 0.0217211
0 0.547416 0.557882 0.0670416 0.0502315
0 0.822768 0.366329 0.117526 0.0874882
0 0.327982 0.472628 0.0989668 0.075871
0 0.70047 0.135827 0.0272427 0.0216651
0 0.3671 0.725476 0.0281359 0.0225205
0 0.318596 0.630213 0.0404326 0.0307929
0 0.168187 0.0924179 0.336374 0.184836
