0 0.447148 0.66594 0.31689 0.318383
0 0.0748665 0.203657 0.139293 0.131305
0 0.572591 0.246017 0.0808449 0.0791978
0 0.618295 0.627368 0.0915958 0.0892701
0 0.186174 0.310714 0.116054 0.108595
0 0.861296 0.0294354 0.0777804 0.058681
0 0.421114 0.16897 0.0558101 0.0545809
0 0.161858 0.0801782 0.073679 0.0718253
0 0.909679 0.79279 0.0504122 0.0493778
0 0.583616 0.531057 0.043823 0.0429993
0 0.8042 0.772924 0.0705204 0.0692177
0 0.141114 0.361025 0.0466227 0.0427009
0 0.249899 0.308778 0.0538994 0.0511277
0 0.598041 0.438437 0.0462556 0.0450405
0 0.618093 0.675815 0.044881 0.04336
0 0.95444 0.122505 0.0911198 0.115951
0 0.432629 0.835076 0.039013 0.0378168
0 0.697426 0.638744 0.0413396 0.040529
0 0.15205 0.641463 0.044002 0.0428452
0 0.717977 0.792094 0.039495 0.0387955
0 0.870342 0.939573 0.242404 0.120855
0 0.350233 0.796784 0.0461442 0.0444383
0 0.729528 0.0172854 0.043432 0.0345709
0 0.598368 0.0660617 0.0545015 0.0533898
0 0.940281 0.275114 0.058934 0.0568216
0 0.323714 0.0113035 0.029888 0.0225695
0 0.853628 0.10472 0.0388605 0.0380023
0 0.699017 0.158268 0.032842 0.032442
0 0.635428 0.78667 0.0332904 0.0318309
0 0.566954 0.591914 0.041832 0.0410438
0 0.11025 0.900657 0.0279459 0.0273073
0 0.210258 0.929759 0.0420434 0.0407217
0 0.576423 0.990009 0.0259741 0.0199809
0 0.740751 0.626359 0.0303281 0.0301535
0 0.475738 0.319109 0.0533776 0.0523584
0 0.63854 0.856626 0.0266134 0.0264376
0 0.71498 0.896193 0.0268445 0.0265426
0 0.436249 0.460734 0.0337476 0.0333694
0 0.273153 0.886217 0.0325313 0.0310845
0 0.441503 0.0382063 0.0893083 0.0762359
0 0.485472 0.0938015 0.0472364 0.045746
0 0.795107 0.706869 0.0352426 0.0347516
0 0.477005 0.988572 0.0266286 0.022722
0 0.183422 0.535796 0.0527479 0.0505353
0 0.792712 0.613754 0.0347907 0.0343575
0 0.77676 0.339137 0.0384636 0.0366596
0 0.0721361 0.917999 0.0252098 0.0246766
0 0.813507 0.957793 0.0463929 0.0457115
0 0.290793 0.24065 0.0313588 0.0310523
0 0.256954 0.228172 0.0464778 0.0448304
0 0.715417 0.87205 0.0244942 0.0244083
0 0.959537 0.812881 0.0809254 0.16004
0 0.658051 0.416667 0.049397 0.0485449
0 0.958531 0.0550061 0.0337329 0.0328117
0 0.98646 0.59266 0.0267761 0.0274927
0 0.215447 0.424506 0.0367966 0.0349949
0 0.71456 0.106385 0.0243616 0.0238953
0 0.845938 0.819865 0.0437425 0.0427352
0 0.278048 0.364049 0.102385 0.0969234
0 0.0175496 0.888163 0.0299664 0.0287002
0 0.2211 0.886191 0.0425946 0.040151
0 0.715792 0.723824 0.0281538 0.0276814
0 0.786316 0.688028 0.0276082 0.0279089
0 0.295615 0.193742 0.0256384 0.0250612
0 0.141113 0.799934 0.0388683 0.0382457
0 0.69213 0.204228 0.0281315 0.0276131
0 0.642785 0.520104 0.0233714 0.0231152
0 0.7241 0.494228 0.0238807 0.0235714
0 0.196766 0.761005 0.0255937 0.0244534
0 0.72908 0.154699 0.0242043 0.0241305
0 0.664117 0.142308 0.0234005 0.0230886
0 0.248038 0.447101 0.0354593 0.0333986
0 0.81216 0.0530861 0.0372009 0.0361995
0 0.00457053 0.331912 0.00914106 0.0252193
0 0.675134 0.794117 0.0345376 0.0334686
0 0.758211 0.149352 0.0304396 0.0300249
0 0.584512 0.176976 0.051337 0.0515356
0 0.914108 0.89123 0.023718 0.0235964
0 0.321425 0.064158 0.0380004 0.0376016
0 0.790577 0.460674 0.0383608 0.0373256
0 0.850129 0.621012 0.0237031 0.0236657
0 0.608714 0.758147 0.117507 0.115785
0 0.261519 0.332571 0.154526 0.153368
0 0.813175 0.351353 0.0330403 0.0324607
0 0.886105 0.181036 0.0279265 0.0270327
0 0.311191 0.455988 0.0258272 0.0251555
0 0.792846 0.888408 0.0640119 0.0606291
0 0.955485 0.129445 0.025079 0.0245767
0 0.106817 0.475642 0.0804333 0.0747611
0 0.578803 0.485601 0.0232161 0.0231769
0 0.504302 0.0613186 0.0257485 0.0254058
0 0.240004 0.0140631 0.0260019 0.0252008
0 0.688661 0.0529379 0.0241975 0.0235091
0 0.430032 0.0130205 0.0375581 0.026001
0 0.209807 0.0497749 0.036171 0.0356498
0 0.211937 0.141018 0.0531754 0.0521628
0 0.499045 0.558181 0.0499576 0.0492091
0 0.456177 0.233546 0.0263131 0.0252238
0 0.1203 0.508515 0.0239598 0.0231692
0 0.670071 0.456129 0.0294015 0.0291692
0 0.591243 0.144349 0.0658814 0.0635703
0 0.116767 0.774413 0.0281246 0.0269115
0 0.266303 0.587897 0.0357799 0.0343673
0 0.500942 0.133391 0.0249506 0.0246871
0 0.799992 0.113049 0.0284631 0.0285588
0 0.775864 0.924458 0.0231066 0.0225419
0 0.977314 0.330959 0.0452112 0.132043
0 0.531847 0.934528 0.0950885 0.09268
