0 0.90244 0.55996 0.100024 0.0959725
0 0.506479 0.544606 0.131427 0.119778
0 0.657107 0.750993 0.0793273 0.0755494
0 0.450194 0.467894 0.0875987 0.0830394
0 0.0901045 0.491322 0.0859805 0.08141
0 0.25556 0.382656 0.0751498 0.0712244
0 0.87679 0.656601 0.126411 0.121239
0 0.445283 0.895858 0.191847 0.18998
0 0.0210062 0.323635 0.0420001 0.0906896
0 0.602468 0.074732 0.0769351 0.0738245
0 0.269703 0.331184 0.0740503 0.071421
0 0.661316 0.583694 0.0445582 0.0429294
0 0.364026 0.555854 0.0763676 0.0712341
0 0.362738 0.750833 0.0373405 0.0356438
0 0.503557 0.220428 0.0453425 0.0440102
0 0.640183 0.309889 0.0472791 0.0453534
0 0.426223 0.279494 0.0367016 0.0353574
0 0.586474 0.68745 0.0434225 0.0423869
0 0.960888 0.675246 0.078225 0.182393
0 0.549299 0.36454 0.0688799 0.0650022
0 0.626257 0.706655 0.0510758 0.0495558
0 0.844834 0.132534 0.0363654 0.0353019
0 0.775697 0.728312 0.0663859 0.0649657
0 0.742161 0.178745 0.0372766 0.036168
0 0.817327 0.959583 0.0360892 0.035712
0 0.517768 0.702152 0.0292357 0.028213
0 0.274098 0.986934 0.0318688 0.0259843
0 0.868745 0.163539 0.0397535 0.0384665
0 0.869139 0.189692 0.0263563 0.0258751
0 0.75684 0.568142 0.0332942 0.0318251
0 0.0535664 0.62069 0.0535691 0.0500183
0 0.0809734 0.086027 0.029796 0.028921
0 0.501649 0.168393 0.0294937 0.0291236
0 0.823243 0.435202 0.0624364 0.0595931
0 0.684826 0.646838 0.0490134 0.0467467
0 0.787035 0.245587 0.0277944 0.0269148
0 0.645904 0.244258 0.0365434 0.0361939
0 0.869675 0.332188 0.044338 0.0428709
0 0.252574 0.16151 0.078843 0.0743055
0 0.297646 0.207602 0.0292424 0.0284391
0 0.744241 0.0585469 0.0495119 0.0477354
0 0.803901 0.0118278 0.0301297 0.0236051
0 0.470431 0.382802 0.0406745 0.0383716
0 0.491806 0.412574 0.045152 0.0433804
0 0.72669 0.04133 0.0454674 0.043952
0 0.729339 0.704904 0.0360558 0.0355047
0 0.565584 0.339519 0.0384642 0.0367288
0 0.958525 0.855752 0.0269487 0.025866
0 0.0877398 0.678246 0.0507739 0.0484982
0 0.124185 0.588089 0.156305 0.144726
0 0.226487 0.123695 0.0366337 0.0360009
0 0.290662 0.0597884 0.40597 0.119206
0 0.65779 0.675834 0.0330048 0.0321658
0 0.331587 0.737202 0.0304514 0.0293303
0 0.763829 0.01786 0.0451744 0.0357199
0 0.0315731 0.40076 0.0325332 0.0313224
0 0.711532 0.0170843 0.0258373 0.0255419
0 0.740073 0.429106 0.0448318 0.0418211
0 0.865036 0.223351 0.0248224 0.0236271
0 0.106453 0.777861 0.0365244 0.0334147
0 0.760541 0.159617 0.0242317 0.0237547
0 0.634692 0.89984 0.0249617 0.0248397
0 0.713055 0.678688 0.0325096 0.0318589
0 0.820222 0.1499 0.0321463 0.0310369
0 0.537012 0.655316 0.0530625 0.050418
0 0.709005 0.243301 0.0413971 0.0393327
0 0.515799 0.32558 0.0227808 0.0225695
0 0.636967 0.362341 0.0261143 0.0255355
0 0.194476 0.394905 0.0464946 0.0440006
0 0.743253 0.666321 0.0308198 0.0305965
0 0.170158 0.965909 0.0268339 0.0258086
0 0.241262 0.834523 0.0265296 0.0256636
0 0.384182 0.477053 0.0413548 0.0377587
0 0.580551 0.479706 0.0254593 0.0239801
0 0.642504 0.819265 0.0241154 0.0231277
0 0.407807 0.0999974 0.0489421 0.0467155
0 0.180776 0.723334 0.0302759 0.028934
0 0.866006 0.505132 0.034614 0.0328358
0 0.50541 0.678727 0.0298594 0.0281
0 0.762806 0.474525 0.0320158 0.0308702
0 0.47457 0.813982 0.0453709 0.0431865
0 0.799832 0.175342 0.025319 0.0243576
0 0.953319 0.974298 0.0425186 0.0404879
0 0.519209 0.280508 0.0333137 0.0319114
0 0.199805 0.877028 0.0242394 0.0232396
0 0.161619 0.202175 0.022996 0.0229193
0 0.04805 0.815673 0.0960999 0.126639
0 0.442392 0.407573 0.0381792 0.0363904
0 0.860307 0.818474 0.0236721 0.0232632
0 0.325972 0.506645 0.0317905 0.0299568
0 0.564925 0.734176 0.0318776 0.0306671
0 0.423876 0.0743754 0.0446314 0.0418509
0 0.0322927 0.960178 0.0286227 0.0275358
