0 0.750101 0.312781 0.0906763 0.0744589
0 0.235503 0.0902647 0.230591 0.180529
0 0.799415 0.286245 0.0824657 0.0699674
0 0.207007 0.868159 0.0478241 0.0394252
0 0.281673 0.856113 0.0483569 0.0394022
0 0.121061 0.850435 0.0436351 0.0363242
0 0.130568 0.42679 0.0463823 0.0396994
0 0.0541047 0.487083 0.0396338 0.0341202
0 0.0425035 0.55552 0.0356479 0.0303166
0 0.590422 0.220964 0.0530751 0.0448854
0 0.169508 0.790079 0.0366167 0.0308006
0 0.438821 0.985192 0.0336361 0.0279746
0 0.616414 0.386896 0.0301189 0.0257239
0 0.518348 0.221927 0.0447972 0.0378994
0 0.202645 0.754109 0.033688 0.027727
0 0.0358664 0.100992 0.0295485 0.0251794
0 0.0212838 0.0405268 0.0312605 0.026373
0 0.114206 0.0543497 0.0277916 0.0245108
0 0.378868 0.507342 0.0291864 0.0257963
0 0.604429 0.031263 0.0278833 0.0243782
0 0.644731 0.232144 0.0536904 0.046686
0 0.00570609 0.406332 0.0114122 0.0300086
0 0.451347 0.324795 0.0293725 0.0249523
0 0.399018 0.824711 0.0276728 0.0237129
0 0.600638 0.502736 0.0261099 0.0225106
0 0.366169 0.896915 0.0268229 0.0230366
0 0.0733493 0.7543 0.0287237 0.0243939
0 0.671654 0.0588444 0.0260239 0.022822
0 0.676756 0.00496818 0.0279007 0.00993636
0 0.924187 0.945907 0.151578 0.108157
0 0.338436 0.422687 0.0245869 0.0219875
0 0.0662966 0.786059 0.0353339 0.0294871
0 0.850694 0.435551 0.0709826 0.0615568
0 0.176869 0.182057 0.157002 0.131699
0 0.422772 0.209104 0.0302596 0.0269398
0 0.725292 0.167273 0.0250333 0.0217356
0 0.681087 0.425172 0.0245988 0.0215821
0 0.964361 0.664569 0.0699155 0.0661272
0 0.445329 0.917313 0.025622 0.022116
