0 0.567566 0.114566 0.304132 0.22845
0 0.90369 0.0854157 0.189971 0.170831
0 0.622292 0.902342 0.0809004 0.077507
0 0.897871 0.239459 0.114407 0.115749
0 0.152337 0.0844689 0.0548458 0.0529728
0 0.408002 0.13096 0.0592022 0.0570932
0 0.0903777 0.427666 0.0517418 0.0508076
0 0.782122 0.0863194 0.074843 0.0723987
0 0.555866 0.0368072 0.085577 0.0736144
0 0.235145 0.0263577 0.0640323 0.0524122
0 0.0209268 0.637786 0.0418282 0.0616779
0 0.883785 0.511615 0.070734 0.067304
0 0.322061 0.470864 0.030215 0.0298638
0 0.168763 0.45724 0.0576097 0.0559677
0 0.0584182 0.33764 0.0876028 0.0844133
0 0.636069 0.0225996 0.0297265 0.0288665
0 0.259931 0.299207 0.0270407 0.0267832
0 0.0309138 0.258963 0.0442402 0.0425189
0 0.814509 0.551759 0.0263186 0.0257978
0 0.810403 0.371987 0.0517389 0.0498887
0 0.564473 0.24268 0.035978 0.0345346
0 0.52104 0.473933 0.0446553 0.0431846
0 0.591586 0.594358 0.0419068 0.0410954
0 0.244784 0.0766626 0.0312261 0.0300735
0 0.251609 0.527164 0.062688 0.0606073
0 0.0379841 0.0508926 0.0759682 0.101785
0 0.461017 0.488415 0.0238779 0.0235517
0 0.570318 0.861174 0.562058 0.276359
0 0.460302 0.193472 0.02449 0.0238317
0 0.745849 0.373449 0.0233431 0.0230613
0 0.250816 0.389614 0.144131 0.138204
0 0.307502 0.00354293 0.0302556 0.00706116
0 0.44652 0.64527 0.0242816 0.0237997
0 0.138322 0.00558795 0.0257815 0.0111759
0 0.923328 0.447747 0.0227395 0.0220775
0 0.157226 0.8526 0.0273862 0.0265388
0 0.388029 0.926728 0.209625 0.146252
0 0.626327 0.47313 0.164219 0.17194
0 0.83599 0.662219 0.0233065 0.0229442
0 0.341117 0.181528 0.0311744 0.0300066
0 0.0201668 0.608137 0.0306385 0.0298347
0 0.0735736 0.152504 0.0444171 0.0423272
0 0.0288208 0.199436 0.0576417 0.108061
