0 0.202986 0.495322 0.394596 0.381676
0 0.871087 0.515836 0.234677 0.215558
0 0.144059 0.279882 0.146447 0.132706
0 0.725065 0.942463 0.0419769 0.0398137
0 0.0808496 0.183255 0.116515 0.107264
0 0.965131 0.299711 0.0697376 0.141024
0 0.662132 0.558779 0.0571852 0.0521596
0 0.182289 0.70401 0.336688 0.279655
0 0.884269 0.913862 0.0339273 0.0318883
0 0.925099 0.0928052 0.0298059 0.0272484
0 0.675844 0.868697 0.0510725 0.0479452
0 0.852191 0.0123222 0.0256929 0.0241223
0 0.0192791 0.344918 0.0358163 0.0332888
0 0.814155 0.412529 0.0477283 0.0438983
0 0.0140752 0.893767 0.0281504 0.0486828
0 0.578474 0.0168385 0.0363798 0.0332329
0 0.898365 0.772918 0.0921669 0.0838941
0 0.462586 0.60941 0.086269 0.0796017
0 0.651879 0.751425 0.0393658 0.0369217
0 0.597383 0.315241 0.0335423 0.0319644
0 0.778409 0.366191 0.0273874 0.0252346
0 0.832815 0.380521 0.0441852 0.0400822
0 0.406411 0.450328 0.0598379 0.0568253
0 0.52275 0.493265 0.0291136 0.0271926
0 0.650504 0.593924 0.030345 0.0287972
0 0.0789081 0.649316 0.0227824 0.0218828
0 0.816398 0.489773 0.0311406 0.0283709
0 0.835776 0.691441 0.0254566 0.0237677
0 0.803502 0.713364 0.067953 0.0634047
0 0.74222 0.665482 0.0524688 0.0484334
0 0.659752 0.0442347 0.0252403 0.0238883
0 0.513044 0.953226 0.0700372 0.0647383
0 0.719384 0.609165 0.0895991 0.0806725
0 0.167156 0.0566396 0.0269811 0.0252432
0 0.941594 0.169004 0.116769 0.132478
0 0.655534 0.292056 0.0346215 0.0321087
0 0.622927 0.241922 0.0254269 0.0235637
0 0.362952 0.0597907 0.356567 0.118949
0 0.648708 0.2642 0.0406682 0.0373236
0 0.0237576 0.20339 0.0291039 0.0271634
0 0.617207 0.56657 0.0332058 0.0302064
0 0.693923 0.476269 0.0266534 0.0248923
0 0.679751 0.0667393 0.0268823 0.0247944
0 0.638929 0.958782 0.0254466 0.0248084
0 0.204596 0.211 0.0387849 0.035609
0 0.574788 0.5863 0.0283975 0.0264448
0 0.816148 0.624357 0.0240879 0.0228665
0 0.67505 0.786253 0.0286848 0.0277418
0 0.357674 0.100419 0.0286933 0.0276746
0 0.0363259 0.775307 0.0258974 0.0250406
0 0.79441 0.0683397 0.0244832 0.0229175
0 0.727247 0.40053 0.0229459 0.0225482
0 0.0114022 0.829849 0.0223778 0.0223568
0 0.973475 0.38482 0.0454304 0.0404485
0 0.801865 0.647566 0.0246507 0.022887
0 0.0241903 0.249992 0.0482676 0.0476092
0 0.617028 0.10645 0.210792 0.193491
0 0.697769 0.495943 0.0252328 0.0229724
0 0.627597 0.89472 0.0350304 0.0329906
0 0.710974 0.0621562 0.0352133 0.0331704
0 0.90433 0.317961 0.044783 0.0418599
0 0.894402 0.366338 0.044412 0.0412604
0 0.755294 0.150953 0.0239174 0.0224857
0 0.583144 0.692447 0.037215 0.0329844
0 0.861354 0.717015 0.0457554 0.0422623
