0 0.892368 0.802504 0.0970823 0.0940225
0 0.43199 0.116666 0.364845 0.23234
0 0.626745 0.481404 0.125159 0.122357
0 0.451914 0.788299 0.1322 0.13139
0 0.526758 0.921977 0.212357 0.156047
0 0.015496 0.123138 0.030992 0.034642
0 0.900533 0.724072 0.0391726 0.0384336
0 0.0784624 0.858058 0.0457022 0.044419
0 0.276577 0.462755 0.0312804 0.0306875
0 0.391055 0.657095 0.0272987 0.0270545
0 0.181156 0.899062 0.0292882 0.0289637
0 0.0720283 0.250834 0.0264104 0.0258474
0 0.0390146 0.90137 0.0780292 0.19726
0 0.313618 0.353318 0.026231 0.0255646
0 0.835621 0.0428753 0.0260804 0.0249864
0 0.619816 0.541392 0.0676064 0.0671632
0 0.455609 0.224298 0.038587 0.0380569
0 0.146525 0.759679 0.0407986 0.0392244
0 0.746806 0.102776 0.203612 0.1946
0 0.76951 0.167341 0.0256562 0.0242132
0 0.0915667 0.0370235 0.183133 0.0738451
0 0.361472 0.606656 0.0361092 0.0352386
0 0.814896 0.447623 0.0346892 0.0329772
0 0.612925 0.383185 0.074757 0.0730977
0 0.106083 0.824811 0.0325399 0.030955
0 0.191051 0.303846 0.0253707 0.02518
0 0.327307 0.410567 0.309092 0.308526
0 0.231036 0.854626 0.19478 0.180511
0 0.608876 0.248033 0.0246056 0.02418
0 0.820132 0.0643317 0.0236724 0.0226467
0 0.439182 0.2091 0.0295515 0.0296338
0 0.0203052 0.144877 0.0267935 0.0258634
0 0.901892 0.573201 0.0254891 0.0251622
0 0.638636 0.189434 0.195818 0.1875
0 0.764402 0.256708 0.0263827 0.025727
0 0.206801 0.572429 0.210022 0.200176
0 0.216279 0.476038 0.0293928 0.029035
0 0.829338 0.985321 0.0247349 0.024443
0 0.220017 0.193056 0.0280428 0.0268749
0 0.320108 0.605522 0.0342004 0.0332103
0 0.886341 0.316257 0.108214 0.0998929
0 0.675642 0.805126 0.0221652 0.0218054
0 0.402806 0.796141 0.0370186 0.0369263
0 0.985529 0.588395 0.0288897 0.0450585
0 0.441482 0.414772 0.023877 0.0235475
0 0.0936785 0.593138 0.0248076 0.0239617
0 0.00590851 0.10413 0.011817 0.0249422
0 0.402053 0.968717 0.0235041 0.0232334
0 0.103245 0.94422 0.0559054 0.0559167
0 0.216051 0.054979 0.135288 0.109833
