0 0.5443 0.23282 0.370711 0.361098
0 0.325428 0.30711 0.133912 0.128885
0 0.918272 0.294253 0.0771132 0.0747033
0 0.550499 0.771635 0.183048 0.171784
0 0.909868 0.926775 0.089729 0.0876605
0 0.927538 0.787955 0.057893 0.0570107
0 0.0237468 0.878636 0.0473561 0.102851
0 0.681539 0.673456 0.0768699 0.0732176
0 0.983283 0.921896 0.0334345 0.0497293
0 0.243153 0.581855 0.0434651 0.0417691
0 0.879726 0.0350605 0.0581498 0.0562218
0 0.802532 0.640313 0.0484689 0.0463128
0 0.596575 0.400662 0.0427997 0.0413151
0 0.0993291 0.730264 0.0585779 0.0577848
0 0.0740339 0.120594 0.083393 0.08131
0 0.417916 0.930359 0.0551989 0.0530748
0 0.636907 0.470714 0.0447159 0.0433022
0 0.464955 0.447654 0.0523262 0.050924
0 0.0826283 0.303559 0.0438043 0.0420822
0 0.295002 0.667931 0.0540055 0.0525979
0 0.808071 0.251482 0.0490514 0.0478692
0 0.0454018 0.0423374 0.045762 0.0439762
0 0.431806 0.570123 0.0350354 0.0343121
0 0.887438 0.567765 0.0373924 0.0356052
0 0.165673 0.626754 0.029187 0.028908
0 0.259969 0.673776 0.0399947 0.0392669
0 0.060986 0.566707 0.0363324 0.034733
0 0.737788 0.334404 0.0353317 0.0340152
0 0.207313 0.555548 0.0302293 0.0296848
0 0.486266 0.243279 0.054361 0.0525948
0 0.309537 0.616902 0.0265286 0.0261119
0 0.012834 0.586339 0.0256595 0.0456419
0 0.945983 0.197198 0.0293336 0.0285139
0 0.0289368 0.967638 0.0294246 0.0280161
0 0.513852 0.0425401 0.0506736 0.0496144
0 0.95251 0.0220439 0.035544 0.0349174
0 0.0480545 0.682351 0.0360933 0.0350451
0 0.697494 0.384632 0.0280309 0.0270408
0 0.977169 0.961566 0.0251769 0.0247235
0 0.170774 0.0572465 0.0826907 0.0766657
0 0.771649 0.441058 0.0300415 0.0289467
0 0.534551 0.22747 0.0269477 0.0263166
0 0.127481 0.508068 0.0600517 0.0564717
0 0.17424 0.941195 0.0261021 0.0254316
0 0.284553 0.135351 0.0259768 0.0247786
0 0.420782 0.719084 0.027263 0.0266105
0 0.898116 0.348477 0.0273199 0.0262679
0 0.169447 0.261113 0.0470608 0.0449952
0 0.936464 0.0497246 0.0366892 0.0356411
0 0.460335 0.471558 0.0270994 0.0259366
0 0.082633 0.710001 0.034067 0.0334918
0 0.631701 0.0282745 0.0367491 0.0359572
0 0.958758 0.604882 0.0301649 0.0289695
0 0.253639 0.212532 0.158874 0.144638
0 0.305359 0.0196243 0.172498 0.039113
0 0.928026 0.624861 0.044934 0.0429276
0 0.406083 0.0625332 0.0319648 0.0308236
0 0.265175 0.412337 0.321053 0.297203
0 0.0536542 0.432511 0.0267307 0.0258744
0 0.404973 0.758701 0.0631683 0.0619004
0 0.310355 0.796505 0.032431 0.0315678
0 0.469973 0.0110414 0.0231205 0.0217761
0 0.241112 0.344894 0.0240884 0.023653
0 0.115235 0.325152 0.0260553 0.0247698
0 0.310803 0.227522 0.0272418 0.0264143
0 0.74219 0.106141 0.0240388 0.0231197
0 0.578112 0.426977 0.0281239 0.0263898
0 0.0699226 0.993752 0.0372357 0.0124969
0 0.894176 0.0913862 0.0238208 0.0228264
0 0.960512 0.355876 0.0789762 0.170759
0 0.522191 0.44113 0.0270464 0.0259109
0 0.0251819 0.179203 0.0503638 0.344752
0 0.492579 0.0601953 0.0339001 0.0333124
0 0.419178 0.750864 0.0873299 0.0842655
0 0.380728 0.445987 0.123923 0.120195
0 0.899614 0.114968 0.0230696 0.0228292
0 0.914342 0.0748799 0.0245456 0.0236749
0 0.733006 0.682258 0.0229018 0.0227016
0 0.244044 0.540403 0.0230397 0.0233011
0 0.336484 0.742787 0.0323227 0.0313189
0 0.229343 0.734864 0.0657619 0.064826
0 0.214811 0.830681 0.0281298 0.0261459
0 0.201445 0.8314 0.049848 0.0487437
