0 0.507007 0.495454 0.234595 0.233691
0 0.314738 0.763664 0.105297 0.102802
0 0.456869 0.128418 0.0909703 0.0878678
0 0.193397 0.798769 0.268121 0.239085
0 0.780287 0.59962 0.132235 0.128853
0 0.949247 0.185348 0.0480372 0.0471975
0 0.961382 0.73649 0.0771475 0.112185
0 0.904903 0.0729822 0.190194 0.145489
0 0.892939 0.446961 0.0395576 0.0391035
0 0.254907 0.352292 0.0327272 0.0314429
0 0.605839 0.896843 0.364841 0.206308
0 0.0604343 0.675954 0.120869 0.246482
0 0.928468 0.0619312 0.0281203 0.0277188
0 0.538715 0.0377035 0.290247 0.0754071
0 0.185012 0.178265 0.175533 0.17089
0 0.850709 0.471477 0.029723 0.0287817
0 0.726029 0.40283 0.0314393 0.0303813
0 0.122896 0.605385 0.0384355 0.0372944
0 0.984775 0.211994 0.0303605 0.10973
0 0.24647 0.930927 0.415286 0.138146
0 0.513273 0.505803 0.0241525 0.0240095
0 0.73779 0.178314 0.0657234 0.0639792
0 0.487403 0.290288 0.0266428 0.026713
0 0.601928 0.884499 0.0252043 0.0250381
0 0.687604 0.642272 0.0909235 0.0868847
0 0.555246 0.285411 0.0234608 0.0230055
0 0.0734036 0.0354437 0.0313227 0.0313414
0 0.696233 0.377274 0.0470587 0.0452279
0 0.237573 0.471437 0.303061 0.26274
0 0.242737 0.310913 0.0224061 0.0220522
0 0.13156 0.928862 0.0312771 0.0315779
0 0.247796 0.409375 0.0238207 0.0230641
0 0.57686 0.192827 0.0236903 0.0230403
0 0.129813 0.634788 0.0258243 0.0238287
0 0.826074 0.82663 0.0494957 0.0478694
0 0.447529 0.706973 0.02279 0.0222667
0 0.642725 0.184822 0.0250131 0.0239965
