0 0.475826 0.0517632 0.0447048 0.0408992
0 0.148805 0.0822678 0.0471487 0.043733
0 0.768446 0.0138069 0.0574611 0.0276024
0 0.931484 0.206953 0.0428723 0.0392705
0 0.976441 0.757711 0.0447717 0.0384536
0 0.697306 0.282942 0.0458138 0.0413962
0 0.742496 0.198551 0.207253 0.181274
0 0.598762 0.618577 0.56856 0.581358
0 0.819459 0.0819929 0.0291166 0.0265037
0 0.315626 0.666712 0.0364776 0.0315464
0 0.469857 0.894475 0.037976 0.0348383
0 0.805131 0.207896 0.0367336 0.0343506
0 0.337332 0.108368 0.037257 0.034612
0 0.935153 0.565835 0.0453435 0.0399092
0 0.282776 0.417916 0.0379419 0.0338986
0 0.109693 0.820972 0.0376285 0.0336266
0 0.252334 0.180974 0.0385103 0.0356943
0 0.863581 0.232717 0.0320924 0.0292041
0 0.447029 0.242642 0.0314882 0.0290548
0 0.609226 0.0116942 0.0321139 0.0233735
0 0.768025 0.208112 0.0315473 0.0291749
0 0.101563 0.901818 0.036396 0.0317474
0 0.986169 0.147189 0.0276631 0.0457344
0 0.895755 0.585242 0.0266835 0.0235852
0 0.109657 0.0987223 0.0360162 0.0338444
0 0.440152 0.0313617 0.0308273 0.0285179
0 0.987469 0.391079 0.0250621 0.0267287
0 0.894579 0.21597 0.0375088 0.0345757
0 0.130957 0.636741 0.261913 0.320338
0 0.714916 0.713133 0.0364742 0.0327151
0 0.351791 0.917016 0.028842 0.0260226
0 0.16166 0.802666 0.026983 0.023887
0 0.398447 0.172802 0.0280105 0.0263808
0 0.990501 0.253924 0.0189972 0.0272154
0 0.278904 0.796594 0.207145 0.178532
0 0.614091 0.72836 0.0334284 0.0288106
0 0.838327 0.0648492 0.0247183 0.0229767
0 0.840623 0.285739 0.02471 0.0236136
0 0.499181 0.108948 0.0263102 0.0242903
0 0.112026 0.0639722 0.0356366 0.0343662
0 0.170424 0.877292 0.0286199 0.0254922
0 0.180618 0.926239 0.0265611 0.0240045
0 0.879132 0.745496 0.241735 0.326308
0 0.781445 0.186551 0.0251257 0.0229697
0 0.0678966 0.740673 0.0591268 0.0532241
0 0.10696 0.00478919 0.0231676 0.00957067
0 0.833673 0.132873 0.0261025 0.0241111
0 0.46142 0.214634 0.0266689 0.0240016
0 0.0949111 0.556759 0.189438 0.175852
0 0.166078 0.274535 0.0282482 0.0265544
0 0.870114 0.804413 0.150175 0.130629
0 0.690713 0.945584 0.027383 0.0251703
