0 0.292223 0.0345291 0.0918459 0.0690498
0 0.737468 0.980847 0.0659571 0.0383053
0 0.210447 0.936464 0.0436301 0.0424731
0 0.303387 0.508429 0.0805547 0.0791434
0 0.183132 0.354553 0.0332849 0.032323
0 0.0382131 0.558601 0.0277477 0.027247
0 0.768761 0.561457 0.0250631 0.0244088
0 0.197247 0.515961 0.0250823 0.0248551
0 0.065088 0.457593 0.128731 0.129664
0 0.15535 0.806571 0.0321263 0.031105
0 0.258425 0.207206 0.028195 0.0274874
0 0.699958 0.185217 0.0253137 0.0250238
0 0.107653 0.549076 0.0602312 0.0589612
0 0.475218 0.991786 0.0422387 0.0164286
0 0.00973117 0.346888 0.0194623 0.0287971
0 0.843532 0.064235 0.0760131 0.0733563
0 0.553766 0.951323 0.0280707 0.0275523
0 0.206599 0.973631 0.0311302 0.0301903
0 0.115962 0.887695 0.0906512 0.0870499
0 0.167047 0.77732 0.0363513 0.0346666
0 0.258947 0.654574 0.070282 0.0679435
0 0.112732 0.0522976 0.0801407 0.079768
0 0.843779 0.805419 0.0973258 0.0933414
0 0.920208 0.117565 0.0349911 0.0343723
0 0.40475 0.499507 0.0499153 0.0489842
0 0.752137 0.787754 0.0238251 0.0233495
0 0.186104 0.907061 0.0265275 0.0267305
0 0.884988 0.604756 0.0750762 0.0739536
0 0.048093 0.346159 0.0849891 0.0868012
0 0.787039 0.402029 0.0230367 0.0227384
0 0.242612 0.40493 0.0261374 0.0251817
0 0.393147 0.248684 0.0523386 0.0510698
0 0.419391 0.750349 0.0236163 0.0232213
0 0.0909056 0.957652 0.0461453 0.0442954
0 0.834521 0.0190959 0.0819934 0.0380787
0 0.683011 0.94696 0.0776186 0.0779112
0 0.162415 0.572143 0.0636206 0.0624866
0 0.907818 0.401877 0.0247445 0.0239818
0 0.739654 0.0737032 0.0237689 0.023096
0 0.575654 0.272603 0.0660582 0.0639312
0 0.418788 0.899051 0.023413 0.0232309
0 0.4827 0.932836 0.103079 0.100896
0 0.554753 0.33156 0.0244963 0.0236337
0 0.849733 0.659518 0.0248327 0.0244553
0 0.239869 0.8232 0.0869462 0.0849991
0 0.168647 0.372187 0.164105 0.155245
0 0.5836 0.281782 0.0821836 0.0786507
