0 0.754914 0.630953 0.374404 0.401711
0 0.10222 0.0865705 0.114185 0.110884
0 0.0219798 0.163122 0.0439596 0.0519017
0 0.353701 0.512932 0.0777057 0.0760797
0 0.592944 0.906985 0.291741 0.185334
0 0.373464 0.0358924 0.0479812 0.0472246
0 0.8619 0.396526 0.0802057 0.0776285
0 0.368198 0.595568 0.0588131 0.0573072
0 0.645346 0.0190295 0.0702353 0.038059
0 0.828696 0.896689 0.0594807 0.0561523
0 0.397944 0.783181 0.0482353 0.0470937
0 0.240521 0.517106 0.0616022 0.0606929
0 0.490519 0.451495 0.0489502 0.0472462
0 0.343682 0.935262 0.0371417 0.0367362
0 0.0913298 0.746318 0.0365683 0.0353073
0 0.0405034 0.232488 0.0348781 0.0348793
0 0.218227 0.19513 0.0861272 0.085873
0 0.944274 0.575203 0.0833567 0.0799711
0 0.14761 0.0175574 0.0428447 0.0351148
0 0.263721 0.323287 0.0464377 0.0449561
0 0.090803 0.0166074 0.0491248 0.0332148
0 0.225956 0.0158567 0.0322411 0.0312368
0 0.0590875 0.813138 0.117535 0.120216
0 0.537968 0.313588 0.0477138 0.046397
0 0.295322 0.422044 0.0479574 0.0462477
0 0.10742 0.238431 0.0336214 0.0331695
0 0.553481 0.100553 0.0363922 0.0348873
0 0.635735 0.265423 0.0292759 0.0289152
0 0.422999 0.420124 0.0508837 0.0490191
0 0.452415 0.755811 0.0472194 0.0461385
0 0.137262 0.300093 0.0384949 0.0376931
0 0.381063 0.413901 0.0829736 0.080638
0 0.551615 0.148652 0.0373889 0.0371883
0 0.210583 0.344325 0.0413367 0.0405757
0 0.852895 0.938076 0.0345688 0.0333724
0 0.371643 0.150894 0.0317556 0.0319265
0 0.457269 0.0339097 0.0355036 0.0349662
0 0.26306 0.0830928 0.0256025 0.0252713
0 0.245083 0.431664 0.04547 0.0454247
0 0.22482 0.0988906 0.0265948 0.0257811
0 0.035966 0.567791 0.0253748 0.0249073
0 0.913832 0.186508 0.0298374 0.0291203
0 0.263469 0.474198 0.0303229 0.0304117
0 0.404531 0.942004 0.0393553 0.0381625
0 0.0350345 0.207255 0.0246688 0.0245965
0 0.103617 0.898369 0.206806 0.202621
0 0.614035 0.386372 0.049127 0.0477842
0 0.307877 0.0423753 0.0977613 0.0842424
0 0.505676 0.949066 0.0235021 0.0233397
0 0.125852 0.529701 0.0411565 0.0393832
0 0.487073 0.655136 0.0376567 0.0365536
0 0.106347 0.463953 0.0253528 0.0246985
0 0.740495 0.421186 0.031234 0.0307425
0 0.177058 0.462695 0.0252699 0.0245776
0 0.148012 0.671763 0.296025 0.349828
0 0.353109 0.662699 0.0497841 0.0493216
0 0.476222 0.010361 0.0298633 0.0206994
0 0.0730436 0.492558 0.0512966 0.0491121
0 0.43527 0.658641 0.0571469 0.0568323
0 0.0613591 0.470103 0.0258633 0.0253479
0 0.379914 0.340602 0.0242075 0.0238624
0 0.78608 0.561206 0.0222508 0.0220075
0 0.286223 0.739384 0.037218 0.036634
0 0.858907 0.529606 0.0229368 0.0227933
0 0.0878491 0.15247 0.0237244 0.0236854
0 0.310453 0.955203 0.02325 0.0232351
0 0.579684 0.253706 0.238787 0.275832
0 0.00376736 0.065095 0.00753471 0.022936
0 0.347316 0.563852 0.0353319 0.0351886
0 0.072917 0.170902 0.0244272 0.0238237
0 0.485031 0.211292 0.0286942 0.0280704
0 0.705043 0.136766 0.0247835 0.0240027
0 0.657427 0.186927 0.0258708 0.0250357
0 0.910774 0.827236 0.178452 0.215918
0 0.407903 0.288619 0.0743705 0.0721622
0 0.979553 0.0503859 0.027842 0.0274499
0 0.478467 0.399032 0.0233696 0.0233674
0 0.548965 0.674279 0.0859745 0.0844598
0 0.474105 0.510656 0.0701831 0.0685225
0 0.904396 0.114774 0.0261309 0.0257144
0 0.883418 0.0451539 0.022738 0.0223195
0 0.493924 0.0930092 0.0230207 0.0227457
0 0.53312 0.170746 0.027564 0.0271073
0 0.548403 0.51201 0.0706108 0.068784
0 0.500538 0.780608 0.139892 0.135648
0 0.987995 0.351747 0.0240096 0.0647469
0 0.326645 0.378128 0.0550527 0.0536433
0 0.44434 0.00507386 0.0266878 0.0100994
0 0.324138 0.338642 0.0238903 0.0238201
0 0.41234 0.627725 0.0344994 0.0342531
0 0.77623 0.375981 0.0318248 0.0300922
