0 0.718715 0.716909 0.248361 0.23604
0 0.932864 0.715408 0.11922 0.11656
0 0.177923 0.281314 0.05364 0.0528979
0 0.0518994 0.180896 0.0392032 0.0382752
0 0.97136 0.602889 0.0353738 0.0346546
0 0.782285 0.943643 0.0447113 0.0438254
0 0.149054 0.694136 0.0480949 0.0472677
0 0.620508 0.151112 0.0431089 0.0414288
0 0.710559 0.0823587 0.0341737 0.0333739
0 0.873108 0.555372 0.0416078 0.0404134
0 0.817576 0.187553 0.0381208 0.0374346
0 0.217409 0.741098 0.0395821 0.038296
0 0.960733 0.176564 0.0368905 0.0360623
0 0.574456 0.456589 0.0346479 0.0342876
0 0.591222 0.107939 0.0293341 0.0283694
0 0.0113619 0.525367 0.0226955 0.0273881
0 0.563735 0.700912 0.0284297 0.027611
0 0.65588 0.164993 0.0375466 0.0362485
0 0.561975 0.228826 0.0277174 0.027058
0 0.306905 0.14335 0.035285 0.0344115
0 0.211399 0.688558 0.025289 0.0249491
0 0.717358 0.554912 0.0399827 0.0389092
0 0.682944 0.548274 0.033583 0.0331316
0 0.746703 0.131856 0.0301487 0.0289335
0 0.869527 0.340035 0.0286345 0.0281377
0 0.864903 0.589486 0.0323343 0.0314622
0 0.503475 0.478487 0.0333741 0.0325634
0 0.0548112 0.540001 0.0259962 0.0254695
0 0.694929 0.201574 0.0255954 0.0250988
0 0.535827 0.0779188 0.0243424 0.0237019
0 0.450281 0.712524 0.0331637 0.0321232
0 0.886818 0.593047 0.0312427 0.0298159
0 0.396941 0.677335 0.0271028 0.0263071
0 0.102767 0.909174 0.0253942 0.0246695
0 0.237729 0.5519 0.295246 0.275414
0 0.820776 0.872951 0.0468181 0.045218
0 0.683128 0.511542 0.0262654 0.0265362
0 0.370866 0.918875 0.0247945 0.0243683
0 0.0926729 0.453925 0.0240453 0.0235977
0 0.0104202 0.355201 0.0208373 0.0248319
0 0.213349 0.41052 0.0359313 0.0349297
0 0.803023 0.393769 0.04319 0.0427412
0 0.768567 0.917806 0.0341873 0.0338285
0 0.248683 0.0840572 0.0378379 0.0368142
0 0.603182 0.684797 0.0362898 0.0348508
0 0.396978 0.869083 0.0249411 0.0244308
0 0.611011 0.0174206 0.0229122 0.0230431
0 0.304555 0.427631 0.11767 0.11362
0 0.758029 0.458266 0.0252149 0.0247362
0 0.841212 0.54175 0.0302612 0.028783
0 0.272605 0.0112302 0.0247347 0.0224211
0 0.542492 0.959415 0.0263066 0.025506
0 0.972677 0.7195 0.032489 0.030829
0 0.700244 0.895395 0.0340369 0.032479
0 0.0338398 0.119939 0.0243251 0.0234457
0 0.93085 0.322872 0.0226391 0.0223792
0 0.0431081 0.590379 0.0307163 0.0299642
0 0.658892 0.523834 0.0278959 0.0274932
0 0.0599761 0.469921 0.0454158 0.0444771
0 0.570129 0.823748 0.0306258 0.0308763
0 0.395903 0.722372 0.0360281 0.0345135
0 0.950835 0.217902 0.0225372 0.0221293
0 0.347853 0.152944 0.0294011 0.0281523
