0 0.136957 0.620519 0.13964 0.128449
0 0.0219594 0.908944 0.0439188 0.0474058
0 0.722889 0.0788912 0.0631409 0.058386
0 0.265753 0.582221 0.144809 0.13275
0 0.533017 0.98336 0.0440871 0.0332562
0 0.402549 0.295808 0.03303 0.0303222
0 0.483195 0.103116 0.0575135 0.0518778
0 0.0510323 0.649944 0.0375879 0.0350583
0 0.78912 0.129964 0.0613575 0.0543909
0 0.79071 0.606618 0.0272954 0.0258997
0 0.462113 0.695688 0.0379343 0.0357253
0 0.0416791 0.306952 0.03146 0.0284605
0 0.165811 0.891278 0.0299707 0.0291121
0 0.425686 0.442853 0.0364821 0.0333192
0 0.605201 0.824283 0.030021 0.0286058
0 0.621601 0.129624 0.0287134 0.0255417
0 0.0113747 0.173843 0.0227494 0.0262872
0 0.446906 0.87874 0.0396339 0.0382037
0 0.383711 0.48425 0.0285413 0.0257617
0 0.391959 0.182029 0.0288955 0.0268964
0 0.298715 0.38615 0.156153 0.143198
0 0.861705 0.522336 0.0236743 0.0227219
0 0.735155 0.746667 0.0232986 0.0220025
0 0.406293 0.647974 0.0281934 0.026511
0 0.791002 0.0763731 0.0245029 0.0231578
0 0.293986 0.949625 0.0375602 0.035724
0 0.432414 0.725417 0.0353158 0.0331593
0 0.581555 0.173303 0.0335478 0.0302439
0 0.511135 0.305442 0.0860575 0.0805606
0 0.55666 0.799096 0.0302339 0.0277689
0 0.75022 0.593561 0.0233509 0.0229761
0 0.463562 0.634303 0.0367718 0.034265
0 0.988803 0.00948049 0.0223634 0.018916
0 0.0672844 0.48701 0.0273379 0.0255086
0 0.53753 0.289027 0.0244315 0.0224389
0 0.577565 0.32746 0.0433917 0.0391891
0 0.555182 0.840693 0.0340543 0.0313492
0 0.141899 0.72717 0.0656335 0.0604739
0 0.00512302 0.0450005 0.010246 0.0243968
0 0.0656805 0.00607714 0.0296264 0.0121543
0 0.0549568 0.0575139 0.0237667 0.0219059
0 0.298274 0.307475 0.0379024 0.0341226
0 0.324677 0.994815 0.0242202 0.0103701
0 0.282593 0.428153 0.0815065 0.0740706
0 0.277409 0.0328469 0.0250138 0.0226564
0 0.928696 0.404698 0.0227475 0.0217075
0 0.43434 0.274802 0.0268889 0.024019
0 0.398678 0.385406 0.0541832 0.0493946
0 0.0691239 0.311737 0.0256561 0.0243064
0 0.451803 0.900302 0.0237374 0.0228321
0 0.631361 0.102011 0.0255494 0.0236901
