0 0.0156906 0.497825 0.0313678 0.0391765
0 0.493715 0.111056 0.0746052 0.0699995
0 0.100335 0.321847 0.034567 0.0331653
0 0.0568254 0.117211 0.0265146 0.0259324
0 0.116751 0.00671673 0.0257015 0.0133351
0 0.325943 0.353483 0.0271418 0.0257156
0 0.21119 0.329534 0.0298993 0.0290616
0 0.343119 0.110629 0.0262156 0.0252047
0 0.479628 0.155897 0.0712386 0.0655455
0 0.275311 0.973902 0.0548562 0.0511714
0 0.536968 0.89149 0.0278869 0.0266307
0 0.00542356 0.128929 0.0108471 0.0255594
0 0.0163892 0.243354 0.024763 0.0232422
0 0.00515317 0.0342563 0.0103063 0.0254174
0 0.313656 0.146893 0.0322027 0.0312757
0 0.546434 0.48861 0.0236 0.0228687
0 0.499157 0.0657355 0.0289083 0.0272327
0 0.265324 0.333281 0.0238826 0.0231942
0 0.436616 0.617782 0.0259372 0.0250772
0 0.285685 0.797964 0.0646023 0.0632296
0 0.251835 0.353109 0.0229912 0.0222889
0 0.485068 0.961344 0.023693 0.0232038
0 0.154339 0.326719 0.0230548 0.0226154
0 0.490764 0.903961 0.0244169 0.0237188
