0 0.50538 0.534872 0.132931 0.114943
0 0.0763026 0.166805 0.0384142 0.0331818
0 0.589575 0.0117897 0.0488439 0.0235794
0 0.367302 0.803103 0.0337457 0.0290065
0 0.607958 0.15859 0.0371846 0.0322938
0 0.203569 0.238528 0.0365784 0.0305656
0 0.780729 0.0405332 0.031819 0.0285602
0 0.543881 0.368934 0.0324922 0.0273867
0 0.960686 0.869537 0.0407697 0.0355565
0 0.0443014 0.639517 0.0330762 0.0289512
0 0.0918764 0.687057 0.181344 0.263945
0 0.671882 0.802078 0.0331233 0.0294064
0 0.797361 0.417657 0.0457017 0.0396231
0 0.344894 0.737836 0.0317056 0.0274644
0 0.94826 0.949434 0.0491812 0.0429966
0 0.951286 0.897139 0.0336936 0.0295941
0 0.867053 0.442911 0.0279651 0.024482
0 0.915405 0.791916 0.0363241 0.0310642
0 0.283061 0.194199 0.0310371 0.0261799
0 0.639501 0.934912 0.0292685 0.0262596
0 0.841402 0.12994 0.0281993 0.0251916
0 0.799716 0.215701 0.0270386 0.0241999
0 0.749376 0.0327402 0.0273361 0.0242715
0 0.78766 0.119206 0.0258432 0.0232974
0 0.756573 0.25294 0.0298867 0.0265092
0 0.405719 0.116609 0.0261945 0.0227365
0 0.301533 0.808025 0.0282393 0.024916
0 0.415586 0.418691 0.0415316 0.0348868
0 0.247369 0.0571531 0.0292345 0.0244016
0 0.832865 0.154437 0.0251187 0.0224974
0 0.974485 0.186522 0.0270203 0.0240635
0 0.916337 0.918037 0.0451555 0.0396506
0 0.336788 0.146973 0.0265187 0.0233885
0 0.500172 0.714429 0.0518326 0.0446472
0 0.870245 0.337147 0.047054 0.0420601
0 0.372733 0.0334221 0.0271277 0.0232161
0 0.877714 0.933209 0.0285676 0.0252815
0 0.712863 0.154629 0.02492 0.0227661
0 0.0310996 0.486701 0.0419287 0.0361492
0 0.749353 0.22281 0.0262233 0.0233246
0 0.223971 0.0283526 0.0271949 0.0238585
0 0.353253 0.0470409 0.0262462 0.0227817
0 0.125125 0.00559645 0.026548 0.0111929
0 0.791188 0.970365 0.0278032 0.0254967
0 0.410862 0.397692 0.0274344 0.0238999
0 0.0143789 0.365379 0.0287146 0.0390453
0 0.101106 0.699381 0.0256974 0.0222287
0 0.0135236 0.829264 0.0270472 0.062936
0 0.727096 0.233637 0.0253098 0.022315
0 0.566578 0.594877 0.0311599 0.0276992
0 0.789614 0.1958 0.0242582 0.0215963
0 0.607027 0.867036 0.0273061 0.0243932
0 0.0256996 0.86305 0.0513284 0.0546705
