0 0.602419 0.684369 0.0473473 0.0446833
0 0.725643 0.749796 0.0536091 0.0504551
0 0.642102 0.0409972 0.0386927 0.0374913
0 0.0121763 0.289782 0.0243184 0.048074
0 0.849663 0.296477 0.0304422 0.0287585
0 0.652803 0.460468 0.0367501 0.034609
0 0.081514 0.380134 0.025869 0.0246531
0 0.54896 0.731781 0.0331731 0.0320112
0 0.478113 0.880109 0.0445583 0.0421514
0 0.851968 0.926615 0.0333982 0.0313438
0 0.409704 0.344246 0.0257879 0.0250003
0 0.119627 0.55226 0.0245124 0.0234718
0 0.842744 0.449082 0.0254836 0.0243647
0 0.743571 0.192318 0.0247453 0.0233209
0 0.600027 0.0263635 0.0240748 0.0234385
0 0.120741 0.438244 0.0254106 0.0248431
0 0.300632 0.991875 0.0279167 0.0162507
0 0.785431 0.754862 0.0321269 0.0305288
0 0.972454 0.391593 0.0278096 0.0262009
0 0.41299 0.717762 0.023325 0.022917
0 0.423705 0.331296 0.0261004 0.0256202
0 0.27665 0.54042 0.0270696 0.027027
0 0.461343 0.760722 0.02378 0.0230052
0 0.933548 0.250477 0.0260485 0.0244105
0 0.00847107 0.909035 0.0169421 0.0227433
0 0.28641 0.553761 0.0233752 0.0234661
0 0.679135 0.679571 0.0369272 0.0347583
0 0.993325 0.886471 0.0133499 0.0318766
0 0.81834 0.305565 0.0246329 0.0234205
0 0.556216 0.76476 0.0234945 0.0228232
0 0.681884 0.0954086 0.0242961 0.023864
0 0.769591 0.347926 0.0289857 0.0277853
0 0.772981 0.908072 0.0232019 0.0221715
0 0.615193 0.989816 0.0244768 0.0203677
0 0.460338 0.632683 0.030284 0.0293779
0 0.487555 0.861261 0.0249191 0.0244323
