0 0.673013 0.238976 0.122565 0.10025
0 0.1577 0.394345 0.109981 0.0893982
0 0.840044 0.69431 0.0878594 0.0768266
0 0.386104 0.150891 0.101837 0.0800913
0 0.296954 0.423975 0.0713984 0.0589737
0 0.444344 0.301604 0.0569186 0.0456572
0 0.516811 0.247879 0.053877 0.0430195
0 0.95807 0.116035 0.0838602 0.114028
0 0.167537 0.494768 0.0505142 0.0425595
0 0.656216 0.369344 0.0556908 0.0449784
0 0.222959 0.325152 0.0584753 0.0482271
0 0.125762 0.964044 0.0677875 0.0603518
0 0.799419 0.422073 0.0649214 0.0557181
0 0.348833 0.222589 0.0473925 0.0392341
0 0.553697 0.753982 0.215351 0.185702
0 0.659736 0.0843663 0.0571623 0.0464473
0 0.521262 0.155356 0.0587276 0.0479151
0 0.616724 0.360071 0.0514018 0.0409781
0 0.247299 0.191558 0.0406151 0.0334984
0 0.509738 0.0670847 0.0604716 0.048976
0 0.570841 0.363412 0.0386656 0.0313241
0 0.752552 0.899554 0.0375132 0.0320016
0 0.473358 0.617088 0.0326948 0.0275224
0 0.924511 0.157067 0.0811134 0.0695979
0 0.636274 0.30481 0.0665843 0.0529802
0 0.593844 0.700445 0.0357249 0.0301936
0 0.397001 0.318073 0.0379645 0.0304636
0 0.257726 0.28287 0.0503026 0.041265
0 0.270697 0.0651168 0.076681 0.0636287
0 0.709021 0.151713 0.0323515 0.0270938
0 0.871966 0.102807 0.0782739 0.0682026
0 0.505221 0.320948 0.0279556 0.0230842
0 0.960361 0.405933 0.0792786 0.122434
0 0.594302 0.00964114 0.0505994 0.0192164
0 0.890573 0.0307853 0.0857126 0.0612507
0 0.250992 0.676191 0.0302785 0.0270333
0 0.940126 0.309694 0.0293894 0.0258404
0 0.0785121 0.148351 0.029966 0.0249014
0 0.218786 0.0397997 0.0286995 0.0245769
0 0.295783 0.111487 0.0272082 0.022832
0 0.5417 0.0118889 0.0338585 0.0235144
0 0.961146 0.0109565 0.0777082 0.0219034
0 0.00827727 0.536133 0.0165545 0.0250926
0 0.280742 0.701738 0.0266797 0.0232556
0 0.531973 0.194486 0.0267196 0.022662
0 0.42212 0.0568024 0.0338384 0.0274055
0 0.134372 0.228668 0.02714 0.0232405
0 0.770198 0.848968 0.0965024 0.0797507
0 0.237645 0.521319 0.0265712 0.0231566
0 0.161412 0.105048 0.0258394 0.0225148
0 0.968353 0.31831 0.0274126 0.0235513
0 0.389207 0.0602515 0.0396224 0.0327138
0 0.550408 0.909989 0.183263 0.158818
0 0.958934 0.948212 0.0281576 0.0237627
0 0.534951 0.0334861 0.0305792 0.0245953
0 0.522574 0.103597 0.0434866 0.0354505
0 0.472157 0.769893 0.0261976 0.0227928
0 0.779853 0.96473 0.0903654 0.0698258
0 0.469149 0.339758 0.0305987 0.0254515
0 0.806051 0.0832043 0.0306436 0.0259966
0 0.0933164 0.207727 0.0266986 0.0225034
0 0.453307 0.876869 0.116136 0.0984094
0 0.368275 0.267508 0.0326437 0.0270523
0 0.255869 0.245528 0.0356576 0.0303549
0 0.863369 0.0166887 0.0888858 0.0333522
0 0.583473 0.276749 0.0561152 0.0452237
0 0.91323 0.899497 0.17297 0.201006
0 0.273972 0.0244094 0.0254219 0.0215284
0 0.35576 0.058977 0.0349348 0.0290521
0 0.595107 0.589538 0.0265892 0.0225628
0 0.691193 0.988352 0.121291 0.0232962
0 0.185834 0.271378 0.0302113 0.0251393
0 0.251232 0.245852 0.0433809 0.0346878
0 0.219898 0.292396 0.0342236 0.0294082
0 0.481982 0.00374984 0.0283988 0.00748475
0 0.427211 0.669174 0.0276115 0.023792
0 0.45299 0.255879 0.0331667 0.027859
0 0.930234 0.0565687 0.053215 0.0452264
