0 0.97041 0.131553 0.0446367 0.0437197
0 0.356487 0.0559045 0.0380968 0.0366653
0 0.667631 0.23316 0.0388613 0.0383883
0 0.459865 0.102718 0.0331666 0.0324317
0 0.911895 0.204959 0.0437754 0.042287
0 0.241969 0.819692 0.0377297 0.0359156
0 0.511614 0.259858 0.0458824 0.0452209
0 0.980953 0.517553 0.0339351 0.0336393
0 0.535058 0.823156 0.0398757 0.0393823
0 0.86961 0.192734 0.0739822 0.0725319
0 0.146347 0.568228 0.0270868 0.0265863
0 0.770154 0.0347569 0.108909 0.0694573
0 0.142457 0.0590912 0.0300158 0.0292471
0 0.469186 0.910248 0.0493728 0.0492444
0 0.38059 0.785278 0.043495 0.0423231
0 0.964487 0.424268 0.0269655 0.0263092
0 0.591045 0.103631 0.0325103 0.0318548
0 0.937388 0.222531 0.0346193 0.034358
0 0.682379 0.0857276 0.0395 0.0391256
0 0.362009 0.811557 0.028294 0.0283527
0 0.587934 0.98172 0.0409185 0.0361686
0 0.37759 0.169964 0.0299332 0.0284433
0 0.55021 0.415993 0.0578814 0.055548
0 0.45431 0.950067 0.0683494 0.0687806
0 0.822713 0.177655 0.0360569 0.0355467
0 0.884879 0.102941 0.0352325 0.0340198
0 0.384238 0.844235 0.0353036 0.0345229
0 0.689459 0.171459 0.0300349 0.0295087
0 0.922394 0.256957 0.0304983 0.0303436
0 0.0959541 0.215338 0.191908 0.320566
0 0.304014 0.582466 0.0272825 0.0264158
0 0.462712 0.862639 0.0320854 0.0322051
0 0.918123 0.319889 0.0634894 0.0636337
0 0.61611 0.265467 0.024719 0.0242726
0 0.55194 0.219987 0.031162 0.0307515
0 0.741252 0.515155 0.026334 0.0258071
0 0.262887 0.919447 0.0232321 0.0232183
0 0.529151 0.115395 0.0240312 0.0238873
0 0.848327 0.0162344 0.0485368 0.0324687
