0 0.469553 0.0497839 0.105817 0.0995677
0 0.666462 0.562125 0.0629988 0.0603197
0 0.063335 0.261876 0.061148 0.0591918
0 0.14544 0.26393 0.0367105 0.0357637
0 0.0195964 0.1089 0.0391032 0.149144
0 0.834735 0.436941 0.028717 0.0278765
0 0.576044 0.672621 0.0319058 0.030967
0 0.0309491 0.747742 0.0288818 0.0271277
0 0.254067 0.469662 0.0305986 0.0286396
0 0.822575 0.404574 0.0318456 0.0304762
0 0.364448 0.221827 0.0524247 0.0514688
0 0.91028 0.45763 0.0299305 0.028012
0 0.48217 0.778521 0.0279493 0.0274173
0 0.693986 0.0763564 0.0423217 0.0418253
0 0.611182 0.231609 0.0328132 0.0309622
0 0.619025 0.823906 0.0352938 0.034895
0 0.119727 0.0870362 0.0392745 0.038826
0 0.41006 0.462261 0.0232888 0.0223257
0 0.0300065 0.292549 0.0261348 0.0261255
0 0.0405923 0.920397 0.0810713 0.151744
0 0.147635 0.162594 0.0334326 0.0328607
0 0.265666 0.31244 0.0262915 0.0264252
0 0.086664 0.0968677 0.0269435 0.0268064
0 0.176706 0.237363 0.0363989 0.0358102
0 0.420063 0.785278 0.0562817 0.0535725
0 0.9806 0.610905 0.0318592 0.031141
0 0.702927 0.88735 0.0268699 0.0262082
0 0.64371 0.689662 0.0725179 0.0719547
0 0.616719 0.801349 0.0293789 0.0293611
0 0.409064 0.650706 0.0677334 0.063192
0 0.280606 0.121099 0.11251 0.107941
0 0.368947 0.277904 0.0283568 0.0279959
0 0.160213 0.110226 0.0532219 0.0549432
0 0.89597 0.435695 0.0249287 0.0239046
0 0.013888 0.267891 0.0277759 0.038939
