0 0.691758 0.864944 0.0307843 0.0297501
0 0.0817125 0.986036 0.0371449 0.0279094
0 0.316611 0.800916 0.0648539 0.0638371
0 0.788755 0.798342 0.0598893 0.058187
0 0.868318 0.480538 0.0653655 0.0642624
0 0.868712 0.430019 0.024245 0.0242286
0 0.689882 0.0358425 0.064548 0.0624423
0 0.845915 0.916378 0.168015 0.157681
0 0.1829 0.145608 0.363641 0.288625
0 0.81899 0.833117 0.0289365 0.0279602
0 0.252256 0.931022 0.0398525 0.0397821
0 0.319646 0.406638 0.0524106 0.048892
0 0.068956 0.950816 0.0557311 0.0536841
0 0.272063 0.829333 0.035485 0.035146
0 0.210334 0.943969 0.0312289 0.0305397
0 0.763483 0.0340648 0.0250154 0.0240635
0 0.320247 0.954413 0.0364087 0.0356982
0 0.603262 0.45731 0.086439 0.0831446
0 0.225568 0.41857 0.0282545 0.0264622
0 0.835325 0.995658 0.0394269 0.00868416
0 0.0612217 0.969489 0.0210972 0.0211425
0 0.990584 0.0718766 0.0187574 0.0377123
