0 0.399702 0.0802682 0.109909 0.0922683
0 0.644226 0.917994 0.0701478 0.0589809
0 0.480358 0.730719 0.095951 0.0786093
0 0.155161 0.300566 0.0420445 0.0340579
0 0.291001 0.888534 0.0436984 0.034601
0 0.367637 0.880565 0.0434541 0.0342426
0 0.270613 0.98719 0.0393601 0.0256191
0 0.922711 0.578879 0.0324109 0.027153
0 0.99012 0.396217 0.0196605 0.0258294
0 0.133437 0.453375 0.0318928 0.0261979
0 0.887972 0.354553 0.0380424 0.03274
0 0.508318 0.336638 0.0324434 0.0260686
0 0.541262 0.686565 0.0379952 0.0319604
0 0.861094 0.539029 0.0315817 0.026783
0 0.237312 0.0266213 0.0384683 0.0295252
0 0.937996 0.553848 0.0281822 0.0233644
0 0.220856 0.427372 0.0296474 0.0238868
0 0.247367 0.842275 0.0279421 0.0228964
0 0.741 0.0837021 0.0256271 0.0238278
0 0.431985 0.215948 0.119351 0.0964084
0 0.26999 0.126543 0.0656383 0.0493858
0 0.125799 0.775538 0.0388776 0.0320995
0 0.98783 0.547147 0.0241432 0.023435
0 0.493513 0.647587 0.026898 0.0237211
0 0.912651 0.241011 0.0597606 0.0528235
0 0.893374 0.656402 0.0278649 0.0238139
0 0.899622 0.707679 0.027234 0.0232599
0 0.915941 0.336707 0.0396991 0.0348719
0 0.877076 0.488427 0.100484 0.0858246
0 0.66297 0.344776 0.0265107 0.0227498
0 0.0392152 0.193018 0.0354641 0.0274194
0 0.420944 0.677522 0.0896545 0.0759292
0 0.377778 0.328997 0.0525261 0.0424977
0 0.782734 0.356284 0.0655 0.0592565
0 0.420202 0.543584 0.0275764 0.0230086
