0 0.608713 0.350612 0.237834 0.228358
0 0.857879 0.377269 0.0595519 0.0579154
0 0.0827017 0.187722 0.0675758 0.0655734
0 0.546238 0.829706 0.0418546 0.0408497
0 0.0995963 0.00994733 0.0387161 0.0198312
0 0.853694 0.924679 0.0338131 0.033109
0 0.764653 0.896151 0.0386393 0.0378187
0 0.987688 0.614846 0.0244575 0.0323605
0 0.696844 0.892096 0.0291068 0.029129
0 0.284029 0.486764 0.0301242 0.0292981
0 0.356014 0.807699 0.107 0.103521
0 0.507233 0.811239 0.0375957 0.0367022
0 0.160495 0.556766 0.035167 0.0344324
0 0.328664 0.543302 0.0290213 0.0284253
0 0.413969 0.695872 0.0279078 0.0274534
0 0.760604 0.940272 0.025846 0.0255399
0 0.936789 0.0529254 0.0398463 0.0389788
0 0.131087 0.181676 0.0385862 0.0381376
0 0.561987 0.990905 0.028727 0.0181906
0 0.757483 0.588719 0.0673184 0.0648608
0 0.477851 0.447173 0.353786 0.395049
0 0.228298 0.683318 0.0244875 0.0240836
0 0.469828 0.318216 0.0241461 0.0234752
0 0.180157 0.680593 0.0283457 0.0273955
0 0.393949 0.290823 0.0269179 0.0262686
0 0.755498 0.865017 0.0243613 0.0240561
0 0.414135 0.0993624 0.0229805 0.0226773
0 0.661178 0.692043 0.0898134 0.0904303
0 0.0946531 0.585392 0.0247343 0.0240305
0 0.1932 0.94166 0.0239942 0.023237
0 0.0219572 0.663903 0.0316746 0.0309393
0 0.00663229 0.364689 0.0132646 0.0226061
0 0.313206 0.851723 0.024017 0.0234629
0 0.964547 0.042168 0.0260534 0.0258696
0 0.786856 0.101401 0.118991 0.114484
