0 0.789867 0.799829 0.152113 0.14611
0 0.628662 0.831426 0.0745304 0.0715055
0 0.438338 0.716252 0.0545437 0.0510237
0 0.949026 0.322798 0.0592628 0.053991
0 0.940621 0.800595 0.0411587 0.0396556
0 0.531948 0.722413 0.150008 0.143864
0 0.905314 0.735462 0.0456144 0.0444543
0 0.70843 0.385215 0.0429206 0.0401564
0 0.272333 0.493455 0.0350719 0.0322495
0 0.146838 0.204296 0.0318698 0.0305082
0 0.273751 0.891882 0.0271864 0.0263989
0 0.534731 0.888682 0.0551529 0.052635
0 0.300505 0.425079 0.0569355 0.0490564
0 0.414155 0.622605 0.0361544 0.03372
0 0.805163 0.368445 0.031518 0.0303817
0 0.916204 0.567873 0.0357485 0.0344057
0 0.907025 0.908089 0.0305548 0.0302847
0 0.54897 0.0361571 0.0380918 0.0372995
0 0.850976 0.418298 0.0402513 0.0382998
0 0.784359 0.384822 0.0324364 0.0309899
0 0.227981 0.546272 0.0307452 0.0283535
0 0.507403 0.933542 0.105554 0.102334
0 0.86388 0.748578 0.0323553 0.0313568
0 0.0559761 0.350899 0.0373502 0.0349674
0 0.406124 0.438932 0.0248984 0.023445
0 0.843076 0.534962 0.0251858 0.0243254
0 0.305751 0.119319 0.0420839 0.0403941
0 0.966646 0.377554 0.0247223 0.0234719
0 0.9298 0.54868 0.024857 0.0235536
0 0.754456 0.686976 0.10519 0.0980911
0 0.0662142 0.899368 0.0266607 0.0255833
0 0.864315 0.298017 0.102645 0.0950186
0 0.956442 0.959882 0.0238602 0.0233297
0 0.96712 0.873141 0.0421734 0.040223
0 0.461622 0.790212 0.106524 0.100144
0 0.0321633 0.291817 0.0271195 0.0260923
0 0.692155 0.00603866 0.0323254 0.0120765
0 0.5412 0.989882 0.0368791 0.0202355
0 0.501195 0.334952 0.104336 0.094113
0 0.339529 0.719011 0.0676508 0.0621018
0 0.0793966 0.706839 0.158793 0.265662
0 0.556966 0.817768 0.0447051 0.044121
0 0.713432 0.468335 0.023197 0.0226623
0 0.188377 0.0596957 0.0228401 0.0224251
0 0.737343 0.986508 0.0503545 0.026831
