0 0.159946 0.96798 0.144236 0.064041
0 0.06839 0.397554 0.0473129 0.04618
0 0.378951 0.147684 0.070442 0.0669582
0 0.331897 0.0927333 0.0569979 0.0549075
0 0.172717 0.0194128 0.0730182 0.0386731
0 0.327381 0.664948 0.0343596 0.0320313
0 0.86857 0.518035 0.0368254 0.0344601
0 0.296357 0.390734 0.026638 0.0248453
0 0.0367494 0.39918 0.0311094 0.0303174
0 0.119014 0.134831 0.0354869 0.0342776
0 0.374288 0.618297 0.0266018 0.0248761
0 0.0311167 0.423484 0.026005 0.0251796
0 0.183009 0.354538 0.0248257 0.0236471
0 0.474039 0.965747 0.0617172 0.0586268
0 0.867931 0.979843 0.0388795 0.0375043
0 0.680673 0.63811 0.0264759 0.0249662
0 0.141986 0.758102 0.0365206 0.0354476
0 0.491293 0.558539 0.0250762 0.0232703
0 0.408084 0.610079 0.0258658 0.0245879
0 0.138022 0.678137 0.0250357 0.0236742
0 0.6934 0.559611 0.0284669 0.0267358
0 0.335005 0.789125 0.0305757 0.0283658
0 0.164035 0.309905 0.0233495 0.0228634
0 0.378302 0.764245 0.0258815 0.0246494
0 0.0947879 0.863892 0.0387979 0.0375333
0 0.912463 0.911245 0.0796728 0.0770029
0 0.0683471 0.0743509 0.0450954 0.0431638
0 0.909415 0.308263 0.0231781 0.0223501
0 0.219817 0.339998 0.0234184 0.022526
0 0.978864 0.55656 0.0295857 0.0276079
0 0.380928 0.0927953 0.0470367 0.0445923
0 0.439136 0.467668 0.0250895 0.0231891
0 0.973176 0.448314 0.0536489 0.069916
