0 0.152427 0.575348 0.0670986 0.0646402
0 0.430597 0.675485 0.0382477 0.037791
0 0.531035 0.0353885 0.0505166 0.0494954
0 0.423257 0.100828 0.054304 0.0526414
0 0.144355 0.296067 0.0401734 0.03979
0 0.0651909 0.120888 0.0306815 0.0305164
0 0.640826 0.859768 0.0385121 0.0376657
0 0.275647 0.479809 0.051667 0.0510418
0 0.1043 0.130531 0.0315972 0.0310518
0 0.259445 0.614975 0.0415994 0.040781
0 0.92201 0.425682 0.0274362 0.0271078
0 0.0924876 0.00758755 0.0308942 0.0151013
0 0.616643 0.566312 0.0348027 0.0341039
0 0.850183 0.170547 0.0291056 0.0287291
0 0.141479 0.0358925 0.0275978 0.0269774
0 0.0484485 0.390829 0.042527 0.0417933
0 0.921752 0.973403 0.0652037 0.0530873
0 0.605624 0.00909994 0.037259 0.0181868
0 0.622391 0.438476 0.0305305 0.0298188
0 0.623576 0.944844 0.267297 0.110175
0 0.214079 0.153226 0.0273196 0.0267352
0 0.367637 0.493818 0.0254437 0.0250045
0 0.0705665 0.421993 0.0259611 0.0255035
0 0.0886037 0.660661 0.0285614 0.0276985
0 0.0919422 0.515217 0.0343565 0.03391
0 0.912465 0.347989 0.0257765 0.0253561
0 0.114478 0.640385 0.0264903 0.0258124
0 0.153858 0.404099 0.0326455 0.0319209
0 0.245461 0.096238 0.0278964 0.0268407
0 0.882897 0.236168 0.0271006 0.0268395
0 0.50537 0.104573 0.0251505 0.0244827
0 0.289945 0.0546534 0.0240051 0.0236304
0 0.152843 0.758436 0.0253183 0.0247538
0 0.308061 0.727689 0.0667849 0.0661213
0 0.0391117 0.509023 0.0238775 0.0232984
0 0.118229 0.478519 0.023661 0.0235898
0 0.0646142 0.628678 0.027594 0.0265329
0 0.122786 0.155241 0.026961 0.025936
0 0.842079 0.590891 0.0459966 0.0464926
0 0.949086 0.903004 0.0533118 0.0509961
0 0.107262 0.909255 0.0405186 0.0390445
0 0.0672857 0.281701 0.076689 0.0768558
0 0.876416 0.114739 0.0287821 0.028774
0 0.0226206 0.556504 0.0230952 0.023012
0 0.951431 0.224213 0.026736 0.0263257
0 0.714821 0.574221 0.0324098 0.031836
0 0.958234 0.460825 0.0251534 0.0247431
0 0.0349242 0.194054 0.0226253 0.0218856
0 0.00599597 0.737254 0.0119919 0.02494
0 0.962867 0.829553 0.0632554 0.0612862
0 0.216922 0.621498 0.0442053 0.0427487
0 0.495112 0.0744001 0.0230731 0.0223005
0 0.115453 0.525977 0.0229351 0.0225592
0 0.822939 0.819005 0.0237588 0.0235999
0 0.665389 0.107644 0.0374784 0.0367614
0 0.0930332 0.276976 0.0225234 0.0221069
0 0.36122 0.537185 0.0968627 0.0947461
0 0.0215154 0.0790883 0.0232344 0.0233123
0 0.311607 0.459792 0.0310247 0.0307376
0 0.895179 0.194666 0.0253789 0.0243586
0 0.530036 0.906907 0.0251361 0.0248229
0 0.29703 0.134603 0.0227972 0.022328
0 0.0925774 0.229614 0.0231438 0.0228404
0 0.339687 0.15508 0.0231341 0.0226782
