0 0.0384465 0.374932 0.0523009 0.0509102
0 0.708927 0.499419 0.0390422 0.037549
0 0.477708 0.635946 0.0372488 0.0360808
0 0.0328504 0.159132 0.0307804 0.0299755
0 0.782082 0.672554 0.0309572 0.0298822
0 0.716013 0.53504 0.0311009 0.0297449
0 0.813511 0.74796 0.0322232 0.0308871
0 0.598908 0.476844 0.0242 0.0230516
0 0.401529 0.260973 0.0296654 0.0285653
0 0.983367 0.117146 0.0289125 0.0280092
0 0.774357 0.0649626 0.0302494 0.0296218
0 0.901024 0.784595 0.0236395 0.0226341
0 0.988377 0.137273 0.0232463 0.0252957
0 0.140153 0.310173 0.0247443 0.0237177
0 0.787424 0.392864 0.0224438 0.0218538
