0 0.581022 0.20396 0.250868 0.242807
0 0.177431 0.110966 0.0891414 0.0834337
0 0.236499 0.387454 0.0937452 0.088148
0 0.123357 0.73474 0.0852921 0.0747328
0 0.292097 0.0718637 0.238529 0.143727
0 0.0619812 0.0522777 0.0553054 0.0506211
0 0.530963 0.393088 0.131371 0.125225
0 0.283293 0.854819 0.0731426 0.0652037
0 0.71992 0.39272 0.0435946 0.041055
0 0.9247 0.316719 0.0386759 0.0341729
0 0.403743 0.910041 0.0575916 0.054294
0 0.743362 0.705594 0.0842729 0.0733637
0 0.372151 0.87194 0.0311604 0.0286425
0 0.40782 0.596007 0.0662206 0.0594029
0 0.51993 0.338379 0.0412705 0.0409482
0 0.269637 0.891851 0.0359159 0.0332087
0 0.80904 0.288105 0.0302491 0.0286524
0 0.198287 0.801931 0.0593781 0.0537374
0 0.854229 0.0824971 0.032706 0.0312366
0 0.494045 0.464806 0.0360124 0.0343162
0 0.610278 0.0777819 0.0406327 0.0384812
0 0.164294 0.193174 0.0456935 0.0432175
0 0.584715 0.873856 0.0734079 0.0643201
0 0.582464 0.676623 0.0600627 0.0536418
0 0.109523 0.785679 0.0343748 0.0303297
0 0.449067 0.157566 0.0342298 0.0336131
0 0.0417581 0.280753 0.0398702 0.0369745
0 0.545937 0.708874 0.0526508 0.0492456
0 0.621788 0.552538 0.0585147 0.0532255
0 0.933805 0.669773 0.0367831 0.0341017
0 0.894436 0.127898 0.0269731 0.0256845
0 0.014631 0.177826 0.0288195 0.028143
0 0.216846 0.526419 0.0277554 0.0252051
0 0.769053 0.523334 0.0517855 0.0491532
0 0.267887 0.168527 0.0277833 0.0261738
0 0.464149 0.400977 0.0264341 0.0252066
0 0.0316943 0.781301 0.0307863 0.027399
0 0.150426 0.899114 0.0277619 0.0254583
0 0.0925468 0.249079 0.0437141 0.0404313
0 0.00983897 0.992902 0.0196612 0.0141968
0 0.918176 0.147327 0.03495 0.0324726
0 0.499102 0.568138 0.0279462 0.025991
0 0.0576089 0.4068 0.0285887 0.0268909
0 0.254981 0.199204 0.0259965 0.0250667
0 0.399186 0.310642 0.0249784 0.0246458
0 0.184484 0.738699 0.0273579 0.0246498
0 0.405051 0.79202 0.0285009 0.0250158
0 0.595677 0.465744 0.0554612 0.0517195
0 0.234507 0.586631 0.031472 0.028012
0 0.704586 0.466162 0.0285068 0.0270037
0 0.269121 0.481773 0.0622718 0.0552173
0 0.426757 0.659052 0.045273 0.0412614
0 0.488392 0.531861 0.0620363 0.0562245
0 0.0837621 0.938925 0.0322991 0.0284893
0 0.0539142 0.727799 0.0371822 0.0325341
0 0.406887 0.821498 0.030764 0.0282538
0 0.735818 0.847321 0.0487702 0.0440769
0 0.538884 0.656883 0.0300716 0.02722
0 0.328262 0.268641 0.0268534 0.025913
0 0.858049 0.980658 0.0476719 0.0385785
0 0.434591 0.329549 0.0264765 0.0257642
0 0.318415 0.484806 0.0271614 0.024889
0 0.20172 0.226671 0.0251513 0.0242555
0 0.447249 0.234903 0.0298792 0.0283669
0 0.328703 0.728575 0.0396363 0.0363884
0 0.640258 0.099241 0.0270646 0.0257128
0 0.406655 0.209302 0.0271128 0.0263349
0 0.793904 0.0514193 0.0261184 0.0250689
0 0.374582 0.45284 0.0287633 0.0278331
0 0.245981 0.621753 0.0265548 0.0245819
0 0.791508 0.444587 0.0343706 0.0326591
0 0.486877 0.347135 0.0347674 0.0332084
0 0.25486 0.908576 0.028218 0.0266414
0 0.167649 0.778421 0.0274934 0.0250195
0 0.411717 0.115281 0.0282766 0.0272002
0 0.783468 0.171496 0.0342798 0.0331483
0 0.954391 0.0818141 0.0261247 0.0248913
0 0.475949 0.712872 0.0633856 0.056669
0 0.0642967 0.61931 0.0253792 0.0230198
0 0.0936465 0.190231 0.0371884 0.0349799
0 0.942262 0.915056 0.04613 0.0427273
0 0.95038 0.649299 0.0338733 0.0316361
0 0.637251 0.898408 0.0384388 0.0336723
0 0.437944 0.191363 0.0382928 0.0373675
0 0.805258 0.411897 0.0323312 0.0305333
0 0.684541 0.565602 0.0481769 0.0443882
0 0.719465 0.957856 0.0343115 0.0318005
0 0.603066 0.251638 0.026069 0.0257987
0 0.297596 0.435337 0.0404574 0.0374257
0 0.202223 0.380688 0.0249591 0.0236062
0 0.880772 0.788107 0.0372329 0.0348767
0 0.970265 0.0386974 0.0238506 0.0232639
0 0.147245 0.0213253 0.0305665 0.0279263
0 0.0994803 0.129451 0.0727892 0.0691754
0 0.410065 0.381764 0.0283217 0.0273385
0 0.576615 0.0586669 0.0308981 0.0286478
0 0.550171 0.974547 0.046212 0.0427384
0 0.592938 0.350294 0.0234566 0.0224763
0 0.34802 0.456178 0.0254625 0.0245391
0 0.683056 0.256302 0.0242431 0.0238633
0 0.612282 0.500273 0.0350158 0.0329764
0 0.751919 0.205186 0.0283468 0.0277641
0 0.0945291 0.563044 0.048359 0.043074
0 0.57413 0.562107 0.04006 0.0372827
0 0.840012 0.544455 0.0257751 0.0239631
0 0.817863 0.00515149 0.0249369 0.0102515
0 0.682016 0.00561264 0.0483665 0.0112253
0 0.97335 0.401923 0.0299083 0.0262873
0 0.457828 0.31363 0.0310577 0.0291836
