0 0.361581 0.737271 0.0726329 0.0695481
0 0.97417 0.340714 0.0442786 0.0415738
0 0.748811 0.0460782 0.0352265 0.03183
0 0.465571 0.259889 0.0303791 0.0281938
0 0.065165 0.390266 0.0353863 0.0327111
0 0.676513 0.559648 0.0348434 0.0323093
0 0.249359 0.355512 0.0315526 0.0294166
0 0.808664 0.0688602 0.0310574 0.0278835
0 0.452734 0.621226 0.0297809 0.0284168
0 0.532033 0.0841862 0.0302267 0.0277832
0 0.392298 0.051882 0.0336918 0.0308529
0 0.166137 0.0965171 0.101062 0.0935097
0 0.0514095 0.41053 0.0342441 0.032491
0 0.198183 0.59434 0.0300918 0.0278965
0 0.0774748 0.919464 0.0286311 0.0253592
0 0.716035 0.552277 0.0395656 0.0360085
0 0.470092 0.414709 0.02518 0.0232031
0 0.24115 0.443129 0.0529303 0.0502976
0 0.159577 0.606866 0.0267389 0.0250971
0 0.0629103 0.493632 0.0319509 0.0302567
0 0.975468 0.438299 0.0247366 0.023238
0 0.447805 0.580929 0.0279517 0.0254111
0 0.00883352 0.464405 0.017667 0.0232204
0 0.455076 0.0410796 0.0246623 0.0225907
0 0.393224 0.866611 0.0233138 0.0227507
0 0.371845 0.370921 0.0265078 0.0257215
0 0.17813 0.52462 0.0248462 0.0230787
0 0.648223 0.923912 0.0302007 0.0276105
0 0.308524 0.594804 0.0240276 0.0224133
0 0.0641612 0.198719 0.027141 0.0253066
0 0.635365 0.0306751 0.0350909 0.0328162
0 0.265059 0.899087 0.0245773 0.0237494
0 0.156915 0.988707 0.0316107 0.0225855
