0 0.922756 0.676458 0.0621962 0.057519
0 0.977747 0.927601 0.0402981 0.036169
0 0.834246 0.766722 0.0368144 0.0338914
0 0.117727 0.13981 0.233213 0.279619
0 0.966272 0.684735 0.0432119 0.0398966
0 0.210374 0.872806 0.0307541 0.0273481
0 0.688142 0.791588 0.0306888 0.0285802
0 0.703139 0.85417 0.0253932 0.0237066
0 0.985845 0.84627 0.028265 0.030095
0 0.91798 0.779705 0.0455093 0.0402157
0 0.77206 0.610081 0.0353103 0.0335466
0 0.745673 0.390959 0.0248187 0.0238995
0 0.713105 0.0274645 0.030051 0.0269044
0 0.990038 0.570615 0.0198286 0.0286624
0 0.482311 0.85803 0.0930078 0.0835757
0 0.647125 0.599132 0.0268848 0.0254372
0 0.269906 0.444592 0.0315376 0.0288041
0 0.0103832 0.879159 0.0206949 0.0276051
0 0.828048 0.695245 0.0683184 0.0629055
0 0.991263 0.945819 0.0174734 0.0262621
0 0.857816 0.797992 0.0444769 0.039583
0 0.108281 0.808205 0.058654 0.0525566
0 0.307618 0.738728 0.0251518 0.022929
