0 0.873382 0.846693 0.253235 0.302972
0 0.885691 0.415976 0.228617 0.267989
0 0.0917611 0.594653 0.173578 0.151565
0 0.406269 0.531177 0.256232 0.217941
0 0.541111 0.519445 0.0940128 0.0824053
0 0.899601 0.0738254 0.200798 0.1476
0 0.550869 0.111133 0.0497953 0.0432729
0 0.492125 0.846338 0.0614072 0.0517795
0 0.0847223 0.364607 0.0530439 0.0453951
0 0.353703 0.246844 0.282661 0.267092
0 0.514272 0.492053 0.0461497 0.0388347
0 0.556624 0.354223 0.0340174 0.0300082
0 0.144067 0.638968 0.0317734 0.0283773
0 0.100874 0.495062 0.0383056 0.0332768
0 0.0859367 0.711689 0.0351197 0.0307423
0 0.204994 0.412538 0.0361941 0.0305163
0 0.206784 0.169862 0.0351502 0.0298553
0 0.439086 0.893357 0.0469328 0.0402829
0 0.918697 0.701844 0.0307864 0.0266266
0 0.0203353 0.870835 0.0271292 0.0239942
0 0.378177 0.932323 0.0321615 0.0276154
0 0.673951 0.191609 0.108437 0.0940773
0 0.983036 0.308964 0.0272209 0.0231023
0 0.509784 0.384671 0.148443 0.130865
0 0.731918 0.566339 0.245492 0.224225
0 0.486656 0.0691136 0.0327759 0.0282576
0 0.536418 0.236593 0.144658 0.121259
0 0.56898 0.837383 0.029672 0.0251205
0 0.375898 0.786682 0.0375398 0.0329075
0 0.331791 0.652553 0.122733 0.106917
0 0.34817 0.307601 0.0246521 0.0212655
0 0.258147 0.92838 0.0244552 0.022761
0 0.285942 0.878643 0.024485 0.0224473
0 0.859933 0.579654 0.0251894 0.022269
0 0.634782 0.2804 0.098583 0.0881645
