0 0.85668 0.870576 0.0542538 0.0438333
0 0.473267 0.604501 0.298779 0.25513
0 0.64409 0.956169 0.0559394 0.0458991
0 0.232735 0.587164 0.0454123 0.0382743
0 0.681935 0.934405 0.042747 0.0346759
0 0.461957 0.631487 0.0411556 0.0342638
0 0.659452 0.875127 0.0333948 0.0278714
0 0.466649 0.77285 0.0378266 0.0316171
0 0.427207 0.801595 0.22742 0.177687
0 0.810855 0.78983 0.0373883 0.0305338
0 0.182562 0.741581 0.0299005 0.0256343
0 0.0250398 0.966858 0.0500797 0.0661281
0 0.724094 0.587759 0.056756 0.048363
0 0.541261 0.741152 0.0269421 0.0226083
0 0.377403 0.359053 0.0465496 0.038789
0 0.455633 0.224304 0.0315603 0.0268319
0 0.535825 0.394226 0.0622206 0.0534587
0 0.57778 0.386529 0.0248635 0.0224836
0 0.632318 0.768988 0.0263184 0.0224279
0 0.675552 0.720234 0.025719 0.0218756
