0 0.598517 0.0636537 0.101538 0.099727
0 0.214454 0.256735 0.0397032 0.0390204
0 0.152655 0.294196 0.0509035 0.0493491
0 0.0470848 0.120155 0.0684908 0.0672482
0 0.127477 0.12148 0.0296054 0.0286283
0 0.885611 0.119968 0.0326364 0.0323572
0 0.0742933 0.593441 0.0550625 0.0531286
0 0.927717 0.359707 0.0396997 0.0391505
0 0.413223 0.267048 0.0366024 0.0356086
0 0.105426 0.812951 0.119921 0.114736
0 0.0331053 0.364294 0.0368897 0.0359701
0 0.506219 0.317767 0.0469023 0.0464759
0 0.538352 0.926093 0.0283433 0.0276361
0 0.455188 0.329713 0.0408871 0.0406487
0 0.696526 0.332337 0.0282034 0.0276642
0 0.496552 0.393851 0.0274271 0.0275253
0 0.273749 0.214421 0.0269859 0.0266179
0 0.0976435 0.651818 0.0442624 0.042486
0 0.017992 0.0143528 0.0337074 0.0286317
0 0.888133 0.402773 0.0369164 0.0362003
0 0.957394 0.0955269 0.0283055 0.0273284
0 0.929861 0.721916 0.0291071 0.0286844
0 0.948981 0.24214 0.0278139 0.0275999
0 0.315219 0.331313 0.0401721 0.0394909
0 0.839497 0.633321 0.0294256 0.0286455
0 0.42425 0.358127 0.0401018 0.0391008
0 0.717955 0.294497 0.0285726 0.0280086
0 0.433992 0.692543 0.0519802 0.0509885
0 0.632396 0.109833 0.0369475 0.0365807
0 0.219875 0.00957955 0.0667141 0.019052
0 0.959329 0.171508 0.035065 0.0339429
0 0.716556 0.0216056 0.0253305 0.0251046
0 0.698335 0.829944 0.0323296 0.0317221
0 0.655228 0.0626361 0.0567882 0.055393
0 0.876415 0.367139 0.0260582 0.0256469
0 0.934851 0.771326 0.044215 0.0429342
0 0.0844502 0.351284 0.0396184 0.038279
0 0.384889 0.346533 0.0345179 0.0339751
0 0.862623 0.203453 0.0298607 0.0291445
0 0.242775 0.372978 0.0353175 0.034582
0 0.985756 0.823755 0.0284877 0.0333164
0 0.260583 0.793431 0.287843 0.305103
0 0.145975 0.82789 0.0231624 0.0227652
0 0.589842 0.918878 0.0243279 0.0240083
0 0.319885 0.363027 0.0314331 0.0307353
0 0.350838 0.478553 0.0245434 0.0240015
0 0.196559 0.299153 0.0262468 0.0257081
0 0.404004 0.0192393 0.0918172 0.0384069
0 0.524354 0.369454 0.0445444 0.0438386
0 0.62553 0.492976 0.240791 0.23917
0 0.182298 0.806854 0.0289019 0.0286756
0 0.674193 0.231635 0.0274914 0.026967
0 0.395316 0.902389 0.0447586 0.043546
0 0.341566 0.407675 0.0772341 0.0730288
0 0.837677 0.394384 0.0433758 0.041513
0 0.355432 0.40992 0.0569386 0.054965
0 0.239168 0.733814 0.023539 0.0235715
0 0.955492 0.199199 0.0273121 0.0276974
0 0.69538 0.800051 0.562507 0.397844
0 0.664107 0.177899 0.0422363 0.0403053
0 0.0461637 0.336794 0.0234347 0.0230384
0 0.748429 0.626537 0.0239549 0.0240076
0 0.239835 0.273385 0.0237767 0.0234128
0 0.266736 0.981078 0.0249246 0.0243575
0 0.472205 0.012488 0.0355334 0.0249066
0 0.835847 0.684183 0.062484 0.0602264
0 0.532494 0.0226918 0.0837544 0.0452875
0 0.902416 0.546292 0.195169 0.300837
0 0.645716 0.00584501 0.0316604 0.0116878
0 0.602551 0.370979 0.0307903 0.0300639
0 0.978867 0.391235 0.0422657 0.0915669
0 0.836269 0.0410533 0.022928 0.0226033
0 0.415568 0.609084 0.0252406 0.0252962
0 0.644514 0.644172 0.0297643 0.0288429
0 0.0801938 0.850999 0.0982484 0.0941066
0 0.893597 0.763723 0.0327682 0.0320317
0 0.912069 0.246162 0.0334478 0.033214
0 0.689212 0.376622 0.0375748 0.0372454
0 0.702798 0.690045 0.0296795 0.0291678
0 0.349608 0.537327 0.0514202 0.05153
0 0.802309 0.485281 0.0312396 0.030618
0 0.339717 0.670523 0.029117 0.0286393
0 0.647204 0.512836 0.193626 0.198216
0 0.327224 0.126559 0.0222145 0.0217637
0 0.920302 0.201131 0.062543 0.0629285
0 0.489897 0.588978 0.0519884 0.0507562
