0 0.330678 0.742761 0.0503817 0.0439739
0 0.146352 0.870202 0.0701547 0.0599682
0 0.42201 0.889121 0.0453748 0.0397921
0 0.111624 0.29668 0.0446245 0.0396569
0 0.352838 0.878277 0.0481774 0.0420899
0 0.216374 0.923308 0.0760954 0.0674338
0 0.343636 0.261917 0.0738111 0.0666932
0 0.585972 0.870429 0.0405316 0.0362694
0 0.43708 0.161511 0.0719475 0.0629624
0 0.307882 0.920392 0.0321229 0.0281265
0 0.460683 0.674652 0.0521387 0.0441222
0 0.961887 0.189282 0.036664 0.0341784
0 0.0478472 0.429292 0.040318 0.033566
0 0.473685 0.497598 0.22528 0.192679
0 0.487121 0.407133 0.0398441 0.0358694
0 0.36061 0.0360946 0.0278161 0.0256862
0 0.880713 0.934144 0.0354897 0.0301125
0 0.787197 0.548276 0.0553227 0.047899
0 0.552938 0.91879 0.0314097 0.0276951
0 0.725355 0.222396 0.0325623 0.0294894
0 0.916805 0.849905 0.0350101 0.0297014
0 0.0512874 0.488547 0.0312002 0.0273509
0 0.386704 0.958248 0.0409589 0.036293
0 0.200445 0.983121 0.0421656 0.0334162
0 0.228781 0.386433 0.0330526 0.0292429
0 0.678814 0.881856 0.0343839 0.0302124
0 0.382944 0.120867 0.0336958 0.0306112
0 0.988622 0.492875 0.0226658 0.0422153
0 0.206096 0.175747 0.0391713 0.0328994
0 0.440525 0.477295 0.0396302 0.035318
0 0.996122 0.806369 0.00775528 0.0307658
0 0.806539 0.722691 0.0285915 0.0248946
0 0.374337 0.239864 0.0300595 0.0276596
0 0.589321 0.909047 0.0279439 0.0248284
0 0.551166 0.697317 0.0378936 0.0328639
0 0.759544 0.760199 0.0391438 0.0329878
0 0.55013 0.043957 0.0315428 0.0296595
0 0.706624 0.283515 0.0320783 0.0291425
0 0.774078 0.358432 0.0378899 0.0339944
0 0.661348 0.841886 0.0292034 0.0266632
0 0.455943 0.7395 0.0363507 0.0321882
0 0.80368 0.101783 0.0721334 0.064324
0 0.414099 0.126799 0.0281085 0.0255729
0 0.110761 0.109406 0.064132 0.0552001
0 0.524558 0.431068 0.0408211 0.0366508
0 0.92171 0.193227 0.0250997 0.0236567
0 0.320295 0.64411 0.0689683 0.0603269
0 0.0448915 0.456505 0.0270784 0.0235113
0 0.814111 0.731735 0.371 0.511881
0 0.957057 0.467391 0.0244062 0.0231952
0 0.413555 0.214483 0.0700995 0.0637838
0 0.549688 0.891643 0.0302718 0.0271495
0 0.0687343 0.33984 0.0417736 0.0374025
0 0.554773 0.69871 0.0319433 0.0278382
0 0.0377301 0.608368 0.0251782 0.0226488
0 0.718739 0.258044 0.0323091 0.0296769
