0 0.0182965 0.738332 0.0365931 0.0374455
0 0.845835 0.146502 0.0425269 0.0341426
0 0.49575 0.833235 0.0422663 0.0352526
0 0.969112 0.749677 0.041317 0.032692
0 0.926309 0.876518 0.0383737 0.0317092
0 0.708174 0.172214 0.0323393 0.0267006
0 0.689339 0.894888 0.0314006 0.0261972
0 0.66649 0.0663495 0.0283113 0.0237716
0 0.0604589 0.421475 0.0293462 0.0228587
0 0.221264 0.552174 0.0283316 0.0228517
0 0.790362 0.00450017 0.0308199 0.00900035
0 0.645552 0.731323 0.0270326 0.0231488
0 0.949445 0.932071 0.026195 0.0224026
