0 0.608331 0.209264 0.053571 0.0510512
0 0.918379 0.394477 0.059343 0.0559247
0 0.201432 0.308679 0.0717895 0.0688794
0 0.799569 0.112156 0.104056 0.0988336
0 0.355066 0.29766 0.0632613 0.0592795
0 0.788692 0.797252 0.0511961 0.0490894
0 0.191707 0.658157 0.0428906 0.0417535
0 0.623359 0.855581 0.063556 0.0600589
0 0.962016 0.707633 0.0340549 0.0327675
0 0.0676399 0.549537 0.068783 0.0671582
0 0.143995 0.645608 0.0665059 0.0645881
0 0.918369 0.0121881 0.0262446 0.0242767
0 0.0517923 0.74711 0.0414206 0.0404785
0 0.311176 0.147582 0.0550977 0.0537765
0 0.868004 0.772342 0.0331962 0.0319638
0 0.877711 0.0165531 0.0319072 0.0315851
0 0.690891 0.0800953 0.0444376 0.0421606
0 0.0539532 0.29354 0.106948 0.107162
0 0.0726528 0.763703 0.0408977 0.039726
0 0.956477 0.511706 0.0357806 0.0330544
0 0.588118 0.0369977 0.0510197 0.0501513
0 0.936388 0.491866 0.0346895 0.0320087
0 0.146332 0.556558 0.0459661 0.0446563
0 0.0858822 0.369632 0.0457796 0.0438825
0 0.949522 0.610944 0.0300365 0.0278506
0 0.763677 0.0576983 0.0299196 0.0291012
0 0.242725 0.265672 0.0580171 0.0563586
0 0.98705 0.0640695 0.0257687 0.0377856
0 0.6096 0.289626 0.0489429 0.0466888
0 0.612807 0.349729 0.0432239 0.0420016
0 0.0600865 0.0187849 0.0331255 0.033251
0 0.27719 0.407527 0.0375416 0.0361596
0 0.888118 0.0728894 0.0490841 0.0473587
0 0.850665 0.529903 0.0750017 0.067392
0 0.848905 0.0257521 0.0243729 0.0233575
0 0.0948687 0.283342 0.0494044 0.048384
0 0.929276 0.037518 0.0282853 0.0275511
0 0.921806 0.167763 0.0252383 0.0240042
0 0.248751 0.669962 0.0295408 0.0286748
0 0.0967252 0.776384 0.0303477 0.0295937
0 0.867096 0.648605 0.0253998 0.024942
0 0.612209 0.0577432 0.0370488 0.0373339
0 0.0954299 0.423222 0.0286772 0.0284214
0 0.707235 0.722839 0.0687326 0.0684721
0 0.611969 0.735122 0.0724669 0.0696146
0 0.275965 0.474796 0.032988 0.0321085
0 0.171365 0.502688 0.0381143 0.0373976
0 0.984696 0.68579 0.0247262 0.0233636
0 0.820111 0.809603 0.0259218 0.0249843
0 0.242995 0.451948 0.0510037 0.0484381
0 0.755408 0.645942 0.0338863 0.0323274
0 0.119418 0.520507 0.0476004 0.0473526
0 0.899847 0.656201 0.0271427 0.0252571
0 0.277406 0.261488 0.0271757 0.0265172
0 0.652997 0.329021 0.0503196 0.0489043
0 0.32476 0.384792 0.0370991 0.035871
0 0.0287407 0.387369 0.0574815 0.0905254
0 0.112097 0.400554 0.0254426 0.0247754
0 0.789795 0.44378 0.0543886 0.0503983
0 0.714507 0.307408 0.0678538 0.0648034
0 0.850449 0.66382 0.038907 0.0364269
0 0.123283 0.594143 0.0473867 0.0464251
0 0.745135 0.0707963 0.0274398 0.0268449
0 0.223424 0.420365 0.0329649 0.0317694
0 0.355189 0.146618 0.0312231 0.0301532
0 0.279725 0.311197 0.0275372 0.0271146
0 0.927581 0.687267 0.0241239 0.0226387
0 0.254387 0.246509 0.0343559 0.0331361
0 0.426429 0.363229 0.0353628 0.0330356
0 0.396435 0.795097 0.0575428 0.0560361
0 0.794755 0.020697 0.0382519 0.0377821
0 0.163539 0.405706 0.0244027 0.0239693
0 0.427366 0.461994 0.0257124 0.0245524
0 0.42297 0.499662 0.0456112 0.0434713
0 0.309967 0.429721 0.0393817 0.0367919
0 0.119236 0.704078 0.0762601 0.0725083
0 0.578451 0.344626 0.0344721 0.0327837
0 0.9114 0.513375 0.0259778 0.0247324
