0 0.0874401 0.699442 0.17488 0.223964
0 0.603424 0.113534 0.0752015 0.0714264
0 0.420112 0.625867 0.117658 0.112329
0 0.104189 0.950167 0.139459 0.0996661
0 0.144599 0.268793 0.0456672 0.0420776
0 0.837672 0.314802 0.0396309 0.0373464
0 0.216026 0.372337 0.0302641 0.0280843
0 0.739501 0.271131 0.0280995 0.0266587
0 0.0715791 0.160692 0.0301188 0.0292139
0 0.880908 0.669389 0.038322 0.0359163
0 0.606229 0.406734 0.0308847 0.0296346
0 0.609277 0.512464 0.0277341 0.0260962
0 0.915528 0.055554 0.029901 0.0292382
0 0.649535 0.10011 0.0262361 0.0253345
0 0.930039 0.109164 0.0324309 0.0318313
0 0.628271 0.456821 0.0515852 0.0494569
0 0.504235 0.266892 0.0263407 0.0251382
0 0.534676 0.811694 0.0267219 0.025714
0 0.101557 0.252998 0.174325 0.163623
0 0.338854 0.455774 0.0252819 0.0235343
0 0.335315 0.759009 0.064574 0.0645533
0 0.958853 0.856597 0.082189 0.115542
0 0.516435 0.680565 0.159954 0.155434
0 0.937226 0.241169 0.0235067 0.0229456
0 0.860478 0.154524 0.0226746 0.0225407
0 0.647994 0.0666004 0.0248885 0.0239881
0 0.411765 0.171908 0.102167 0.09556
0 0.86502 0.251621 0.0446379 0.0432001
0 0.658154 0.0323354 0.195493 0.0644599
