0 0.601497 0.942108 0.172738 0.115784
0 0.473245 0.683094 0.107169 0.0951464
0 0.208213 0.686952 0.165178 0.150126
0 0.939068 0.124143 0.050345 0.0430919
0 0.274005 0.886223 0.0608625 0.0553263
0 0.638141 0.233367 0.046615 0.0414641
0 0.304119 0.275398 0.0581677 0.0525828
0 0.982949 0.894228 0.0341022 0.0399699
0 0.978014 0.262043 0.0387014 0.0330139
0 0.220281 0.277805 0.0369725 0.0337708
0 0.395253 0.35673 0.0485272 0.0442027
0 0.665505 0.036229 0.0724342 0.0640004
0 0.741264 0.355845 0.0359784 0.0310283
0 0.373648 0.810505 0.0392531 0.0365966
0 0.647008 0.309918 0.0370464 0.0327697
0 0.458417 0.772251 0.0374093 0.03346
0 0.272257 0.0813148 0.0350769 0.0312487
0 0.872762 0.424855 0.0922621 0.0804431
0 0.907913 0.367898 0.070957 0.0621274
0 0.589099 0.289239 0.0271381 0.0245811
0 0.0588349 0.308396 0.0258465 0.0246353
0 0.888406 0.859558 0.0294795 0.0274388
0 0.951039 0.3928 0.0695919 0.0617453
0 0.738325 0.63046 0.0311468 0.0275142
0 0.909809 0.152238 0.0279927 0.0248637
0 0.443639 0.905769 0.0318527 0.0299132
0 0.0108348 0.755791 0.0216696 0.0468405
0 0.314181 0.645345 0.0289526 0.0266479
0 0.841198 0.505435 0.0712259 0.0627948
0 0.249669 0.839832 0.0309234 0.0282602
0 0.54688 0.781607 0.0342101 0.0305018
0 0.321088 0.866616 0.0306273 0.0282302
0 0.283021 0.40328 0.0341964 0.0310961
0 0.310476 0.718924 0.0268168 0.0246487
0 0.42551 0.813465 0.0304442 0.0283515
0 0.290385 0.744278 0.0357317 0.0320587
0 0.0599165 0.444209 0.0500959 0.0469135
0 0.296506 0.323199 0.0358315 0.0321805
0 0.551026 0.243064 0.026166 0.0234057
0 0.16003 0.521667 0.0405543 0.0373713
0 0.567986 0.496807 0.0562503 0.0499332
0 0.0775807 0.142032 0.0431668 0.0387082
0 0.738841 0.260937 0.0382843 0.0344378
0 0.662712 0.575253 0.0296175 0.025409
0 0.76133 0.170686 0.0420208 0.0359589
0 0.431004 0.24891 0.0640551 0.057762
0 0.985413 0.985124 0.0290113 0.0297525
0 0.242449 0.148569 0.0394217 0.0354345
0 0.27253 0.530333 0.0256592 0.0242553
0 0.730423 0.579431 0.0958395 0.0841768
0 0.605833 0.203819 0.0247256 0.0226485
0 0.479038 0.990281 0.0418381 0.0194372
0 0.379382 0.695623 0.0605289 0.0568651
0 0.60171 0.324167 0.0244322 0.0229668
0 0.198507 0.350935 0.0326228 0.030619
0 0.735522 0.840277 0.0287104 0.0266517
0 0.182078 0.958963 0.0980536 0.0817826
0 0.946924 0.490811 0.0985098 0.0894547
0 0.92535 0.985856 0.0662915 0.0282887
0 0.902329 0.072335 0.0407715 0.0356964
0 0.914044 0.76692 0.0479433 0.0438367
0 0.394082 0.480484 0.0724971 0.0640925
0 0.0762839 0.779552 0.0307422 0.0276163
0 0.0116609 0.803591 0.0233219 0.0420337
0 0.705385 0.277487 0.0277971 0.0237598
0 0.672376 0.532667 0.025908 0.023433
0 0.974519 0.762635 0.0506701 0.14308
0 0.396014 0.0507184 0.038996 0.0363481
0 0.395232 0.278305 0.0318295 0.0291933
0 0.422584 0.752614 0.0333581 0.0299778
0 0.307423 0.538356 0.0441402 0.0388207
0 0.623192 0.386942 0.0696452 0.0632397
0 0.363494 0.519516 0.0336438 0.0300813
0 0.406317 0.15479 0.0582259 0.0530827
0 0.768025 0.827723 0.0241416 0.0233665
0 0.4115 0.860151 0.0339445 0.0309668
0 0.351967 0.0772292 0.0256129 0.0234346
0 0.745986 0.977043 0.151388 0.0459138
0 0.676957 0.328638 0.0354769 0.0317488
0 0.755075 0.128818 0.0348848 0.0305479
0 0.108902 0.881472 0.0464928 0.0419104
0 0.421102 0.299689 0.025489 0.0232165
0 0.682645 0.556805 0.0257171 0.0233974
0 0.881319 0.796363 0.0447804 0.0414915
0 0.330719 0.506172 0.0673581 0.0611246
0 0.494912 0.61691 0.0386414 0.0332899
0 0.0508278 0.211748 0.0287767 0.0270265
0 0.547703 0.0379306 0.0304391 0.026776
0 0.100307 0.664164 0.0339107 0.0306683
0 0.759814 0.683065 0.200929 0.173758
0 0.0142675 0.881263 0.0285071 0.0435798
0 0.64413 0.695108 0.0252361 0.0232689
