0 0.183699 0.611282 0.215544 0.191002
0 0.624742 0.730655 0.17953 0.15501
0 0.166641 0.885184 0.120401 0.108696
0 0.0738338 0.820563 0.117319 0.106943
0 0.841414 0.800643 0.196555 0.17948
0 0.572077 0.984362 0.0561547 0.0309029
0 0.126759 0.13589 0.047948 0.0443724
0 0.679154 0.935274 0.0927424 0.0828032
0 0.981504 0.683823 0.0351418 0.0321124
0 0.532213 0.639566 0.136805 0.112804
0 0.0233412 0.572022 0.0352534 0.0342266
0 0.714341 0.226012 0.571318 0.452025
0 0.160705 0.0189994 0.029168 0.0276329
0 0.831294 0.952119 0.0357518 0.0337841
0 0.395008 0.0664314 0.0310862 0.029031
0 0.412305 0.761095 0.0445046 0.0383499
0 0.287164 0.303244 0.331511 0.278559
0 0.442993 0.0567851 0.0264926 0.0245417
0 0.992431 0.710192 0.0151371 0.0352793
0 0.746156 0.0346148 0.0260992 0.0232908
0 0.542157 0.834683 0.558396 0.327813
0 0.393842 0.499414 0.0260151 0.0239561
0 0.282691 0.203876 0.0399295 0.0375489
0 0.50441 0.720567 0.0270922 0.023637
0 0.429022 0.702088 0.0272828 0.0236721
0 0.909665 0.459595 0.0257153 0.0241203
0 0.413657 0.0126003 0.0242352 0.0229327
0 0.32258 0.116976 0.025215 0.0240154
0 0.051947 0.123908 0.103699 0.153404
0 0.0134918 0.973334 0.0269837 0.0526017
