0 0.816506 0.445588 0.294505 0.250595
0 0.162715 0.684601 0.0985742 0.078553
0 0.774786 0.905743 0.275846 0.188488
0 0.960835 0.794851 0.032415 0.0269246
0 0.454531 0.786974 0.0352438 0.0293229
0 0.619481 0.20954 0.0374872 0.0316755
0 0.972047 0.639157 0.0341039 0.0281742
0 0.902458 0.0102558 0.0561218 0.0204362
0 0.516769 0.873831 0.0414762 0.0331923
0 0.0414271 0.844459 0.0421995 0.0335396
0 0.782382 0.753076 0.028816 0.0244878
0 0.0733384 0.717503 0.0337189 0.0272448
0 0.223931 0.954046 0.0302467 0.0251263
0 0.812763 0.274466 0.028363 0.024011
0 0.874298 0.315817 0.0284824 0.0242692
0 0.22601 0.991267 0.0289106 0.0174655
0 0.770388 0.131792 0.0292442 0.0252027
0 0.102504 0.536432 0.0357821 0.0279252
0 0.984868 0.0211535 0.0301508 0.0292083
0 0.468183 0.331985 0.0341558 0.0286274
0 0.795856 0.608838 0.0324672 0.0266905
0 0.0248593 0.788344 0.0329857 0.028219
0 0.807798 0.93761 0.027861 0.023393
0 0.27091 0.949153 0.0382974 0.0308928
0 0.350108 0.667482 0.0280481 0.0234344
0 0.0346789 0.761493 0.0353884 0.0284421
0 0.217747 0.0599938 0.0332752 0.0280564
0 0.0396574 0.587063 0.0312557 0.0250476
0 0.461484 0.823203 0.0275753 0.0231707
0 0.667361 0.642312 0.0288827 0.0241701
0 0.417054 0.439432 0.142859 0.113557
0 0.868219 0.614484 0.0267606 0.0227962
0 0.122766 0.953075 0.120579 0.0938499
0 0.39642 0.666196 0.0290631 0.0244012
0 0.502871 0.993805 0.090289 0.0121459
0 0.239115 0.270737 0.47823 0.50469
0 0.408585 0.0886145 0.028111 0.0224696
0 0.25135 0.548734 0.0284519 0.0232694
0 0.50605 0.393628 0.0462721 0.0396931
0 0.504636 0.854581 0.0274459 0.023256
0 0.954198 0.0119771 0.0315022 0.023803
0 0.723068 0.712259 0.024945 0.0213122
