0 0.444744 0.528481 0.0361278 0.0353799
0 0.215023 0.614217 0.0541678 0.052318
0 0.940667 0.918878 0.0288873 0.0276486
0 0.204047 0.118617 0.0273804 0.0264074
0 0.202905 0.568397 0.0489971 0.0472782
0 0.911117 0.436538 0.0292108 0.0282036
0 0.257926 0.588025 0.0589098 0.0580721
0 0.496573 0.329539 0.0242812 0.0235163
0 0.934287 0.94782 0.0245064 0.0237808
0 0.433603 0.212218 0.0231307 0.0225018
0 0.0311724 0.496464 0.047988 0.0458908
0 0.0440584 0.544374 0.0643837 0.0606228
0 0.757834 0.0530971 0.0885198 0.0811996
0 0.338414 0.538923 0.0622993 0.0632537
0 0.988323 0.761743 0.022882 0.0237485
0 0.0771562 0.155601 0.023068 0.0221016
0 0.118938 0.525973 0.0255915 0.0242357
0 0.485364 0.488965 0.0436093 0.0421698
0 0.970706 0.318689 0.0543661 0.0537719
0 0.200418 0.838177 0.0230451 0.0217783
0 0.411888 0.71095 0.0230024 0.022303
0 0.781591 0.159924 0.025389 0.0247361
0 0.311022 0.207042 0.0224949 0.0215083
