0 0.151312 0.948777 0.1083 0.0955281
0 0.395337 0.716915 0.0829751 0.0698388
0 0.211451 0.794021 0.0919526 0.0805566
0 0.865861 0.406414 0.268278 0.328761
0 0.407889 0.653076 0.0858804 0.0741384
0 0.409013 0.589279 0.075562 0.064909
0 0.681884 0.253139 0.174628 0.14974
0 0.120754 0.636377 0.073339 0.0616464
0 0.291651 0.569494 0.107832 0.0955558
0 0.140464 0.594338 0.043328 0.0360623
0 0.342823 0.444955 0.0510814 0.0438612
0 0.0993952 0.136603 0.0655637 0.0558351
0 0.573189 0.464167 0.071449 0.0619595
0 0.0303178 0.174483 0.0603811 0.077608
0 0.269658 0.018481 0.0438215 0.0359762
0 0.109367 0.205194 0.0599167 0.0507825
0 0.893205 0.601795 0.0673162 0.0556261
0 0.427392 0.491753 0.0329235 0.0289352
0 0.341535 0.28335 0.123622 0.101696
0 0.586804 0.648511 0.0355453 0.0308554
0 0.662192 0.610042 0.031445 0.0267386
0 0.710789 0.698783 0.0483973 0.0415549
0 0.565373 0.605484 0.0396386 0.0344337
0 0.357229 0.903133 0.0490522 0.0428362
0 0.90117 0.226749 0.0384906 0.0334991
0 0.346371 0.513422 0.0437306 0.0369654
0 0.396617 0.920297 0.067111 0.059278
0 0.752376 0.754528 0.0514228 0.0441257
0 0.724887 0.985648 0.0788062 0.0287032
0 0.334025 0.0479276 0.0356717 0.0303122
0 0.321835 0.178338 0.0695351 0.0584229
0 0.355318 0.553274 0.0745884 0.0648583
0 0.304472 0.692644 0.0299742 0.0251675
0 0.683511 0.546441 0.0642414 0.0553263
0 0.476046 0.565776 0.0273825 0.0240712
0 0.0668672 0.0767196 0.0622393 0.0515628
0 0.0815974 0.801723 0.125397 0.105419
0 0.424218 0.036833 0.0614207 0.0514585
0 0.471202 0.837894 0.0513644 0.0442648
0 0.571395 0.287673 0.0323894 0.029009
0 0.210698 0.484129 0.0357687 0.0300296
0 0.289023 0.325995 0.0666474 0.0568883
0 0.207241 0.0932133 0.0987614 0.083604
0 0.0240556 0.861899 0.0266656 0.023108
0 0.627648 0.451163 0.0381224 0.0338232
0 0.790708 0.920936 0.0361317 0.0308535
0 0.0203811 0.31539 0.0407621 0.0850006
0 0.271991 0.00366851 0.0324675 0.00732387
0 0.702644 0.769347 0.0298906 0.0258899
0 0.66026 0.663353 0.0873407 0.0756251
0 0.792643 0.109652 0.0265291 0.0222751
0 0.134939 0.858678 0.113814 0.0985217
0 0.352657 0.594412 0.0330151 0.0298252
0 0.39031 0.116439 0.0378786 0.0328746
0 0.463101 0.0168272 0.093388 0.0336543
0 0.131647 0.54209 0.0368643 0.0299686
0 0.942472 0.906096 0.0292422 0.0267903
