0 0.489603 0.856998 0.302234 0.252361
0 0.460963 0.245514 0.32855 0.260925
0 0.303972 0.712428 0.336326 0.284827
0 0.795623 0.357429 0.408754 0.365245
0 0.305044 0.391763 0.195869 0.160583
0 0.358007 0.510769 0.101036 0.0820669
0 0.148682 0.517853 0.296086 0.319919
0 0.878405 0.733887 0.108368 0.0922813
0 0.649452 0.793586 0.0661396 0.0557549
0 0.452714 0.435196 0.0594064 0.0493681
0 0.620665 0.551483 0.0486927 0.0407498
0 0.0468216 0.144672 0.0785051 0.0631701
0 0.57904 0.479485 0.0670264 0.056855
0 0.902842 0.0525054 0.193934 0.105011
0 0.446183 0.0128621 0.0423246 0.0255762
0 0.569335 0.364176 0.057752 0.0483175
0 0.651445 0.634377 0.065257 0.0552139
0 0.210702 0.207972 0.0409839 0.0337498
0 0.36377 0.585924 0.0734646 0.0610936
0 0.608844 0.596102 0.0447003 0.0370741
0 0.492249 0.38298 0.0416992 0.0345335
0 0.177622 0.184132 0.0313505 0.0263632
0 0.546626 0.0142374 0.0325606 0.0273353
0 0.0448396 0.376367 0.049117 0.0396824
0 0.400062 0.234963 0.0336087 0.0285507
0 0.65426 0.079687 0.063452 0.0508782
0 0.285668 0.0898807 0.217079 0.173946
0 0.0358935 0.267999 0.071787 0.240433
0 0.787088 0.750858 0.16801 0.145431
0 0.110336 0.123424 0.0341958 0.0278006
0 0.782738 0.949326 0.0429204 0.0355206
0 0.919766 0.535196 0.0317108 0.0264862
0 0.971279 0.665617 0.0407231 0.0354986
0 0.753309 0.815999 0.0346746 0.0298604
0 0.71512 0.533294 0.0333063 0.0276984
0 0.603982 0.271796 0.0299985 0.0254703
0 0.325577 0.0318923 0.0282096 0.0252339
0 0.638149 0.197027 0.0667429 0.0535713
0 0.00932757 0.0767766 0.0186551 0.0333349
0 0.983132 0.494459 0.0335887 0.0545599
0 0.614011 0.308713 0.0291636 0.0234024
0 0.403542 0.555536 0.0442244 0.0350842
0 0.956022 0.701927 0.0636566 0.052985
0 0.764667 0.853567 0.0367754 0.0305918
0 0.202422 0.937346 0.404843 0.124863
0 0.863004 0.108423 0.0298621 0.0248201
0 0.792596 0.0907447 0.100573 0.0863871
0 0.905598 0.924325 0.188519 0.149564
0 0.245407 0.109567 0.0261514 0.0227071
0 0.00356496 0.0310658 0.00712992 0.0248581
0 0.501654 0.558135 0.0949784 0.0812371
0 0.988235 0.850347 0.0232582 0.07287
0 0.145143 0.286857 0.0257925 0.0224909
0 0.324296 0.313881 0.0315239 0.0263902
0 0.570232 0.655032 0.087582 0.071919
0 0.200109 0.168239 0.0514473 0.0426692
0 0.652545 0.990045 0.0351136 0.0198489
0 0.04416 0.416082 0.0257985 0.0221647
0 0.330458 0.620588 0.0350566 0.0282857
0 0.753387 0.0273047 0.096645 0.0545804
0 0.971389 0.757479 0.0572219 0.0933356
0 0.774405 0.165389 0.0428462 0.0352001
0 0.563228 0.656218 0.071902 0.0595842
0 0.224742 0.467242 0.0778302 0.0664208
0 0.411877 0.00459355 0.0278034 0.00916079
0 0.601691 0.643623 0.044565 0.037622
0 0.364029 0.224497 0.031934 0.0275014
0 0.0905585 0.433013 0.061485 0.0496272
0 0.204488 0.172518 0.0420159 0.0339611
0 0.717875 0.580694 0.0359311 0.029629
0 0.611685 0.696065 0.0408669 0.0345503
