0 0.585257 0.132255 0.0804815 0.0732261
0 0.504095 0.54803 0.0915987 0.0850224
0 0.0765357 0.777094 0.119984 0.1102
0 0.158244 0.940577 0.069582 0.0651288
0 0.533436 0.258765 0.0565692 0.0527965
0 0.195406 0.0695914 0.0344006 0.0312148
0 0.856404 0.850307 0.0426328 0.0406172
0 0.868913 0.222519 0.0338572 0.031961
0 0.509113 0.135696 0.0334605 0.0308192
0 0.322411 0.72221 0.0448544 0.0423249
0 0.784793 0.968777 0.0273057 0.025852
0 0.258509 0.328279 0.0463103 0.0436306
0 0.379592 0.778045 0.0355279 0.0344208
0 0.733557 0.404176 0.0323565 0.0302856
0 0.194028 0.634946 0.0506154 0.0474777
0 0.852473 0.822024 0.0639868 0.0589783
0 0.249392 0.936674 0.0340426 0.0321155
0 0.132646 0.899527 0.0512932 0.0475101
0 0.221169 0.858247 0.0303199 0.0283727
0 0.174844 0.427574 0.349687 0.379938
0 0.79278 0.661087 0.0307935 0.0282149
0 0.908667 0.674939 0.0384376 0.0358876
0 0.913079 0.8692 0.026886 0.0251033
0 0.530489 0.32051 0.0281129 0.0274931
0 0.440447 0.687189 0.0580387 0.0543382
0 0.868544 0.693393 0.046948 0.0431202
0 0.729918 0.106633 0.0263183 0.0240577
0 0.278092 0.64137 0.0518787 0.0485445
0 0.297312 0.614676 0.0419222 0.0384266
0 0.444529 0.0965388 0.0258002 0.0244493
0 0.61528 0.735527 0.027332 0.0243406
0 0.349261 0.887475 0.02765 0.0259762
0 0.685481 0.761758 0.0311594 0.0286474
0 0.303213 0.792423 0.0372235 0.0359396
0 0.365616 0.458068 0.025593 0.0245123
0 0.484786 0.683806 0.0402846 0.0368442
0 0.49097 0.773233 0.0269929 0.0256751
0 0.954312 0.685564 0.04894 0.0453948
0 0.266349 0.71353 0.0303573 0.0276418
0 0.374856 0.830482 0.0274646 0.02637
0 0.223193 0.947847 0.026543 0.0244756
0 0.328397 0.544984 0.0529234 0.0494847
0 0.828206 0.749387 0.0247248 0.0225861
0 0.0861269 0.232507 0.0273152 0.0253654
0 0.24511 0.617856 0.0395964 0.0372512
0 0.359766 0.59286 0.0485264 0.0457501
0 0.952522 0.4058 0.059302 0.0566614
0 0.659551 0.530627 0.0275934 0.0256878
0 0.566986 0.779146 0.0333605 0.0318236
0 0.435878 0.626154 0.0418806 0.0407646
0 0.363375 0.995608 0.0309617 0.00878439
0 0.438752 0.382931 0.0233779 0.0224816
0 0.784316 0.756512 0.0739233 0.0689537
0 0.411323 0.768765 0.0313442 0.0299103
0 0.00725077 0.120848 0.0145015 0.0250842
0 0.159633 0.0161552 0.0236025 0.021733
0 0.0202205 0.19661 0.0403851 0.0550338
0 0.944073 0.633303 0.0471172 0.042354
0 0.913889 0.247323 0.024614 0.0229458
0 0.0780376 0.695314 0.100955 0.0942352
0 0.599145 0.0204131 0.0717373 0.0407599
0 0.878401 0.805775 0.0235478 0.0218068
0 0.261445 0.590331 0.0408692 0.0393183
0 0.926502 0.00642447 0.0235895 0.0127789
0 0.0580871 0.938244 0.116174 0.12276
0 0.945227 0.744329 0.0377845 0.0346643
0 0.450538 0.983972 0.0347157 0.0310743
