0 0.260405 0.860167 0.0472407 0.0415712
0 0.397508 0.322572 0.0407672 0.0347332
0 0.117572 0.897669 0.0444522 0.0383718
0 0.246072 0.30109 0.0686981 0.0605873
0 0.249203 0.345385 0.0351176 0.0306595
0 0.57131 0.643043 0.0320394 0.0284729
0 0.80924 0.34085 0.035078 0.0302293
0 0.164395 0.202366 0.0374834 0.0324165
0 0.111736 0.334404 0.221866 0.377343
0 0.730796 0.54693 0.0261998 0.0224516
0 0.191603 0.732448 0.0274743 0.0231596
0 0.463743 0.202245 0.131842 0.109336
0 0.284073 0.920713 0.0420209 0.0392212
0 0.811925 0.317614 0.0331323 0.0296084
0 0.191752 0.94353 0.0788812 0.0692591
0 0.0817363 0.866825 0.0522087 0.045567
0 0.395827 0.373526 0.0324386 0.027986
0 0.281778 0.151777 0.0295327 0.0258743
0 0.916541 0.0626064 0.0369398 0.0319225
0 0.316276 0.73572 0.031547 0.0290177
