0 0.820481 0.803785 0.0605723 0.0510373
0 0.881362 0.217488 0.0550155 0.0478225
0 0.68381 0.678576 0.050632 0.0427728
0 0.0385832 0.446212 0.0581693 0.0499443
0 0.139052 0.111678 0.0477699 0.0407892
0 0.220534 0.223138 0.0496411 0.0412563
0 0.55533 0.547447 0.0388866 0.0321718
0 0.384913 0.181057 0.0341749 0.0298031
0 0.54638 0.809513 0.0368943 0.0319905
0 0.311106 0.695546 0.0294705 0.025797
0 0.859874 0.533666 0.0442303 0.0383792
0 0.369371 0.112218 0.0283296 0.0254114
0 0.518176 0.754274 0.0320589 0.0276177
0 0.647327 0.263285 0.0331208 0.0293742
0 0.552886 0.880833 0.0371518 0.0313842
0 0.151568 0.188718 0.0407341 0.0344515
0 0.0847697 0.663242 0.0272194 0.0253207
0 0.551421 0.613104 0.0325377 0.028512
0 0.533897 0.585349 0.0269172 0.0240319
0 0.787817 0.676295 0.026714 0.0232618
0 0.317208 0.862277 0.0320069 0.0292559
0 0.442111 0.799827 0.0295285 0.0260571
0 0.591231 0.618949 0.0466511 0.0378435
0 0.525124 0.832068 0.0269802 0.0239246
0 0.327298 0.937178 0.028463 0.0262378
0 0.518131 0.798059 0.0279062 0.0234872
0 0.0521093 0.321943 0.0262464 0.0233633
0 0.395052 0.315104 0.025769 0.0227748
0 0.759276 0.175908 0.0260646 0.0229798
0 0.313209 0.884926 0.0306009 0.0272832
0 0.530928 0.442118 0.0377884 0.0318497
0 0.572375 0.827007 0.0262389 0.0227271
0 0.278938 0.856289 0.0309374 0.0277171
0 0.0615657 0.915047 0.0247172 0.0223515
0 0.720295 0.274098 0.0270414 0.023316
0 0.0979645 0.213695 0.028067 0.0242481
0 0.845773 0.936439 0.0248675 0.0218301
