0 0.374024 0.242294 0.0665551 0.0654787
0 0.0264129 0.269234 0.0399606 0.0374577
0 0.898991 0.669594 0.0371938 0.0360415
0 0.269163 0.433945 0.0407662 0.0396748
0 0.313411 0.702939 0.029959 0.0293037
0 0.567724 0.963521 0.0398262 0.0375535
0 0.0728619 0.868813 0.052101 0.0508954
0 0.70962 0.949315 0.0539432 0.0514073
0 0.282102 0.601565 0.0381121 0.0376396
0 0.313282 0.320468 0.0306618 0.030081
0 0.253782 0.185296 0.0375009 0.0373996
0 0.17863 0.924123 0.349315 0.149616
0 0.553558 0.475594 0.0273884 0.0262294
0 0.929776 0.434989 0.0253241 0.0245265
0 0.678645 0.985163 0.0333722 0.0293201
0 0.271693 0.292862 0.0436626 0.0435798
0 0.24622 0.223867 0.0391104 0.0388126
0 0.845685 0.232162 0.0255283 0.0247372
0 0.858931 0.539298 0.0433753 0.0419095
0 0.936363 0.761953 0.119413 0.118584
0 0.098352 0.477363 0.0366619 0.0363932
0 0.249492 0.263756 0.0339404 0.0331197
0 0.0749921 0.170411 0.0245221 0.0241717
0 0.81048 0.61358 0.223179 0.207728
0 0.278348 0.202684 0.0262666 0.0254418
0 0.495185 0.885423 0.343158 0.227662
0 0.332921 0.88168 0.0709611 0.0698499
0 0.533308 0.725463 0.0674887 0.0667105
0 0.160529 0.150021 0.0279983 0.0270365
0 0.69321 0.79403 0.0293515 0.0284673
0 0.821204 0.968853 0.0288884 0.0284059
0 0.0354447 0.137924 0.0349258 0.0326688
0 0.783099 0.831427 0.0239764 0.0235566
0 0.458474 0.451866 0.0300928 0.0288683
0 0.766374 0.201863 0.461261 0.400123
0 0.169107 0.75654 0.0405645 0.0402875
0 0.113296 0.395553 0.0252722 0.024684
0 0.109121 0.103585 0.0260996 0.0253244
0 0.335313 0.529647 0.0237845 0.0230732
0 0.964647 0.135239 0.070705 0.072766
0 0.703222 0.994915 0.0346136 0.010169
0 0.680865 0.378315 0.0242665 0.0234939
0 0.938204 0.0533268 0.0855984 0.0830039
0 0.85173 0.250426 0.0280687 0.0263966
