0 0.223932 0.206153 0.215872 0.211567
0 0.909132 0.506632 0.0558681 0.0551744
0 0.939769 0.610582 0.115293 0.112345
0 0.175113 0.405404 0.0618926 0.0607044
0 0.194954 0.0941502 0.0643011 0.0639039
0 0.613298 0.39156 0.106198 0.102935
0 0.442676 0.0655715 0.0350105 0.0348013
0 0.0804928 0.201152 0.0675957 0.0659578
0 0.960602 0.431225 0.0785615 0.0950717
0 0.884349 0.383454 0.0461485 0.0449926
0 0.381744 0.0666342 0.0532193 0.0515568
0 0.986065 0.620515 0.0278706 0.040951
0 0.0347116 0.849293 0.0694015 0.143183
0 0.410259 0.689927 0.0430549 0.0424188
0 0.26704 0.383559 0.199525 0.206565
0 0.920834 0.462943 0.0478374 0.0471972
0 0.515147 0.540699 0.039854 0.03848
0 0.814487 0.0686602 0.215612 0.13732
0 0.46218 0.48397 0.0342096 0.0339624
0 0.456507 0.262212 0.0648698 0.0630465
0 0.0297993 0.332487 0.0385802 0.0386596
0 0.171446 0.938979 0.040298 0.0387653
0 0.68854 0.025082 0.0442917 0.0445853
0 0.9589 0.570245 0.0343237 0.0335129
0 0.865209 0.785104 0.0289107 0.0280594
0 0.790786 0.903577 0.0505112 0.0495627
0 0.518202 0.00785044 0.0342169 0.0157009
0 0.113973 0.59142 0.0336644 0.032671
0 0.961746 0.227582 0.0318247 0.0313065
0 0.944442 0.275722 0.0297047 0.0290263
0 0.903641 0.334346 0.0381904 0.0372171
0 0.192123 0.982536 0.0372886 0.0340932
0 0.420348 0.195739 0.0307513 0.0302578
0 0.923105 0.920823 0.0280277 0.0277843
0 0.951075 0.130389 0.039254 0.037769
0 0.83367 0.331447 0.0349231 0.033906
0 0.890794 0.253946 0.0460164 0.0446785
0 0.431187 0.390696 0.0330546 0.0324828
0 0.459403 0.520752 0.0338642 0.0333702
0 0.546049 0.722622 0.0388331 0.0392089
0 0.300888 0.303221 0.0345891 0.0343461
0 0.772513 0.190807 0.0358233 0.0352398
0 0.506593 0.75474 0.0644817 0.0637351
0 0.737688 0.926901 0.0267076 0.0252998
0 0.601089 0.795164 0.0407298 0.0397816
0 0.620424 0.830566 0.396486 0.338194
0 0.516896 0.460167 0.0247644 0.0245761
0 0.395272 0.663662 0.0393651 0.0381306
0 0.489241 0.300818 0.027283 0.0268918
0 0.0935653 0.932487 0.0340173 0.0328548
0 0.245602 0.068786 0.0435339 0.0433347
0 0.764208 0.461416 0.0948143 0.0919514
0 0.0222001 0.17343 0.0444002 0.0487879
0 0.419806 0.960466 0.0758491 0.0749525
0 0.44399 0.617413 0.0604367 0.0584099
0 0.0258967 0.440831 0.0302541 0.0303226
0 0.899648 0.729148 0.0250801 0.0246227
0 0.787578 0.276507 0.0368512 0.0359461
0 0.672012 0.0864154 0.0386088 0.0378773
0 0.398041 0.565411 0.048754 0.0474248
0 0.0392933 0.680327 0.0321855 0.0313182
0 0.71492 0.687635 0.0334377 0.0331982
0 0.49294 0.608218 0.0395793 0.0384506
0 0.198286 0.871664 0.0552208 0.0525441
0 0.362163 0.349156 0.0230676 0.0230511
0 0.335661 0.419017 0.0269156 0.0262569
0 0.811831 0.191357 0.0392654 0.0386988
0 0.154468 0.896147 0.0449171 0.042971
0 0.0946313 0.784003 0.0254133 0.0245946
0 0.533323 0.339275 0.031291 0.0310602
0 0.314244 0.0608361 0.189519 0.121629
0 0.450099 0.902505 0.0590439 0.0562406
0 0.646668 0.678686 0.0517251 0.0507738
0 0.936809 0.314546 0.0361104 0.035228
0 0.618823 0.135565 0.0234952 0.0233644
0 0.0114097 0.733942 0.0227858 0.0268577
0 0.915017 0.671383 0.0392807 0.0378678
0 0.372855 0.275398 0.107056 0.10438
0 0.30301 0.653281 0.0457753 0.0450113
0 0.310317 0.752613 0.0293661 0.0288011
0 0.783727 0.485292 0.0248575 0.0242107
0 0.714997 0.150036 0.0561814 0.0537634
0 0.00843501 0.57228 0.01687 0.0601008
0 0.454664 0.565428 0.0575486 0.0574155
0 0.0871994 0.840793 0.0322177 0.0308366
0 0.878437 0.653808 0.0303994 0.0296697
0 0.158966 0.538156 0.0868891 0.0864984
0 0.205985 0.660471 0.0466281 0.0435674
0 0.0992019 0.36811 0.031788 0.0305409
0 0.136329 0.0571955 0.11718 0.11026
0 0.852282 0.711359 0.0391138 0.0369611
0 0.743945 0.173131 0.0220008 0.0217902
0 0.222796 0.0253785 0.0522798 0.0497854
0 0.381914 0.774127 0.0580004 0.0565681
0 0.00760752 0.0352414 0.0152064 0.0691117
0 0.83556 0.269999 0.0549587 0.054448
0 0.697339 0.273857 0.022089 0.0219688
0 0.995092 0.73919 0.00981636 0.0610976
0 0.818147 0.708968 0.0425221 0.0431371
0 0.940954 0.87476 0.0964212 0.0907642
0 0.629232 0.105354 0.0871393 0.0853111
0 0.0303065 0.623074 0.0259914 0.0248179
0 0.579753 0.879825 0.314003 0.239861
0 0.214811 0.783759 0.0251996 0.0240641
0 0.751008 0.960479 0.04422 0.0433061
0 0.49093 0.354589 0.0226644 0.0219308
0 0.374803 0.853657 0.0232639 0.0228815
0 0.0103868 0.945731 0.0207239 0.0237873
0 0.0149353 0.655769 0.0298024 0.0383306
0 0.0370944 0.931145 0.0294607 0.0278144
0 0.421953 0.0889654 0.027216 0.0266498
0 0.260933 0.508044 0.0233665 0.0229874
0 0.872111 0.979563 0.0224072 0.0223325
0 0.952001 0.761802 0.0375063 0.035984
0 0.704649 0.359959 0.0781858 0.0742552
0 0.862373 0.85041 0.0629339 0.0631655
0 0.773529 0.669207 0.0804008 0.0740334
