0 0.882939 0.737616 0.0786701 0.0742035
0 0.77002 0.984148 0.056548 0.0317044
0 0.739669 0.821262 0.0514023 0.0480161
0 0.88947 0.217173 0.0479757 0.0466579
0 0.586262 0.707417 0.0596842 0.0570626
0 0.115013 0.109549 0.0256189 0.0248182
0 0.770295 0.412127 0.0314491 0.0307334
0 0.659665 0.0168104 0.0459266 0.0336208
0 0.516619 0.0333128 0.0258735 0.0249208
0 0.949875 0.810914 0.0429411 0.0403151
0 0.50316 0.0858719 0.0257578 0.0244792
0 0.010118 0.89692 0.0202313 0.0241556
0 0.161917 0.952068 0.0429183 0.0421525
0 0.665787 0.909126 0.0313848 0.0290861
0 0.95617 0.746272 0.0646906 0.0592999
0 0.966568 0.829659 0.0547363 0.0500849
