0 0.1673 0.0766917 0.0856468 0.0661807
0 0.657156 0.48835 0.0574121 0.0440009
0 0.83149 0.647103 0.0433435 0.0337551
0 0.452251 0.0656446 0.0415824 0.0312246
0 0.312863 0.519964 0.0552766 0.0433987
0 0.711585 0.915783 0.182515 0.140279
0 0.269451 0.458962 0.0439838 0.0343921
0 0.504998 0.770879 0.105548 0.080579
0 0.187407 0.226853 0.0380105 0.0289557
0 0.699659 0.727359 0.143696 0.108521
0 0.277177 0.939355 0.211223 0.12129
0 0.421701 0.357627 0.0335633 0.0257499
0 0.24584 0.440078 0.0338625 0.0269289
0 0.289043 0.0706472 0.0313375 0.0237794
0 0.891174 0.874167 0.147419 0.108605
0 0.368408 0.676842 0.0411878 0.0317796
0 0.465175 0.732704 0.0290689 0.023567
0 0.559278 0.849196 0.0359683 0.0275443
0 0.703336 0.0341603 0.0344213 0.025877
0 0.552091 0.902066 0.0337288 0.025598
0 0.647784 0.0220099 0.0488739 0.0378223
0 0.975721 0.295278 0.0306613 0.0239302
0 0.582317 0.359199 0.0293634 0.022721
0 0.637066 0.9852 0.182786 0.0295994
0 0.0857469 0.180318 0.0497792 0.0373618
0 0.418043 0.393561 0.0419907 0.0328475
0 0.360541 0.421193 0.0350676 0.0268829
0 0.848369 0.398417 0.0313678 0.0240517
0 0.251686 0.65297 0.0400985 0.0299449
0 0.108697 0.468035 0.21415 0.177438
0 0.363593 0.469512 0.0369476 0.0284238
0 0.550928 0.798805 0.0284836 0.0224075
0 0.415592 0.680308 0.027586 0.0216385
0 0.0472561 0.723094 0.0352157 0.0276772
0 0.883931 0.908946 0.0671989 0.0505168
0 0.880415 0.335421 0.0282955 0.0215856
0 0.372638 0.723433 0.0362613 0.0282669
0 0.059977 0.623912 0.0287153 0.0233325
0 0.500326 0.306105 0.029776 0.0226331
0 0.508366 0.453274 0.0962543 0.0728041
0 0.457122 0.480851 0.0390517 0.0314043
0 0.106944 0.462036 0.0453717 0.0346227
0 0.757273 0.037399 0.0329137 0.025671
