0 0.033655 0.327604 0.0640721 0.0512481
0 0.544353 0.866626 0.0550177 0.0436034
0 0.161245 0.59086 0.0585053 0.0460403
0 0.588627 0.819953 0.0429513 0.0329638
0 0.534369 0.0522491 0.048398 0.0390267
0 0.899844 0.406226 0.0372807 0.0287587
0 0.127941 0.48674 0.0415183 0.0330123
0 0.52231 0.0871229 0.0399928 0.0329947
0 0.6738 0.844244 0.0580406 0.0458391
0 0.785115 0.494855 0.0464022 0.0371439
0 0.253292 0.683051 0.0386069 0.0312142
0 0.421861 0.0140267 0.0363281 0.0279759
0 0.750801 0.852405 0.042747 0.033966
0 0.0502083 0.529361 0.0392565 0.0308187
0 0.406269 0.220794 0.0305602 0.0250256
0 0.147119 0.628483 0.0328568 0.0264626
0 0.0591644 0.449042 0.0341342 0.0285472
0 0.396671 0.172472 0.0311368 0.0241536
0 0.409185 0.764144 0.0294058 0.0240428
0 0.356311 0.904769 0.406185 0.188474
0 0.00601144 0.500199 0.0120229 0.0352813
0 0.302683 0.378627 0.36576 0.268267
0 0.0321745 0.0967995 0.0537941 0.0427694
0 0.540665 0.660162 0.091935 0.0732098
0 0.618399 0.573151 0.0276172 0.0227798
0 0.89596 0.665465 0.0293374 0.0232782
0 0.670852 0.970141 0.138755 0.059718
0 0.549204 0.59105 0.0294874 0.0241682
0 0.570687 0.156082 0.0487712 0.0407457
