0 0.587249 0.561029 0.0516095 0.0495367
0 0.42005 0.0891123 0.0555857 0.05431
0 0.823788 0.976029 0.0569092 0.0476588
0 0.610761 0.682682 0.0336182 0.0321155
0 0.0618039 0.492454 0.0345212 0.031951
0 0.353848 0.10935 0.0272377 0.026456
0 0.961979 0.593406 0.0620484 0.0582873
0 0.206518 0.693558 0.0312028 0.029454
0 0.549146 0.113482 0.0335853 0.0324744
0 0.521076 0.386499 0.0415967 0.0396363
0 0.610455 0.0533072 0.0315501 0.0306019
0 0.913176 0.628116 0.034934 0.0330999
0 0.749844 0.704482 0.054378 0.0521162
0 0.767019 0.653642 0.0387144 0.0364761
0 0.848526 0.525787 0.0318558 0.0302726
0 0.583077 0.837855 0.0272422 0.0261121
0 0.469293 0.285552 0.0367681 0.0358764
0 0.497968 0.413478 0.042588 0.0402985
0 0.765866 0.234708 0.0248173 0.0243905
0 0.44056 0.227225 0.0449953 0.0433245
0 0.0666248 0.630586 0.0460251 0.043586
0 0.622722 0.12537 0.0235672 0.0229317
0 0.198615 0.527087 0.0757335 0.0722735
0 0.495953 0.0118858 0.0236555 0.0227711
0 0.841269 0.187064 0.0325365 0.0315135
0 0.606477 0.758002 0.0255214 0.0245074
0 0.12375 0.144678 0.0291857 0.0277783
0 0.40251 0.024294 0.0379467 0.0376197
0 0.453809 0.435996 0.0311041 0.0301781
0 0.867843 0.565852 0.0242352 0.0231042
0 0.0547313 0.597102 0.0318718 0.0298862
0 0.257298 0.773491 0.0274499 0.0264808
0 0.910244 0.245361 0.0257864 0.0250072
0 0.989583 0.976605 0.0207095 0.0345991
0 0.537304 0.730745 0.0239389 0.0231855
0 0.792471 0.779436 0.0315852 0.0302763
0 0.795129 0.493076 0.0304721 0.0294236
0 0.896638 0.121174 0.0253891 0.0243597
0 0.89485 0.300146 0.0276578 0.0266358
0 0.473519 0.211402 0.0219705 0.0215306
0 0.388239 0.0062659 0.0343312 0.0124919
0 0.115483 0.578055 0.0253113 0.0241287
0 0.512927 0.112365 0.0379186 0.0367536
0 0.49137 0.301205 0.0376888 0.036798
0 0.844347 0.87286 0.0270897 0.0263166
