0 0.912544 0.180482 0.087685 0.0801959
0 0.904184 0.870119 0.0697896 0.0655077
0 0.40741 0.815413 0.0640708 0.0579025
0 0.705928 0.472639 0.0403082 0.0365963
0 0.986981 0.326582 0.0258989 0.0276709
0 0.581961 0.436483 0.0310435 0.028875
0 0.135808 0.945294 0.0269009 0.0252118
0 0.514347 0.341416 0.0315191 0.0285282
0 0.914988 0.38602 0.027919 0.0254988
0 0.396859 0.433252 0.0292401 0.0272821
0 0.383627 0.581445 0.0271345 0.0253425
0 0.140027 0.00743854 0.0403284 0.0147931
0 0.496643 0.957599 0.155187 0.0848013
0 0.0717107 0.27151 0.0295952 0.0265984
0 0.558352 0.0866412 0.0278755 0.0264545
0 0.62692 0.484326 0.0279772 0.0265707
0 0.781278 0.513938 0.0416772 0.03773
0 0.767152 0.481928 0.038588 0.0359021
0 0.114397 0.283324 0.0281906 0.0253471
0 0.372496 0.0687268 0.0720164 0.0688117
0 0.501337 0.498426 0.023618 0.0223467
0 0.574075 0.35957 0.0228763 0.0217591
0 0.903467 0.32113 0.024968 0.0234191
0 0.379312 0.892798 0.0615924 0.0577742
0 0.141194 0.38499 0.0257646 0.0229751
0 0.266842 0.7023 0.0239911 0.0223386
0 0.813759 0.310213 0.0459614 0.0424516
0 0.567187 0.392417 0.0257008 0.0238047
0 0.461498 0.528529 0.0244709 0.0229658
0 0.0189386 0.224078 0.0378771 0.0616721
