0 0.132136 0.777651 0.0362385 0.029633
0 0.545399 0.275653 0.0343254 0.0284431
0 0.0783392 0.941176 0.0423126 0.0348023
0 0.287668 0.0688083 0.0372731 0.0331075
0 0.497934 0.691672 0.0295053 0.0253336
0 0.255641 0.136284 0.0365791 0.0324561
0 0.0525011 0.511632 0.0267337 0.0237864
0 0.318781 0.0791945 0.0360515 0.0307027
0 0.3075 0.521031 0.0292951 0.0247564
0 0.18515 0.167312 0.0333865 0.0293618
0 0.212296 0.699104 0.0309597 0.0251375
0 0.15879 0.213794 0.0282682 0.0252348
0 0.414908 0.384912 0.030912 0.0259885
0 0.588032 0.834891 0.0319946 0.035055
0 0.514437 0.288471 0.0349849 0.0297892
0 0.408915 0.0321632 0.0275372 0.024055
0 0.457197 0.896535 0.0365508 0.0300798
0 0.405689 0.777439 0.0487435 0.0395501
0 0.464551 0.934958 0.03223 0.0266028
