0 0.324655 0.866703 0.0775216 0.0595819
0 0.477931 0.771691 0.0902175 0.0692528
0 0.967232 0.648638 0.0637172 0.0514487
0 0.131142 0.250254 0.0572675 0.0457906
0 0.456549 0.830713 0.0616137 0.0456975
0 0.150205 0.473667 0.0455692 0.0358665
0 0.969774 0.341608 0.0591338 0.049376
0 0.49222 0.613985 0.0629781 0.0489939
0 0.468936 0.70116 0.0647716 0.0529407
0 0.0687046 0.499511 0.0534674 0.0424965
0 0.357046 0.0555029 0.0350832 0.0271108
0 0.453776 0.473697 0.0518406 0.0405645
0 0.116267 0.514282 0.0355875 0.0277208
0 0.26346 0.780451 0.0391837 0.0305493
0 0.0126585 0.236645 0.0253169 0.0274854
0 0.371756 0.539017 0.0431793 0.033879
0 0.894344 0.0959674 0.0380435 0.0313155
0 0.112393 0.0748104 0.0308565 0.0248958
0 0.427712 0.436789 0.0392313 0.0301794
0 0.437926 0.541741 0.0891619 0.0716912
0 0.319083 0.0846485 0.0338231 0.0271473
0 0.0198353 0.785817 0.036514 0.0286739
0 0.809583 0.598291 0.0306327 0.0238992
0 0.231004 0.464563 0.031795 0.025205
0 0.0124967 0.498083 0.0249934 0.0266816
0 0.231262 0.441326 0.040176 0.0311844
0 0.258949 0.95216 0.046824 0.0357965
0 0.303464 0.52458 0.0337996 0.0255213
0 0.721174 0.44026 0.0379653 0.0293503
0 0.730457 0.709211 0.0314378 0.0243204
0 0.489901 0.556528 0.0308917 0.024273
0 0.354059 0.296113 0.0335451 0.0260258
0 0.67625 0.35842 0.0497348 0.0386375
0 0.0804181 0.0106284 0.029276 0.020958
0 0.524363 0.563812 0.0445616 0.0347252
0 0.228684 0.619277 0.0554889 0.0440292
0 0.342647 0.166925 0.0305302 0.0238026
0 0.20167 0.0306401 0.0292181 0.0232563
0 0.0403016 0.887628 0.0312688 0.0243535
0 0.237083 0.756905 0.0288926 0.023137
0 0.274726 0.0768027 0.0315515 0.0257273
0 0.567427 0.898303 0.0300706 0.0228355
0 0.297533 0.0626786 0.0328071 0.0258743
0 0.9851 0.450415 0.0284168 0.0232464
0 0.0190258 0.262571 0.0277798 0.0222712
0 0.92499 0.0182677 0.0262396 0.0228386
0 0.39869 0.497469 0.0449292 0.0355723
0 0.435374 0.948341 0.161937 0.102867
0 0.151206 0.517341 0.0272853 0.0219958
0 0.15581 0.745924 0.028071 0.022542
0 0.821003 0.0493308 0.0383391 0.0317211
0 0.00806456 0.439147 0.0161291 0.0236895
0 0.0703499 0.801069 0.0331145 0.0266871
0 0.311676 0.959896 0.0275288 0.0219857
