0 0.231983 0.601964 0.093251 0.0884063
0 0.061207 0.659415 0.120834 0.116502
0 0.165235 0.910509 0.048831 0.04675
0 0.0162119 0.921311 0.0324239 0.0386686
0 0.885501 0.989259 0.0468357 0.0214826
0 0.11564 0.9546 0.0348123 0.0330371
0 0.876676 0.337959 0.0317039 0.0306665
0 0.0733893 0.906316 0.0259081 0.0248188
0 0.842056 0.320212 0.0311318 0.0306478
0 0.115128 0.745942 0.0278631 0.0267708
0 0.193756 0.881394 0.0240744 0.0231121
0 0.939322 0.40787 0.0227305 0.0220309
0 0.945434 0.386534 0.0232333 0.0224103
0 0.143933 0.83851 0.0250352 0.0234868
0 0.202849 0.992766 0.0320146 0.014469
0 0.655471 0.00680262 0.023862 0.013484
0 0.918476 0.376002 0.0280585 0.0271028
0 0.0502058 0.784182 0.0307019 0.0291502
