0 0.550229 0.430933 0.189235 0.180491
0 0.891291 0.020916 0.0542957 0.041781
0 0.102722 0.743574 0.0655746 0.0638242
0 0.423777 0.986371 0.0418875 0.0272573
0 0.218177 0.716491 0.04702 0.0457231
0 0.978265 0.283473 0.0432864 0.0911979
0 0.660278 0.602439 0.0709932 0.0654218
0 0.680341 0.796118 0.0335767 0.0322081
0 0.955441 0.966816 0.0368464 0.0344009
0 0.0872352 0.680685 0.0320005 0.0307988
0 0.719826 0.902377 0.0309779 0.0294778
0 0.336108 0.982305 0.0322558 0.031193
0 0.588695 0.902137 0.0358944 0.033622
0 0.573104 0.940992 0.0421809 0.0396466
0 0.676239 0.459242 0.0263443 0.024577
0 0.701763 0.676762 0.0265506 0.0253804
0 0.0335469 0.859316 0.0319116 0.0301002
0 0.337102 0.930229 0.0243919 0.0240063
0 0.296262 0.113344 0.0245918 0.0230901
0 0.0395753 0.835382 0.0258608 0.0251617
0 0.538507 0.986952 0.0489923 0.0260968
0 0.260429 0.719754 0.0368507 0.036141
0 0.477943 0.634958 0.0481678 0.0468812
0 0.207 0.808516 0.0269409 0.0261526
0 0.14031 0.845228 0.0238032 0.0228536
0 0.34873 0.655725 0.0361336 0.0351288
0 0.913263 0.324569 0.0232849 0.022508
0 0.348822 0.790965 0.0406612 0.0386779
0 0.953192 0.988179 0.0259783 0.0233507
0 0.494908 0.705718 0.0315196 0.0297494
0 0.846111 0.579438 0.0244194 0.0236556
0 0.614971 0.971534 0.0256708 0.0243666
0 0.55426 0.600949 0.0420908 0.0393635
0 0.869395 0.42379 0.0273522 0.0251513
0 0.835075 0.767142 0.0228188 0.0221481
0 0.408794 0.677335 0.037254 0.0362792
0 0.35717 0.621474 0.0484248 0.045561
0 0.892389 0.801623 0.0349314 0.0331383
0 0.484146 0.815365 0.0376324 0.035553
0 0.450085 0.785376 0.0469754 0.0453157
0 0.936158 0.851535 0.0236764 0.0223548
0 0.515691 0.77497 0.0290338 0.0281432
0 0.493622 0.865339 0.0274916 0.0258558
0 0.0516543 0.277574 0.0262891 0.0255166
