0 0.858586 0.984426 0.0553448 0.0311489
0 0.869975 0.304923 0.0312666 0.0304218
0 0.64716 0.0394387 0.0284276 0.0268783
0 0.144182 0.141772 0.0255853 0.0239446
0 0.909121 0.498824 0.0253881 0.0241969
0 0.451248 0.194221 0.0250865 0.0244203
0 0.82866 0.558764 0.0237837 0.0227324
0 0.611683 0.484334 0.0230309 0.0224096
0 0.877132 0.602812 0.0253541 0.0246572
0 0.799648 0.949855 0.0236585 0.0222071
0 0.759003 0.647147 0.0233653 0.0226638
0 0.424426 0.821951 0.023076 0.0221219
0 0.874364 0.129011 0.0226601 0.0218929
0 0.993355 0.172034 0.0132891 0.0236403
0 0.905361 0.755237 0.0424423 0.0422623
