0 0.851321 0.928914 0.122758 0.118723
0 0.498136 0.0925665 0.0555564 0.0537928
0 0.699833 0.095901 0.0491385 0.0474479
0 0.286557 0.941145 0.038632 0.03743
0 0.31883 0.709662 0.0552054 0.053041
0 0.129822 0.601927 0.0877301 0.0844889
0 0.0264868 0.703511 0.037273 0.0358381
0 0.823221 0.661785 0.043891 0.0425453
0 0.0128993 0.9616 0.0257687 0.0284398
0 0.278394 0.181621 0.029053 0.0276712
0 0.870286 0.670672 0.03785 0.0361793
0 0.343904 0.535099 0.033031 0.0319405
0 0.466201 0.611017 0.0280332 0.0272903
0 0.800472 0.0964823 0.0314879 0.0305254
0 0.584123 0.435887 0.0325203 0.0315711
0 0.598618 0.408316 0.0308414 0.0296941
0 0.773119 0.273207 0.0270038 0.0263541
0 0.591797 0.8958 0.0310096 0.0297498
0 0.183074 0.172335 0.0425275 0.0408494
0 0.796048 0.588558 0.0259396 0.0250766
0 0.88548 0.26888 0.0276788 0.0268552
0 0.186385 0.842935 0.0281618 0.0269231
0 0.884237 0.627942 0.0401945 0.0384617
0 0.211025 0.734141 0.0284372 0.0276856
0 0.819404 0.00628406 0.0265611 0.0125681
0 0.516835 0.800679 0.0279497 0.0270064
0 0.270845 0.680774 0.0275563 0.0262071
0 0.381196 0.853262 0.0357367 0.0350055
0 0.808321 0.45027 0.0279637 0.0276752
0 0.814966 0.0561463 0.370068 0.112293
0 0.552665 0.523027 0.0272982 0.0263899
0 0.58946 0.681322 0.0234611 0.0229733
0 0.14237 0.0112868 0.0234369 0.022033
0 0.612204 0.650923 0.0249002 0.0243476
0 0.171575 0.994469 0.0253448 0.0110611
0 0.446588 0.199688 0.0242942 0.0241987
0 0.561153 0.785583 0.0311247 0.030007
0 0.87303 0.429555 0.0277543 0.0270412
0 0.644285 0.750167 0.0278692 0.0272195
0 0.624284 0.98907 0.0363631 0.0218594
0 0.548582 0.491562 0.0248185 0.0240585
0 0.478017 0.288166 0.0245152 0.0233429
0 0.789693 0.213523 0.025165 0.0247301
0 0.639197 0.0541598 0.0736851 0.0699054
0 0.981009 0.192707 0.0336554 0.0323071
0 0.397758 0.505205 0.0339342 0.032705
0 0.854468 0.637768 0.0262259 0.0256667
0 0.318663 0.126316 0.0241501 0.0234309
0 0.0754008 0.549735 0.0894106 0.0909364
