0 0.117472 0.384499 0.182878 0.165906
0 0.239425 0.261226 0.212642 0.199344
0 0.77903 0.977604 0.0731511 0.044515
0 0.443213 0.892662 0.0545392 0.046901
0 0.601979 0.497165 0.0488728 0.0429862
0 0.882494 0.618412 0.140913 0.123582
0 0.604193 0.882866 0.0540918 0.0478139
0 0.492796 0.943224 0.0424047 0.0375553
0 0.960589 0.658504 0.0427034 0.0375238
0 0.430003 0.680661 0.0472467 0.0411636
0 0.223544 0.690102 0.0362364 0.0322356
0 0.850572 0.366716 0.0391903 0.0341462
0 0.611176 0.538866 0.0362215 0.0325172
0 0.497337 0.246381 0.0349235 0.0301739
0 0.747049 0.227786 0.0353038 0.0317543
0 0.207762 0.75509 0.0311077 0.0287303
0 0.922521 0.540464 0.122502 0.105814
0 0.538698 0.644669 0.0579658 0.0507346
0 0.30138 0.930678 0.0336936 0.028907
0 0.95672 0.497432 0.0865595 0.0868204
0 0.573468 0.467602 0.0408192 0.0344647
0 0.770441 0.787985 0.0334848 0.0298387
0 0.66976 0.829883 0.131519 0.115927
0 0.106307 0.783318 0.027055 0.0248666
0 0.222145 0.041359 0.0528546 0.0466476
0 0.657675 0.0120857 0.0258415 0.0232549
0 0.382401 0.602954 0.0316855 0.0272236
0 0.550895 0.84435 0.0288075 0.0256286
0 0.452277 0.960452 0.0255328 0.0228295
0 0.44271 0.765193 0.0281217 0.0245976
0 0.945972 0.365709 0.0496871 0.0453079
0 0.518243 0.975618 0.0308234 0.0272617
0 0.509206 0.82589 0.0330122 0.0289538
0 0.0473838 0.757403 0.0275386 0.0264566
0 0.745183 0.937209 0.0549793 0.047766
0 0.6784 0.365819 0.068683 0.0588107
0 0.425867 0.843398 0.0351422 0.0309296
0 0.663071 0.168439 0.0270293 0.0248451
0 0.707363 0.571577 0.0693687 0.0611805
0 0.334 0.969451 0.108863 0.061099
0 0.790491 0.47414 0.0316255 0.0279569
0 0.0434627 0.722142 0.0248343 0.0234772
0 0.429076 0.627641 0.0245076 0.0223343
0 0.230149 0.525257 0.0622953 0.0577822
0 0.245835 0.754699 0.031917 0.028059
0 0.356085 0.45076 0.0866859 0.0768201
0 0.727849 0.877307 0.028038 0.0249787
0 0.368791 0.372849 0.133461 0.115341
