0 0.300283 0.21927 0.169353 0.160804
0 0.610095 0.723191 0.0461159 0.044698
0 0.943672 0.743156 0.034421 0.0336858
0 0.35871 0.283475 0.136194 0.129438
0 0.207503 0.11358 0.0309452 0.0303199
0 0.648276 0.661036 0.0314081 0.0307031
0 0.718541 0.259954 0.0332114 0.0324749
0 0.351989 0.0546157 0.028313 0.0278094
0 0.35934 0.675964 0.0290693 0.0283673
0 0.606857 0.595586 0.0334711 0.0319855
0 0.932638 0.429089 0.0328226 0.0319993
0 0.769312 0.0955989 0.461376 0.191198
0 0.520727 0.908106 0.0291381 0.028395
0 0.922182 0.384528 0.0275032 0.0272452
0 0.614312 0.841038 0.0307966 0.0290678
0 0.420486 0.554709 0.0582635 0.0561357
0 0.886759 0.394481 0.025979 0.0256799
0 0.895823 0.608042 0.0255132 0.0250121
0 0.242788 0.101724 0.0254909 0.0257549
0 0.691895 0.387709 0.0244012 0.0236561
0 0.12667 0.313839 0.0645566 0.0607769
0 0.272807 0.481022 0.0430176 0.042179
0 0.72201 0.457807 0.0306888 0.02967
0 0.207277 0.127798 0.134767 0.125962
0 0.65013 0.786155 0.0311429 0.0304861
0 0.490258 0.844124 0.0253324 0.0242976
0 0.260855 0.0498778 0.0220624 0.0226493
0 0.711676 0.945637 0.173833 0.108726
0 0.833834 0.532427 0.0221164 0.0218248
0 0.295271 0.754661 0.0872571 0.0816875
0 0.905488 0.967694 0.0775266 0.063978
0 0.202586 0.694289 0.143251 0.13789
0 0.797993 0.217835 0.13539 0.128577
0 0.906453 0.379002 0.0221321 0.022673
0 0.976981 0.57733 0.0223402 0.0222485
0 0.83562 0.915133 0.10316 0.103454
0 0.61582 0.660859 0.0733345 0.0709763
0 0.742233 0.669013 0.0228148 0.0225718
