0 0.329564 0.835701 0.302676 0.219258
0 0.74782 0.565905 0.0864002 0.0666282
0 0.0338468 0.679714 0.0325523 0.0263574
0 0.194886 0.92175 0.125173 0.100115
0 0.283029 0.921536 0.0384229 0.0317845
0 0.74426 0.00657206 0.0326049 0.013124
0 0.384799 0.706044 0.282561 0.209135
0 0.0946863 0.956039 0.0571561 0.0455328
0 0.410309 0.402159 0.341947 0.254084
0 0.469875 0.743617 0.0744659 0.0587304
0 0.231847 0.711763 0.0768953 0.0593246
0 0.131041 0.910843 0.061803 0.0507977
0 0.131222 0.0678713 0.0685281 0.0499864
0 0.145616 0.327772 0.027581 0.0218832
0 0.696094 0.803881 0.0528159 0.042538
0 0.476577 0.234327 0.0857813 0.0696056
0 0.0607314 0.894531 0.0888321 0.0690398
0 0.233953 0.655335 0.0574442 0.0435102
0 0.469242 0.0637329 0.0351656 0.0279023
0 0.236355 0.308306 0.0348829 0.0263289
0 0.0163097 0.915243 0.0326195 0.0647286
