0 0.760378 0.164462 0.30131 0.285144
0 0.322255 0.530108 0.0933467 0.0870363
0 0.390573 0.450383 0.060596 0.0560154
0 0.768156 0.555486 0.117584 0.113319
0 0.572424 0.640365 0.0563638 0.0537722
0 0.437385 0.503718 0.0536061 0.0506628
0 0.606413 0.762583 0.0647418 0.0601982
0 0.110776 0.536512 0.05357 0.0496199
0 0.0529498 0.338277 0.0386275 0.0375186
0 0.286536 0.159325 0.0715309 0.0682369
0 0.897309 0.745199 0.0315986 0.0306568
0 0.209737 0.63639 0.0476791 0.0451249
0 0.226412 0.869051 0.134516 0.129882
0 0.667681 0.420416 0.0318011 0.0303177
0 0.257057 0.350851 0.0595046 0.0550817
0 0.364815 0.677151 0.0397112 0.0380834
0 0.309472 0.198091 0.0620704 0.0588253
0 0.602945 0.374487 0.0284202 0.0268091
0 0.365672 0.357399 0.0275 0.0262166
0 0.40006 0.172113 0.0416551 0.0392174
0 0.115523 0.721773 0.101131 0.0914062
0 0.856474 0.0453608 0.0294025 0.028181
0 0.327439 0.43226 0.0705488 0.0656326
0 0.0288076 0.883993 0.033977 0.0314345
0 0.706841 0.444722 0.0304215 0.0286527
0 0.290652 0.381889 0.050249 0.0481825
0 0.422678 0.674299 0.0320035 0.0304825
0 0.314437 0.609024 0.0417427 0.0402985
0 0.403614 0.712465 0.0352865 0.0331595
0 0.979076 0.036331 0.0374086 0.0351147
0 0.976934 0.578803 0.0237429 0.0232497
0 0.521149 0.801849 0.0403161 0.0394924
0 0.773437 0.708058 0.0373535 0.0365554
0 0.0910632 0.11804 0.0302042 0.0292306
0 0.273323 0.0131788 0.105852 0.0263064
0 0.283384 0.643074 0.0328165 0.0319605
0 0.530601 0.052867 0.0362892 0.0348807
0 0.0220131 0.767757 0.0255697 0.0236444
0 0.054078 0.0573938 0.108156 0.114788
0 0.42764 0.26077 0.025282 0.0236328
0 0.145399 0.138688 0.0294303 0.0276265
0 0.170299 0.123252 0.0246511 0.0242222
0 0.251979 0.640494 0.0332159 0.0314072
0 0.547309 0.984432 0.0606484 0.0310288
0 0.224047 0.984024 0.0677676 0.0318849
0 0.484892 0.986267 0.0508954 0.0274244
0 0.00688563 0.902711 0.0137713 0.0331394
0 0.421922 0.0416098 0.0457771 0.0432715
0 0.306212 0.450669 0.0433324 0.0407169
0 0.710086 0.723352 0.0418618 0.0401323
0 0.387972 0.763727 0.0529583 0.0492949
0 0.829952 0.975909 0.296474 0.0481826
0 0.318497 0.031171 0.0321013 0.0312875
0 0.323665 0.904412 0.0806773 0.0762167
0 0.459444 0.415205 0.103232 0.0944334
0 0.293903 0.721226 0.0458058 0.0429399
0 0.556844 0.00984949 0.08478 0.0195807
0 0.494936 0.691626 0.0234854 0.0229478
0 0.877705 0.700365 0.0230684 0.0226
0 0.734579 0.369957 0.0598105 0.056195
0 0.979923 0.0780402 0.0398081 0.0533428
0 0.98943 0.837072 0.0211401 0.0280754
0 0.280141 0.596287 0.033561 0.032593
0 0.537913 0.0311322 0.0297441 0.0282145
0 0.176171 0.663856 0.038083 0.0362191
0 0.151782 0.776036 0.0626892 0.0600078
0 0.737607 0.828088 0.0233922 0.0227635
0 0.20361 0.451275 0.0386872 0.036551
0 0.115872 0.0872789 0.0280272 0.0271343
0 0.149374 0.781044 0.0517944 0.049337
0 0.179316 0.267652 0.0398138 0.0380607
0 0.627348 0.362783 0.0287011 0.0265743
0 0.00993585 0.411049 0.0198717 0.0239144
0 0.904172 0.838632 0.141838 0.132594
0 0.844747 0.312242 0.308962 0.562721
0 0.190045 0.153033 0.0411596 0.0394564
0 0.387259 0.537018 0.0371872 0.035777
0 0.268659 0.443453 0.030823 0.0293254
0 0.231323 0.314861 0.0366849 0.0345295
0 0.144195 0.782611 0.0424377 0.0417089
0 0.951305 0.69785 0.0382277 0.0361179
0 0.814993 0.62724 0.0212447 0.0210132
