0 0.249069 0.569499 0.185655 0.152457
0 0.221134 0.911049 0.129807 0.107315
0 0.715095 0.608285 0.0471641 0.0373124
0 0.254536 0.386644 0.0554151 0.0452159
0 0.0384853 0.33974 0.0769705 0.0834682
0 0.907993 0.878078 0.184014 0.243843
0 0.572732 0.273473 0.039051 0.0320743
0 0.487391 0.411327 0.0444096 0.0360823
0 0.49212 0.181411 0.159328 0.13017
0 0.078085 0.266225 0.0405097 0.0323404
0 0.637061 0.594521 0.0298724 0.0242565
0 0.925411 0.0603492 0.0646882 0.0532038
0 0.471325 0.353404 0.0327161 0.026793
0 0.962663 0.260899 0.0326467 0.0270873
0 0.602768 0.173415 0.121508 0.104222
0 0.58061 0.0841217 0.0379658 0.0316415
0 0.325133 0.864863 0.0338489 0.0271505
0 0.976246 0.244892 0.0344837 0.029115
0 0.701896 0.222841 0.027972 0.0233411
0 0.362501 0.768936 0.0282109 0.0227752
0 0.00420185 0.672634 0.00840371 0.0298374
0 0.310966 0.404629 0.0283211 0.0237514
0 0.214832 0.27144 0.0269032 0.0229561
0 0.629358 0.559752 0.0295937 0.0248493
0 0.443844 0.534379 0.0267916 0.0221448
0 0.345002 0.199906 0.0345112 0.028853
0 0.501804 0.0142851 0.168961 0.0284987
0 0.375708 0.739539 0.0272863 0.021935
0 0.651872 0.222284 0.0493174 0.0419198
0 0.478716 0.774383 0.0302718 0.0253601
0 0.960489 0.324709 0.0248179 0.0216106
0 0.866805 0.0229737 0.0757382 0.0459473
0 0.435165 0.0813648 0.0896347 0.0779506
0 0.812592 0.534999 0.0262117 0.0222769
0 0.844176 0.210297 0.0278562 0.0237542
0 0.607862 0.246087 0.0593703 0.0483912
0 0.142273 0.0430746 0.282748 0.0861491
0 0.631878 0.111639 0.0349042 0.029744
0 0.231085 0.225362 0.0272448 0.0231691
0 0.856181 0.150418 0.0522755 0.0446821
0 0.730264 0.148614 0.0827353 0.0704851
