0 0.243224 0.470918 0.357257 0.354267
0 0.395604 0.613149 0.0431988 0.0409625
0 0.565492 0.969195 0.0527816 0.0513307
0 0.0898222 0.0683786 0.026298 0.0256305
0 0.624199 0.200651 0.0385668 0.0374748
0 0.776122 0.832168 0.0358205 0.0347363
0 0.397145 0.233794 0.0272598 0.0262025
0 0.437466 0.711042 0.0353312 0.0339065
0 0.489171 0.480228 0.0272567 0.0257375
0 0.480226 0.969713 0.0303651 0.0293052
0 0.949319 0.218419 0.0242193 0.0234376
0 0.843664 0.741778 0.0312047 0.030407
0 0.768825 0.854427 0.0276928 0.027061
0 0.382595 0.714381 0.0235467 0.0224131
0 0.0746402 0.664232 0.027301 0.0261931
0 0.0243318 0.674504 0.0439424 0.0408075
0 0.415338 0.703426 0.0282727 0.0267638
0 0.0458069 0.652954 0.0395808 0.036711
0 0.627261 0.937616 0.033764 0.0327835
0 0.583126 0.189544 0.029933 0.0289826
0 0.956849 0.836326 0.0273895 0.0264504
0 0.651928 0.951953 0.0278792 0.0266716
0 0.812211 0.304178 0.0223497 0.0214276
0 0.471674 0.799243 0.0229188 0.0224263
0 0.996358 0.186819 0.00728416 0.022512
0 0.247418 0.269478 0.0267845 0.02675
