0 0.974122 0.0871446 0.0517567 0.078426
0 0.893652 0.465491 0.0552769 0.0542185
0 0.377505 0.912375 0.0358607 0.0343258
0 0.687585 0.282594 0.0282857 0.0276453
0 0.794926 0.4404 0.0277539 0.0266991
0 0.704368 0.11895 0.0263737 0.0254742
0 0.881978 0.105146 0.025996 0.0249647
0 0.484429 0.590281 0.0253189 0.0244877
0 0.597899 0.115337 0.0238673 0.023444
0 0.0283836 0.29796 0.0230891 0.0228065
0 0.573165 0.650055 0.0273415 0.0264862
0 0.158488 0.159585 0.0235722 0.0227232
0 0.973253 0.463722 0.0222104 0.0216823
