0 0.185491 0.579389 0.0442935 0.0422104
0 0.505214 0.171407 0.0404837 0.0387969
0 0.15919 0.98549 0.0348279 0.0290152
0 0.391599 0.199991 0.038154 0.0364427
0 0.106629 0.330469 0.032243 0.0311884
0 0.415744 0.417315 0.0390073 0.0375896
0 0.121227 0.199192 0.0400625 0.038718
0 0.0404063 0.98292 0.0377584 0.0335424
0 0.175375 0.539124 0.0420168 0.0407669
0 0.253147 0.0467303 0.0613757 0.0595798
0 0.0315488 0.305803 0.0290571 0.0279484
0 0.154668 0.431123 0.0291083 0.0282074
0 0.1301 0.018376 0.027495 0.0264957
0 0.338104 0.166776 0.0320137 0.0308626
0 0.423803 0.60678 0.0288852 0.0276444
0 0.487773 0.800202 0.0309035 0.0297074
0 0.459272 0.124944 0.035211 0.0333868
0 0.376734 0.483152 0.0411824 0.0394125
0 0.445657 0.926772 0.0255556 0.0248728
0 0.0264875 0.551163 0.0353971 0.0338416
0 0.434021 0.816583 0.0288372 0.0276359
0 0.36902 0.768189 0.0271361 0.0262962
0 0.0795977 0.920673 0.0310876 0.0302872
0 0.400955 0.00774211 0.0250678 0.0154842
0 0.548841 0.789542 0.0259612 0.0252815
0 0.575967 0.318043 0.0350318 0.0341603
0 0.0668333 0.613008 0.0334223 0.0316542
0 0.417734 0.981186 0.0245753 0.0235214
0 0.1627 0.312948 0.0275867 0.0259166
0 0.0818853 0.0437673 0.0329428 0.0320199
0 0.2915 0.340101 0.0247085 0.023933
0 0.298942 0.657284 0.0242265 0.0234606
0 0.398605 0.993362 0.0318621 0.0132762
0 0.0180467 0.581303 0.0359935 0.0447679
0 0.322349 0.100384 0.0245115 0.0238857
0 0.048809 0.572736 0.0291393 0.0275502
0 0.521335 0.227206 0.0230307 0.0223104
0 0.378736 0.84343 0.0240654 0.0235466
0 0.318322 0.181055 0.0237966 0.0231076
0 0.108451 0.177869 0.0281039 0.02705
0 0.541429 0.295295 0.0261886 0.0255316
0 0.449756 0.408969 0.0280509 0.0264171
