0 0.85067 0.466586 0.162737 0.119293
0 0.497277 0.944135 0.177835 0.11121
0 0.65094 0.414382 0.0880918 0.0677641
0 0.642616 0.884279 0.0804706 0.0639507
0 0.264557 0.945637 0.0753468 0.0582451
0 0.545037 0.882799 0.0859582 0.0667401
0 0.127596 0.882965 0.0763569 0.0581722
0 0.949414 0.738512 0.0457736 0.0365834
0 0.528533 0.670281 0.0531473 0.0395305
0 0.968378 0.942084 0.0631574 0.0816229
0 0.814653 0.976605 0.164997 0.046598
0 0.175507 0.333679 0.0721198 0.0572952
0 0.512044 0.544246 0.0551827 0.0417445
0 0.536998 0.515329 0.0330634 0.0258739
0 0.644226 0.0839232 0.0418215 0.0319571
0 0.353934 0.935349 0.0372882 0.0303564
0 0.142717 0.215043 0.283915 0.246973
0 0.728242 0.539915 0.0469636 0.036911
0 0.6348 0.0530967 0.0539055 0.0408397
0 0.854191 0.747789 0.0330829 0.0255039
0 0.330365 0.188424 0.0517685 0.0389984
0 0.257585 0.444222 0.103447 0.0834072
0 0.0283855 0.0792441 0.0566454 0.0491913
0 0.243899 0.341426 0.0592401 0.0466374
0 0.245036 0.638346 0.0397038 0.0312818
0 0.515523 0.921703 0.0363894 0.0295377
0 0.308534 0.704071 0.0581256 0.0450269
0 0.828554 0.155497 0.039808 0.0309222
0 0.491909 0.230526 0.0474069 0.0364986
0 0.316819 0.934161 0.0304382 0.0239132
0 0.568927 0.247932 0.0399784 0.0293319
0 0.525716 0.0741053 0.0500973 0.0389197
0 0.0656141 0.884181 0.0402662 0.0310217
0 0.606927 0.341583 0.0473682 0.0354661
0 0.708518 0.130918 0.0649791 0.0498614
0 0.692703 0.379983 0.0357018 0.0279692
0 0.207005 0.867706 0.0319387 0.0261857
0 0.568568 0.473245 0.0431142 0.032419
0 0.530542 0.102281 0.036328 0.0290951
0 0.17913 0.729374 0.0402781 0.0324653
0 0.972895 0.675252 0.0539007 0.0786755
0 0.70464 0.228127 0.0925717 0.0730772
0 0.0979213 0.773066 0.0420464 0.032042
0 0.263411 0.592744 0.0482097 0.0377376
0 0.210319 0.766917 0.0314029 0.0248551
0 0.614321 0.462713 0.040786 0.0309903
0 0.672376 0.625928 0.028616 0.0224455
0 0.616228 0.819015 0.128445 0.0991416
0 0.318396 0.124137 0.0624673 0.0473561
0 0.456495 0.175014 0.106733 0.0866128
0 0.319493 0.656604 0.0678082 0.0503764
0 0.381289 0.50443 0.0294571 0.0232747
0 0.983644 0.800347 0.0324339 0.0359874
0 0.237032 0.0301355 0.038743 0.0293786
0 0.0634689 0.915176 0.0325178 0.0247199
0 0.782314 0.0373857 0.435373 0.0747714
0 0.29597 0.303876 0.0278753 0.0221503
0 0.678676 0.745453 0.0314327 0.0251883
0 0.166291 0.70179 0.033937 0.0261561
0 0.202518 0.483069 0.0491918 0.0398223
0 0.447568 0.0580166 0.0316129 0.0245544
0 0.869605 0.912802 0.0420688 0.0322159
0 0.176021 0.83574 0.0423908 0.033315
0 0.117498 0.185739 0.0345914 0.0287073
0 0.289495 0.624628 0.0451651 0.0351471
0 0.700528 0.0701371 0.0319035 0.0247282
