0 0.370349 0.652839 0.129165 0.122239
0 0.352396 0.916073 0.0942289 0.0944148
0 0.587969 0.436703 0.0841622 0.0827893
0 0.295126 0.283344 0.0577702 0.0563485
0 0.122948 0.124272 0.0613598 0.0598083
0 0.710249 0.502839 0.0593591 0.0575862
0 0.938066 0.420507 0.0594893 0.0589473
0 0.255052 0.93372 0.0576519 0.0567136
0 0.498466 0.525228 0.0458535 0.0451984
0 0.0463084 0.682565 0.0658081 0.0630171
0 0.654835 0.80719 0.128616 0.127794
0 0.51494 0.651211 0.048912 0.0488416
0 0.865029 0.447505 0.0796032 0.0782631
0 0.149003 0.335001 0.0480767 0.0483183
0 0.612856 0.849678 0.0379758 0.0373828
0 0.598974 0.361199 0.0407222 0.0401728
0 0.378914 0.0420415 0.0456209 0.0453266
0 0.534022 0.936813 0.0345809 0.0342607
0 0.982493 0.436781 0.0278142 0.0278016
0 0.127543 0.611425 0.0372055 0.0359452
0 0.600659 0.720091 0.0896308 0.087636
0 0.322317 0.570529 0.0483201 0.0466123
0 0.260823 0.357729 0.0397433 0.0393849
0 0.356718 0.338991 0.0490683 0.0474908
0 0.356151 0.13921 0.0492515 0.0480464
0 0.527221 0.761417 0.0545149 0.053864
0 0.357444 0.3894 0.052619 0.0506526
0 0.763566 0.0511544 0.0408014 0.0394335
0 0.566519 0.766704 0.0500679 0.0495184
0 0.678721 0.340575 0.0340371 0.0334486
0 0.227147 0.629357 0.0302094 0.0290763
0 0.391395 0.1211 0.0325809 0.0318467
0 0.424576 0.222813 0.0507211 0.050381
0 0.127487 0.385607 0.0642281 0.061983
0 0.733504 0.368864 0.0374472 0.0370533
0 0.355727 0.528823 0.0622635 0.061137
0 0.129189 0.438054 0.0396297 0.0387725
0 0.735356 0.852433 0.0262187 0.0251087
0 0.684766 0.914493 0.0257959 0.0251768
0 0.22272 0.369231 0.0292185 0.0289675
0 0.0128432 0.613987 0.0256863 0.0323977
0 0.532774 0.15322 0.0254266 0.0250514
0 0.570471 0.0783514 0.03091 0.0301258
0 0.505641 0.10631 0.0839224 0.0833565
0 0.773629 0.828639 0.0243511 0.0240092
0 0.328094 0.0767248 0.0253596 0.0248978
0 0.483388 0.0140004 0.0642533 0.0279934
0 0.499951 0.349293 0.0289661 0.0278929
0 0.211136 0.385038 0.0268919 0.025943
0 0.40752 0.25196 0.0271098 0.0261034
0 0.490377 0.256547 0.038456 0.0371789
0 0.829179 0.70614 0.0251214 0.0247395
0 0.654615 0.474223 0.0519186 0.0501636
0 0.63466 0.386261 0.0400214 0.0394105
0 0.663218 0.664868 0.0306363 0.0303013
0 0.548395 0.640066 0.0297735 0.0298953
0 0.668565 0.215125 0.0245864 0.0241987
0 0.711263 0.901292 0.0245025 0.0240746
0 0.434926 0.00626427 0.0270729 0.0125285
0 0.655315 0.811324 0.0280595 0.0274411
0 0.94739 0.98959 0.0257036 0.02082
0 0.415006 0.304665 0.0286983 0.0276728
0 0.728167 0.091837 0.0278323 0.0280666
0 0.470779 0.156503 0.0247002 0.0241899
0 0.812122 0.292254 0.0426755 0.0418376
0 0.45569 0.0492049 0.0493384 0.0486693
0 0.769845 0.214542 0.0253785 0.0248807
0 0.593753 0.0122492 0.0271826 0.024312
0 0.511417 0.722636 0.0280675 0.0278416
0 0.568447 0.906807 0.0355301 0.0339839
0 0.167935 0.413089 0.0301562 0.0294145
0 0.717765 0.247438 0.034561 0.0340138
0 0.569998 0.994122 0.0248287 0.0117561
0 0.217714 0.310192 0.0381107 0.037796
0 0.60186 0.639346 0.0315603 0.0312758
0 0.995674 0.337007 0.00865173 0.0293422
0 0.761771 0.00389971 0.0272991 0.00779942
0 0.636395 0.633729 0.0308356 0.0304744
0 0.968397 0.270058 0.0239106 0.0230961
0 0.735036 0.883238 0.0243025 0.0239978
0 0.799346 0.338706 0.0254281 0.0259952
0 0.444639 0.844044 0.0551192 0.0548207
0 0.969246 0.818827 0.050447 0.0485455
0 0.188081 0.438522 0.0224975 0.0220299
0 0.0769561 0.019164 0.0218226 0.021782
0 0.025028 0.824749 0.0230371 0.0229343
0 0.0408199 0.751597 0.0771839 0.0754972
0 0.702499 0.313076 0.0643375 0.0638885
0 0.74822 0.515026 0.0225242 0.0221608
0 0.192446 0.364652 0.0331188 0.0325821
0 0.023613 0.324377 0.0472259 0.0539386
0 0.930092 0.704272 0.0258357 0.0248184
0 0.476407 0.827343 0.0280921 0.0278625
0 0.935029 0.327413 0.0224713 0.0225027
0 0.553206 0.675257 0.0375011 0.0371961
0 0.564741 0.623713 0.02303 0.0223668
0 0.953331 0.203069 0.0313938 0.0307207
0 0.878422 0.228116 0.0238154 0.0235378
0 0.728675 0.111573 0.0260723 0.0253906
0 0.405981 0.78389 0.0219852 0.0217737
0 0.195419 0.204485 0.0527835 0.0510233
