0 0.963829 0.380886 0.0723431 0.0747868
0 0.0943926 0.206047 0.0621504 0.0608955
0 0.950555 0.952813 0.0988909 0.0943743
0 0.32723 0.118371 0.044521 0.0434487
0 0.869449 0.613958 0.0470943 0.0458837
0 0.176044 0.127139 0.0555043 0.0534709
0 0.0106775 0.200121 0.0213549 0.0444358
0 0.639535 0.258248 0.0383942 0.0366852
0 0.86884 0.904733 0.028286 0.0275772
0 0.437963 0.701996 0.0267495 0.0262715
0 0.902969 0.190805 0.0292727 0.0280339
0 0.710838 0.886883 0.0271204 0.0264589
0 0.913839 0.565943 0.0360785 0.0355727
0 0.943741 0.624555 0.0270549 0.0265254
0 0.229474 0.198547 0.0296367 0.0285188
0 0.735216 0.30168 0.0248294 0.0243474
0 0.0537467 0.823987 0.0245492 0.0240336
0 0.0290372 0.32448 0.0240656 0.0239194
0 0.26948 0.155594 0.026587 0.0259557
0 0.809327 0.547993 0.0356975 0.0348251
0 0.0183883 0.57497 0.0234728 0.0232654
0 0.734008 0.646121 0.0249893 0.0245355
0 0.0416131 0.533684 0.0241061 0.0235798
0 0.843601 0.920722 0.0290268 0.0285143
0 0.315897 0.0882742 0.0253018 0.0248801
0 0.635726 0.503568 0.023784 0.0235775
0 0.80148 0.689377 0.0520376 0.050621
0 0.731203 0.689747 0.0791041 0.0779331
0 0.669228 0.358938 0.0245168 0.0241147
0 0.153922 0.109477 0.307497 0.21879
0 0.524364 0.209456 0.0777962 0.0762692
0 0.16325 0.366916 0.0255061 0.025135
0 0.996827 0.530954 0.0063468 0.0265985
0 0.207552 0.652284 0.0891122 0.0871841
0 0.800111 0.876042 0.058626 0.0580938
0 0.949356 0.667362 0.0250225 0.0248351
0 0.987777 0.208991 0.0240316 0.0244904
0 0.433829 0.141506 0.0287457 0.0280681
0 0.733402 0.195156 0.0234771 0.0230192
0 0.718025 0.62027 0.0294831 0.0279465
0 0.173608 0.196778 0.0938922 0.0924529
0 0.588954 0.0825332 0.194559 0.165066
