0 0.720032 0.30049 0.0417273 0.0399156
0 0.103087 0.109382 0.0339401 0.0316361
0 0.417773 0.876512 0.038672 0.0379742
0 0.551184 0.10262 0.0393426 0.0374158
0 0.289935 0.97695 0.130898 0.046004
0 0.137871 0.315373 0.0306463 0.03008
0 0.415317 0.332716 0.0307495 0.0295128
0 0.387381 0.488246 0.0346483 0.0334066
0 0.551766 0.640194 0.025574 0.0252722
0 0.0807132 0.355946 0.0257189 0.0251382
0 0.0709952 0.334243 0.0253725 0.0243663
0 0.71231 0.386802 0.025575 0.0247402
0 0.103593 0.343322 0.0293029 0.0283085
0 0.617248 0.848001 0.0713329 0.0680616
0 0.0579672 0.586735 0.0238822 0.0234883
0 0.383794 0.816842 0.0253957 0.0250169
0 0.670976 0.579716 0.0242372 0.0232594
0 0.185015 0.567233 0.0236951 0.0232236
0 0.431958 0.78385 0.0231677 0.0227036
0 0.530606 0.90665 0.0244217 0.0239732
0 0.367316 0.03078 0.124111 0.0614942
0 0.0490075 0.259161 0.025551 0.0240284
0 0.18644 0.377527 0.0229657 0.0223585
0 0.516091 0.730608 0.0233626 0.0228186
0 0.537848 0.699543 0.0260279 0.0254259
0 0.441147 0.2626 0.0239682 0.023208
0 0.292331 0.488899 0.0219063 0.0212885
0 0.166138 0.566506 0.0280994 0.0276877
0 0.995597 0.6454 0.00880604 0.0332099
0 0.58797 0.665517 0.0250795 0.0249681
0 0.536002 0.783544 0.116012 0.114805
