0 0.712238 0.529884 0.247134 0.230553
0 0.233248 0.789981 0.0784448 0.0753816
0 0.18795 0.399202 0.0511374 0.0475193
0 0.35106 0.970126 0.0725484 0.0597483
0 0.283235 0.560888 0.0836927 0.0810804
0 0.555502 0.930565 0.19385 0.138442
0 0.192978 0.26977 0.0356693 0.0336092
0 0.655242 0.355363 0.0526708 0.0505677
0 0.920781 0.736951 0.129267 0.118183
0 0.0601455 0.442094 0.0732437 0.0692207
0 0.297161 0.92381 0.11201 0.105642
0 0.0875953 0.284833 0.0584631 0.055018
0 0.279008 0.0991606 0.0411819 0.038418
0 0.119986 0.593918 0.0618626 0.0594997
0 0.874434 0.559735 0.0762237 0.0717311
0 0.820433 0.28715 0.0363041 0.0353526
0 0.115484 0.482598 0.0299156 0.0286577
0 0.336059 0.533686 0.0441717 0.0431181
0 0.255743 0.902616 0.0533427 0.0517368
0 0.209995 0.604307 0.0853642 0.0840156
0 0.970584 0.979349 0.0482645 0.0411654
0 0.671258 0.722144 0.0379272 0.0350264
0 0.115526 0.440027 0.0379942 0.0356239
0 0.234778 0.557392 0.051175 0.0508356
0 0.310794 0.771041 0.0349441 0.0350103
0 0.693939 0.770431 0.0638229 0.0600386
0 0.457133 0.371714 0.0422572 0.0406012
0 0.586279 0.358395 0.0305185 0.0294501
0 0.979886 0.653263 0.0313659 0.0296762
0 0.490134 0.165643 0.0518644 0.0490627
0 0.440719 0.288463 0.0288283 0.0275128
0 0.0722382 0.617586 0.051365 0.0496464
0 0.182979 0.84423 0.0717232 0.0691209
0 0.942413 0.613729 0.0741028 0.0687949
0 0.603232 0.708337 0.0263332 0.0249258
0 0.842018 0.829011 0.0511341 0.0465177
0 0.759418 0.845447 0.0460696 0.0441101
0 0.153718 0.511046 0.0530493 0.0506742
0 0.270065 0.00610757 0.034685 0.0122008
0 0.429165 0.836417 0.0656612 0.0637584
0 0.853004 0.422485 0.0286061 0.0280502
0 0.294026 0.821144 0.0894716 0.0876577
0 0.592282 0.595486 0.0278647 0.026365
0 0.65079 0.928585 0.0326726 0.0307622
0 0.281741 0.360239 0.0416627 0.0398872
0 0.459394 0.167973 0.0251991 0.0243949
0 0.389529 0.871169 0.0265646 0.0255711
0 0.433788 0.795875 0.0298841 0.0284055
0 0.660218 0.836204 0.0574786 0.0554591
0 0.390432 0.552504 0.0319923 0.0306419
0 0.430562 0.621762 0.0412289 0.0393528
0 0.174145 0.983019 0.0306797 0.0300627
0 0.935089 0.845207 0.129709 0.247525
0 0.704239 0.907805 0.0383379 0.036843
0 0.764263 0.212133 0.466909 0.424266
0 0.262638 0.252087 0.0454207 0.0440142
0 0.012882 0.575347 0.0257641 0.0510677
0 0.44184 0.604649 0.0301781 0.029119
0 0.540871 0.654047 0.030488 0.028558
0 0.3016 0.484191 0.033967 0.0329418
0 0.44304 0.0883337 0.156111 0.14288
0 0.435004 0.251348 0.0267985 0.0252133
0 0.328593 0.712661 0.0282684 0.0274258
0 0.04407 0.649983 0.051309 0.0483706
0 0.0877502 0.26262 0.17438 0.270228
0 0.448013 0.823636 0.0318399 0.0309731
0 0.848656 0.880382 0.0459822 0.0425663
0 0.728054 0.805007 0.044516 0.0415373
0 0.394457 0.794264 0.0334584 0.0318694
0 0.963922 0.503959 0.0309336 0.0295036
0 0.719573 0.388751 0.0366292 0.0352311
0 0.385008 0.648586 0.0261531 0.0255404
0 0.741319 0.774923 0.0243278 0.0232089
0 0.96522 0.678261 0.0385499 0.0364561
0 0.532615 0.204727 0.0567316 0.0510152
0 0.244135 0.856475 0.0383585 0.0381153
0 0.17753 0.743803 0.0437649 0.0433526
0 0.74214 0.74637 0.0438333 0.0402388
0 0.512075 0.744022 0.0318234 0.0296581
0 0.444696 0.496407 0.0435028 0.0421502
0 0.0945656 0.107248 0.0355185 0.0330345
0 0.453372 0.422086 0.0492556 0.0477506
0 0.282908 0.746732 0.0410527 0.0405192
0 0.288631 0.917094 0.0241286 0.0238587
0 0.810179 0.419466 0.0534132 0.0498227
0 0.506068 0.44246 0.0293024 0.0284005
0 0.232396 0.503878 0.0282095 0.0280376
0 0.558339 0.419035 0.0328646 0.0312552
0 0.535252 0.867381 0.0366088 0.0344239
0 0.168179 0.555405 0.040013 0.0390086
0 0.612093 0.83968 0.0287822 0.0268493
0 0.554387 0.941059 0.0405652 0.0377151
0 0.235826 0.523183 0.0289344 0.0283911
0 0.375976 0.38569 0.0362532 0.0344997
0 0.36953 0.333616 0.0357137 0.0342865
0 0.206646 0.322173 0.0476265 0.0447643
0 0.204912 0.530182 0.0320483 0.0315523
0 0.594228 0.932548 0.0262871 0.0238497
0 0.105067 0.139434 0.207693 0.211729
0 0.371726 0.28527 0.0240183 0.023339
0 0.859742 0.633054 0.0239675 0.0235887
0 0.850996 0.775785 0.025027 0.0239852
0 0.148596 0.548318 0.0823879 0.0787991
0 0.141858 0.988595 0.0329715 0.0228092
0 0.568719 0.275452 0.0295262 0.027475
0 0.518982 0.481052 0.023486 0.0228726
0 0.178254 0.303513 0.0385554 0.0363697
0 0.109494 0.918989 0.146167 0.137097
0 0.881746 0.68684 0.121569 0.114203
0 0.125083 0.687143 0.0327503 0.0319585
0 0.629743 0.991042 0.0266779 0.0178879
0 0.367938 0.1973 0.0230335 0.0221036
0 0.32281 0.504837 0.0224805 0.0222616
0 0.585465 0.690658 0.0243274 0.0232542
0 0.225866 0.649924 0.0286541 0.0283747
