0 0.22339 0.541187 0.100633 0.0987065
0 0.588887 0.729637 0.111978 0.110231
0 0.294818 0.35905 0.0727782 0.0706684
0 0.700384 0.940051 0.169585 0.119899
0 0.421419 0.693951 0.158099 0.155109
0 0.283838 0.940293 0.0520017 0.0501225
0 0.146538 0.939429 0.0624819 0.0594441
0 0.21607 0.467291 0.05624 0.0553032
0 0.0238091 0.683324 0.0476182 0.167428
0 0.194878 0.651114 0.0325258 0.0314549
0 0.686818 0.495721 0.0302982 0.029536
0 0.180397 0.699302 0.0293974 0.0283454
0 0.65356 0.434489 0.0352361 0.0340558
0 0.773614 0.67181 0.0259988 0.0252006
0 0.198935 0.917374 0.0595276 0.0564039
0 0.889267 0.243887 0.0280831 0.0274621
0 0.332882 0.729636 0.0269319 0.0261787
0 0.648291 0.0797914 0.0451011 0.0432105
0 0.542936 0.0129503 0.0584336 0.025877
0 0.717669 0.451619 0.035466 0.0352544
0 0.781306 0.39245 0.032056 0.0313598
0 0.50937 0.96862 0.244624 0.0627593
0 0.638786 0.253019 0.0274632 0.0266806
0 0.887949 0.993793 0.0286136 0.0124138
0 0.45553 0.34196 0.0343534 0.0335754
0 0.748554 0.48026 0.0275772 0.0269329
0 0.207053 0.0448663 0.0500313 0.0476656
0 0.695419 0.353322 0.0353582 0.0342985
0 0.754504 0.405807 0.0237091 0.0231178
0 0.397724 0.344692 0.0232194 0.0228087
0 0.887098 0.528133 0.225804 0.251586
0 0.251813 0.480861 0.0457676 0.0450244
0 0.421688 0.884323 0.148861 0.140315
0 0.848125 0.337337 0.0230762 0.0222229
0 0.158284 0.669468 0.0224632 0.0218351
0 0.990983 0.773854 0.0180332 0.0228148
0 0.7547 0.0855939 0.0234239 0.0227404
0 0.321204 0.0125343 0.0347778 0.0250127
