0 0.032958 0.310094 0.0658397 0.121713
0 0.752041 0.79314 0.0504954 0.0498364
0 0.334608 0.968359 0.040978 0.0395614
0 0.695988 0.49028 0.0454664 0.044377
0 0.754983 0.882849 0.0402085 0.0394253
0 0.629316 0.620058 0.0319583 0.0317582
0 0.985944 0.960138 0.0281116 0.0423074
0 0.620325 0.108992 0.0847487 0.0837583
0 0.583448 0.310483 0.0701141 0.0679694
0 0.75824 0.144724 0.0308962 0.0307813
0 0.400752 0.55954 0.044439 0.0435283
0 0.012233 0.538633 0.0244348 0.0349731
0 0.641628 0.823745 0.0759857 0.0734571
0 0.580199 0.817585 0.0402064 0.0393847
0 0.213119 0.49796 0.0436074 0.0431856
0 0.728263 0.868314 0.0254786 0.0252003
0 0.843985 0.174123 0.0333189 0.0320119
0 0.878363 0.634724 0.243274 0.546624
0 0.0919698 0.499509 0.0626034 0.0632464
0 0.935867 0.222257 0.127033 0.325382
0 0.634861 0.331153 0.0393923 0.0389614
0 0.151744 0.664084 0.0485001 0.048166
0 0.759064 0.748307 0.0301642 0.0296875
0 0.88699 0.164281 0.0486213 0.0473933
0 0.013783 0.252093 0.0275559 0.0354175
0 0.618509 0.259348 0.0398524 0.0398486
0 0.705434 0.895477 0.0413978 0.0395518
0 0.215859 0.178276 0.0241792 0.0240767
0 0.235395 0.664389 0.037644 0.0367398
0 0.349328 0.565652 0.0473307 0.0475639
0 0.761934 0.220452 0.030164 0.029902
0 0.835151 0.353844 0.0267739 0.0262166
0 0.251832 0.894847 0.0400135 0.0383204
0 0.323063 0.532185 0.049957 0.0488547
0 0.0841222 0.591238 0.0633153 0.0618947
0 0.672509 0.269738 0.0511729 0.0503556
0 0.406528 0.440853 0.0458538 0.0468434
0 0.611636 0.36266 0.0376284 0.0382547
0 0.741369 0.249117 0.0324183 0.0318488
0 0.153546 0.691836 0.0313299 0.0307134
0 0.33145 0.598174 0.0365902 0.036585
0 0.629387 0.196518 0.0795632 0.0756507
0 0.41376 0.518202 0.0475626 0.0472518
0 0.0607805 0.116485 0.0300316 0.0293785
0 0.230404 0.579791 0.0754697 0.072581
0 0.475298 0.509687 0.0417158 0.0406002
0 0.551851 0.761193 0.0258791 0.0248271
0 0.576512 0.351372 0.0369781 0.0371186
0 0.166636 0.195966 0.0245305 0.0242513
0 0.602719 0.0406305 0.133272 0.0809779
0 0.493316 0.421867 0.0822838 0.0814649
0 0.549366 0.454322 0.0407196 0.0411602
0 0.118805 0.231324 0.0409954 0.0408506
0 0.122173 0.243504 0.0241653 0.0245156
0 0.662833 0.51364 0.0356593 0.0347772
0 0.830511 0.375193 0.0271529 0.0269605
0 0.814001 0.953112 0.371998 0.0926964
0 0.666681 0.105291 0.148378 0.139114
0 0.699302 0.561584 0.0227008 0.0223382
0 0.698613 0.180117 0.0284635 0.0270931
0 0.110306 0.931332 0.219272 0.136339
