0 0.807709 0.792875 0.0943758 0.0852086
0 0.592978 0.473615 0.112678 0.107484
0 0.792694 0.360222 0.0816842 0.0766108
0 0.859542 0.140684 0.280915 0.27978
0 0.245086 0.668933 0.0468015 0.0414697
0 0.920961 0.37483 0.0670562 0.0600466
0 0.411346 0.681253 0.04382 0.039453
0 0.639432 0.836179 0.0433925 0.039881
0 0.62724 0.348699 0.0348136 0.0322563
0 0.12002 0.442239 0.0632651 0.0578338
0 0.271215 0.392589 0.0369645 0.0330537
0 0.0619889 0.0698477 0.0693084 0.0626127
0 0.706292 0.302982 0.107891 0.0995502
0 0.0300798 0.216854 0.0368734 0.0339827
0 0.95851 0.457318 0.0395474 0.0351426
0 0.178246 0.0253183 0.0905307 0.0504854
0 0.168711 0.799453 0.0317862 0.0292054
0 0.677698 0.29788 0.0543239 0.0517821
0 0.102806 0.507332 0.0718606 0.067168
0 0.868649 0.342408 0.055468 0.0508282
0 0.766595 0.988063 0.0479561 0.0238739
0 0.660545 0.692828 0.0671697 0.0622811
0 0.464556 0.207768 0.101579 0.0932044
0 0.212035 0.754731 0.0282061 0.0258899
0 0.665788 0.798049 0.034744 0.0323255
0 0.627039 0.744438 0.035655 0.0334368
0 0.0502088 0.762853 0.0860609 0.0793894
0 0.0246796 0.145882 0.0492976 0.085655
0 0.0199338 0.109666 0.0396902 0.0416249
0 0.545215 0.207734 0.123292 0.117008
0 0.0407787 0.804198 0.0358313 0.0338776
0 0.310044 0.876725 0.0521325 0.048129
0 0.566604 0.56408 0.0273142 0.0254592
0 0.303107 0.937251 0.122609 0.110808
0 0.899394 0.867526 0.056451 0.0510678
0 0.137168 0.162574 0.0537576 0.0488261
0 0.808345 0.244354 0.042624 0.0388816
0 0.657434 0.652924 0.063556 0.0587356
0 0.928193 0.986585 0.111925 0.026667
0 0.144716 0.256155 0.0350924 0.0321581
0 0.729832 0.446389 0.0282222 0.0268006
0 0.872701 0.40495 0.0421891 0.0390041
0 0.59225 0.0802182 0.0261926 0.0239871
0 0.691397 0.172148 0.0460455 0.0429868
0 0.065364 0.137309 0.0366116 0.0345489
0 0.856971 0.863004 0.0400486 0.0361453
0 0.936831 0.901743 0.0577298 0.0515442
0 0.668339 0.195503 0.0279453 0.0264531
0 0.52912 0.660101 0.050333 0.0461731
0 0.837722 0.293554 0.0240433 0.0227659
0 0.831741 0.403016 0.0335733 0.0304526
0 0.350572 0.817088 0.0383831 0.0343678
0 0.189073 0.357401 0.0369448 0.0345046
0 0.0452272 0.496628 0.0381007 0.0341541
0 0.242919 0.773529 0.0272415 0.024518
0 0.0506495 0.551952 0.0700985 0.063402
0 0.577461 0.990308 0.054816 0.0193836
0 0.682573 0.763191 0.0308645 0.0296
0 0.011493 0.374762 0.0229628 0.0256757
0 0.0124624 0.273641 0.0249248 0.0326395
0 0.0412106 0.553458 0.0811772 0.0762698
0 0.223238 0.393327 0.0804563 0.0736337
0 0.420778 0.848474 0.0250304 0.0233936
0 0.113671 0.115459 0.0690487 0.0620505
0 0.76237 0.587418 0.0375901 0.0342734
0 0.916971 0.515906 0.0431116 0.0378482
0 0.950974 0.716778 0.0980529 0.47532
0 0.775145 0.402245 0.0373986 0.0361509
0 0.439455 0.967127 0.0449232 0.0407845
0 0.527913 0.305152 0.04868 0.0452632
0 0.347213 0.354791 0.0575971 0.0512509
0 0.452938 0.584864 0.157519 0.142072
0 0.208406 0.828313 0.0711636 0.0653545
0 0.767714 0.210565 0.0231762 0.0221583
0 0.798614 0.0713264 0.0244171 0.022585
0 0.255113 0.344077 0.0331431 0.0302168
0 0.696255 0.536319 0.0392847 0.0368339
0 0.819942 0.32119 0.0436368 0.040709
0 0.613308 0.176977 0.029876 0.0276342
