0 0.969804 0.597071 0.0590577 0.0568721
0 0.0140356 0.394653 0.0279473 0.040924
0 0.403654 0.0827373 0.0533732 0.0505182
0 0.313722 0.444381 0.032293 0.0307713
0 0.110331 0.566569 0.0512343 0.0496054
0 0.27202 0.531283 0.0433115 0.0420856
0 0.21818 0.285926 0.0332505 0.0311217
0 0.916929 0.423773 0.0396723 0.0377846
0 0.829266 0.527689 0.0280186 0.0270645
0 0.670375 0.441602 0.0319338 0.0301056
0 0.577942 0.856546 0.0269473 0.0255616
0 0.538787 0.539016 0.0309029 0.0299755
0 0.985696 0.217106 0.0273769 0.0264895
0 0.0205049 0.274323 0.0251202 0.0230705
0 0.349298 0.468631 0.0413964 0.0392209
0 0.975362 0.424917 0.024694 0.0238063
0 0.299558 0.747195 0.0239727 0.022996
0 0.805129 0.941062 0.0238199 0.0227971
0 0.334743 0.287903 0.036554 0.0344257
0 0.522967 0.717059 0.0479391 0.0473008
0 0.346843 0.148692 0.029028 0.0272331
0 0.37322 0.748215 0.0338287 0.0322179
0 0.150558 0.559098 0.0378683 0.037642
0 0.441076 0.0990537 0.0331334 0.0314422
0 0.896773 0.891453 0.0250006 0.0238376
0 0.939702 0.228003 0.0369724 0.0340321
0 0.756587 0.387991 0.0287521 0.0272923
0 0.119682 0.774025 0.0314013 0.0289831
0 0.674274 0.885703 0.0723238 0.0686671
0 0.645041 0.787383 0.0274442 0.026736
0 0.803321 0.377026 0.0265884 0.0249028
