0 0.185409 0.224667 0.0802914 0.0776976
0 0.780698 0.10565 0.066422 0.0623695
0 0.272909 0.783111 0.0609192 0.0566721
0 0.526913 0.57707 0.0609895 0.0580444
0 0.732921 0.277679 0.0504179 0.0472821
0 0.746725 0.047184 0.0452029 0.042535
0 0.708225 0.0922699 0.0427806 0.0407183
0 0.759384 0.247956 0.0352988 0.0333511
0 0.716496 0.588258 0.0330659 0.0316075
0 0.533641 0.778646 0.0310753 0.0292678
0 0.288781 0.505151 0.0304433 0.0288099
0 0.626078 0.823465 0.0305048 0.0285362
0 0.10978 0.33513 0.0429356 0.0406562
0 0.631192 0.906289 0.188075 0.174298
0 0.133663 0.249465 0.0530691 0.0517228
0 0.683664 0.156275 0.0265048 0.0253909
0 0.721953 0.392676 0.0248513 0.0238645
0 0.891583 0.887277 0.0256763 0.0235777
0 0.734116 0.490316 0.0248504 0.0240062
0 0.803068 0.993454 0.0389492 0.0130925
0 0.115842 0.294729 0.0382308 0.0366679
0 0.825876 0.0319324 0.0284208 0.0271589
0 0.0474927 0.221337 0.0252076 0.0242419
0 0.247589 0.199545 0.0258609 0.0257351
0 0.00927507 0.173974 0.0185209 0.0305528
0 0.617338 0.517673 0.0238318 0.0231853
0 0.0886583 0.217659 0.0370075 0.0363613
0 0.0747377 0.352996 0.0226889 0.0216803
0 0.972943 0.968849 0.0540369 0.0621267
0 0.358481 0.321063 0.0236834 0.0230547
0 0.161406 0.971528 0.0287673 0.0271179
0 0.579243 0.89115 0.0250108 0.0239425
0 0.851827 0.0410784 0.0251102 0.0241238
0 0.886679 0.403239 0.0233367 0.0227765
0 0.186114 0.293787 0.0342039 0.0328277
0 0.420186 0.764432 0.0235065 0.0222146
0 0.670644 0.553896 0.024719 0.0238521
