0 0.840039 0.273768 0.137514 0.106615
0 0.587665 0.139689 0.0718117 0.0587351
0 0.523664 0.550723 0.0705342 0.0547614
0 0.809108 0.405264 0.0538381 0.0425004
0 0.624162 0.0883474 0.0287875 0.0245904
0 0.0750406 0.683994 0.0319651 0.024653
0 0.596909 0.463648 0.0365853 0.0295671
0 0.367001 0.305472 0.0351708 0.0279179
0 0.603981 0.610669 0.0577829 0.0452283
0 0.498959 0.102078 0.128552 0.106499
0 0.508703 0.717116 0.0789371 0.0637491
0 0.649593 0.543785 0.0293469 0.0230827
0 0.64431 0.0634288 0.0490141 0.0400675
0 0.734965 0.707679 0.229061 0.199907
0 0.744894 0.824207 0.0301659 0.0238793
0 0.862689 0.643543 0.0316013 0.0256071
0 0.50314 0.67602 0.0616091 0.0500254
0 0.505566 0.63159 0.0638602 0.0513174
0 0.7223 0.804832 0.026711 0.0222108
0 0.987996 0.59454 0.0238765 0.0237524
0 0.678008 0.591575 0.0332643 0.027282
0 0.331011 0.924605 0.0285619 0.0227985
0 0.852037 0.590059 0.029767 0.0244382
0 0.40672 0.324475 0.0555453 0.0430676
0 0.751155 0.33885 0.0326231 0.0255132
0 0.493425 0.362643 0.0380139 0.0304134
0 0.696422 0.340373 0.0405537 0.0319538
0 0.0756612 0.0340134 0.0809793 0.0660802
0 0.493486 0.0820749 0.0935235 0.0759464
