0 0.0395315 0.721618 0.0546172 0.0532587
0 0.0763394 0.206278 0.054807 0.052362
0 0.259078 0.494304 0.0484201 0.0475211
0 0.954596 0.533278 0.0404702 0.0394568
0 0.180632 0.52244 0.041387 0.0403137
0 0.729435 0.842251 0.0418403 0.040915
0 0.0971207 0.970457 0.0418 0.0404534
0 0.443707 0.966621 0.0367065 0.0360443
0 0.0438022 0.540133 0.0336414 0.0327072
0 0.0214566 0.823472 0.0390002 0.0382832
0 0.00929298 0.950281 0.0185783 0.0294908
0 0.674845 0.0108411 0.0313027 0.0216822
0 0.0762703 0.961812 0.0259609 0.025465
0 0.24854 0.0832357 0.342744 0.165715
0 0.0107862 0.889368 0.0215342 0.0310698
0 0.829356 0.350808 0.032927 0.0323347
0 0.857199 0.0144965 0.028701 0.0279293
0 0.208336 0.485218 0.0277594 0.0270702
0 0.484573 0.220871 0.0259903 0.0252279
0 0.480688 0.597438 0.0400991 0.0393019
0 0.672403 0.68286 0.0276918 0.0271435
0 0.894124 0.312469 0.166509 0.164575
0 0.823354 0.304997 0.0266182 0.0262494
0 0.688284 0.0787944 0.0260558 0.0251729
0 0.57698 0.750637 0.0253618 0.0254228
0 0.969019 0.849095 0.0302499 0.029417
0 0.892399 0.191204 0.0263114 0.025391
0 0.171774 0.424382 0.0253189 0.0246627
0 0.0753944 0.626646 0.0272678 0.0263868
0 0.960827 0.328202 0.0279591 0.0272169
0 0.932033 0.458314 0.0237682 0.023505
0 0.583366 0.315869 0.315264 0.284905
0 0.128684 0.357358 0.0291901 0.0278549
0 0.61792 0.894844 0.0311445 0.0306834
0 0.103129 0.174214 0.0302685 0.029305
0 0.521846 0.214163 0.493714 0.422325
0 0.355495 0.728884 0.0245196 0.0239439
0 0.0865935 0.648986 0.0244252 0.0241957
0 0.460893 0.181597 0.373577 0.358626
0 0.823809 0.779059 0.0242906 0.0242925
0 0.132042 0.154631 0.0243303 0.0237925
0 0.630421 0.649705 0.0259029 0.0252906
0 0.944927 0.19612 0.0241467 0.0233172
0 0.653147 0.955381 0.0263467 0.0263596
0 0.0108554 0.400249 0.0217109 0.0231637
0 0.676409 0.438705 0.0421597 0.0428273
0 0.685985 0.148853 0.0340133 0.0323936
0 0.116993 0.9353 0.0232832 0.022727
0 0.780915 0.479699 0.218561 0.235977
0 0.712038 0.379487 0.0276631 0.026908
0 0.504358 0.27371 0.0230549 0.0225817
0 0.790049 0.910333 0.0233493 0.0227092
0 0.0185908 0.50378 0.0223962 0.0218061
0 0.0487678 0.382612 0.0246793 0.0240952
0 0.692136 0.108153 0.146021 0.132896
0 0.0624127 0.1575 0.0240334 0.0237042
0 0.783258 0.210764 0.133274 0.127036
0 0.743174 0.00772965 0.0236746 0.0154078
0 0.677857 0.450819 0.0314796 0.0303122
0 0.971096 0.939227 0.0244739 0.0238733
0 0.961628 0.00538587 0.0228512 0.0107717
0 0.0531335 0.806639 0.0229531 0.0224254
0 0.00565501 0.36056 0.01131 0.0240462
0 0.50191 0.0228628 0.024293 0.0235373
0 0.489752 0.926978 0.0297902 0.0291536
0 0.693705 0.982483 0.0447767 0.0350347
