0 0.302605 0.206466 0.26434 0.215963
0 0.269775 0.850735 0.164332 0.134202
0 0.884565 0.0650763 0.127117 0.109845
0 0.535746 0.0386084 0.0938303 0.0761381
0 0.42671 0.151297 0.0845627 0.071527
0 0.0292355 0.281 0.0584297 0.0531881
0 0.335141 0.473775 0.114903 0.095734
0 0.761287 0.224675 0.0501131 0.0433035
0 0.811842 0.415401 0.0453939 0.0389811
0 0.132937 0.23883 0.0640746 0.0535006
0 0.323677 0.927418 0.0611493 0.0508624
0 0.818768 0.187354 0.0343237 0.0298548
0 0.697793 0.0391306 0.0329633 0.027534
0 0.0775634 0.309015 0.0634153 0.0534912
0 0.204768 0.953549 0.115318 0.0928302
0 0.950042 0.444054 0.0441241 0.0378625
0 0.86107 0.991258 0.0342503 0.0174832
0 0.936828 0.587106 0.0454353 0.0385439
0 0.371864 0.798606 0.103497 0.0838585
0 0.868176 0.633247 0.036996 0.0316472
0 0.0330797 0.877199 0.0660997 0.106741
0 0.116372 0.677365 0.0810596 0.0658867
0 0.885952 0.45816 0.0375524 0.0320082
0 0.784483 0.839735 0.0579173 0.0494866
0 0.893018 0.976276 0.0434217 0.036763
0 0.7048 0.641199 0.0491476 0.0423357
0 0.862385 0.544679 0.0350365 0.0312153
0 0.0683858 0.978851 0.0577043 0.0421308
0 0.295428 0.75481 0.0748196 0.0627491
0 0.857739 0.510968 0.0315721 0.0276101
0 0.703374 0.0923642 0.0858083 0.0732875
0 0.918818 0.42533 0.0324259 0.0280392
0 0.935729 0.0649591 0.128543 0.129916
0 0.0688617 0.743786 0.137565 0.128074
0 0.0603928 0.81616 0.106874 0.0919992
0 0.162546 0.626777 0.0881517 0.0701078
0 0.653698 0.931437 0.0283 0.0240695
0 0.0216084 0.0341985 0.0317293 0.0265826
0 0.771822 0.969242 0.0288574 0.0253594
0 0.704702 0.754689 0.0313337 0.0271163
0 0.71195 0.953233 0.0282235 0.0238913
0 0.17322 0.141398 0.028536 0.0237376
0 0.164764 0.790278 0.0972405 0.0814826
0 0.183652 0.598465 0.0654696 0.0521309
0 0.867712 0.422542 0.0286436 0.0252185
0 0.756264 0.123403 0.035691 0.0303225
0 0.0605918 0.228037 0.0362965 0.0300153
0 0.220215 0.00680032 0.052655 0.0135676
0 0.389746 0.986999 0.0594172 0.0260012
0 0.403933 0.873027 0.0465249 0.0399176
0 0.0160329 0.610783 0.0320105 0.0396376
0 0.192688 0.745146 0.0670015 0.0557625
0 0.907941 0.480748 0.0276888 0.0235944
0 0.990228 0.711064 0.0193975 0.0447133
0 0.413414 0.0185017 0.0648785 0.0369971
0 0.112003 0.153901 0.0284518 0.0237342
0 0.90324 0.200658 0.192702 0.179137
0 0.377596 0.941493 0.0381619 0.0324934
0 0.113585 0.0805838 0.030014 0.0267012
0 0.453869 0.0905739 0.0537102 0.0454048
0 0.738398 0.515485 0.0339513 0.0281246
0 0.609662 0.175501 0.0471373 0.04034
0 0.389605 0.307678 0.119812 0.103179
