0 0.229877 0.484528 0.0644031 0.049196
0 0.843337 0.13163 0.060937 0.0475259
0 0.898459 0.976232 0.044641 0.0335113
0 0.381182 0.97948 0.0383845 0.0292124
0 0.637185 0.0876619 0.0454867 0.0349561
0 0.769343 0.0140334 0.0563388 0.0280507
0 0.805814 0.584678 0.135359 0.102745
0 0.839502 0.965795 0.0345964 0.0259562
0 0.530502 0.268244 0.0459927 0.0351553
0 0.0175684 0.584461 0.0340986 0.0272282
0 0.546077 0.472451 0.0532301 0.0395234
0 0.725475 0.578421 0.0520376 0.0390618
0 0.464935 0.613788 0.038824 0.029229
0 0.231748 0.590852 0.0401903 0.0301331
0 0.883922 0.636639 0.0745737 0.0589085
0 0.430116 0.472855 0.0459126 0.0341629
0 0.0371959 0.313413 0.0743918 0.0987968
0 0.231636 0.147225 0.0388065 0.0304499
0 0.916711 0.241987 0.0309694 0.0245784
0 0.820407 0.402684 0.0318005 0.0241566
0 0.554744 0.575166 0.0378885 0.0287297
0 0.395477 0.295263 0.0384392 0.0293821
0 0.506019 0.461623 0.0332091 0.0249048
0 0.157134 0.50096 0.0345712 0.0263327
0 0.25948 0.614209 0.035255 0.0271502
0 0.506952 0.325972 0.0415273 0.0315466
0 0.493539 0.676504 0.0317926 0.0238571
0 0.3849 0.540406 0.0324664 0.0240452
0 0.36543 0.112012 0.0369315 0.0291663
0 0.728509 0.165929 0.0792857 0.059944
0 0.436963 0.107577 0.0401802 0.0313248
0 0.451559 0.521598 0.036313 0.0266962
0 0.925849 0.533422 0.0355425 0.0261336
0 0.858265 0.434749 0.193358 0.148626
0 0.962816 0.651102 0.0731833 0.0597601
0 0.344044 0.139207 0.0404329 0.0319086
0 0.34081 0.333837 0.0327401 0.0252024
0 0.960419 0.160836 0.032396 0.0244392
0 0.305934 0.088794 0.0403144 0.0330933
0 0.643877 0.346123 0.049328 0.037432
0 0.414361 0.0866436 0.0346099 0.0266576
0 0.860577 0.990988 0.0297192 0.0180241
0 0.282151 0.271711 0.0323852 0.0253482
0 0.550979 0.176448 0.0339074 0.0255778
0 0.740996 0.115814 0.0327922 0.0248045
0 0.935666 0.740627 0.0620442 0.0472525
0 0.518429 0.565025 0.0415972 0.0319638
0 0.00588184 0.932506 0.0117637 0.0245481
0 0.55419 0.643182 0.11978 0.0934641
0 0.100985 0.782145 0.0297004 0.0226977
0 0.453426 0.4207 0.0295579 0.022711
0 0.92721 0.68068 0.0448109 0.0347869
0 0.881341 0.0141194 0.0288115 0.0223143
0 0.41917 0.0266979 0.0368978 0.0288715
0 0.850009 0.257522 0.0503106 0.0381754
0 0.980215 0.139277 0.031496 0.0247584
0 0.279006 0.904759 0.0299335 0.0233337
0 0.523685 0.408302 0.0339842 0.0261389
0 0.657732 0.0104589 0.0336773 0.0207561
0 0.971322 0.806157 0.049918 0.0374028
0 0.443041 0.372181 0.0279901 0.0218004
0 0.0861883 0.586315 0.171675 0.295439
0 0.00648385 0.594355 0.0129003 0.0259539
0 0.0112186 0.968417 0.0224372 0.0464798
0 0.343011 0.478363 0.0286043 0.021682
0 0.777344 0.512032 0.0778455 0.0589986
0 0.384864 0.18274 0.080318 0.0631881
0 0.309153 0.483601 0.0272593 0.0209443
0 0.584144 0.0445173 0.0314794 0.0242492
0 0.128002 0.602444 0.0303338 0.0234299
