0 0.846539 0.591246 0.0636488 0.0616474
0 0.836049 0.287182 0.0882437 0.0864308
0 0.78966 0.472057 0.0650551 0.0630704
0 0.961564 0.209707 0.0610259 0.0598392
0 0.358084 0.164765 0.0577478 0.0551772
0 0.925137 0.15583 0.027222 0.0266394
0 0.840856 0.931978 0.0357349 0.0343304
0 0.758119 0.721835 0.0452876 0.0438085
0 0.641443 0.884616 0.0631474 0.0601654
0 0.691174 0.796433 0.055179 0.0521223
0 0.190541 0.420447 0.0536606 0.0512139
0 0.200014 0.565574 0.0558708 0.0518329
0 0.644524 0.466109 0.0495486 0.0486347
0 0.422278 0.203477 0.0555333 0.0529399
0 0.623927 0.122148 0.0441492 0.0429738
0 0.730838 0.82352 0.0361824 0.0349664
0 0.202692 0.679665 0.075202 0.0702666
0 0.405253 0.364689 0.0361787 0.0346805
0 0.78126 0.591744 0.0441111 0.0431664
0 0.473545 0.383904 0.0788787 0.07603
0 0.942962 0.972976 0.0354747 0.0340142
0 0.93512 0.829929 0.033796 0.0329902
0 0.677964 0.841039 0.0464246 0.0458434
0 0.507615 0.321526 0.0764595 0.072291
0 0.652445 0.143799 0.0393929 0.0379738
0 0.777464 0.117763 0.0437553 0.0422789
0 0.840533 0.456323 0.0489085 0.0472572
0 0.970492 0.268093 0.0392403 0.0388409
0 0.880126 0.457313 0.0367545 0.0352688
0 0.880899 0.923689 0.0358482 0.0343428
0 0.751421 0.373314 0.0520396 0.0509358
0 0.927052 0.78548 0.040171 0.0387463
0 0.819978 0.978269 0.0556347 0.0434616
0 0.680602 0.288642 0.0354605 0.0336384
0 0.594029 0.752166 0.0452027 0.0436056
0 0.379751 0.333338 0.0416436 0.0399632
0 0.733497 0.614948 0.0664113 0.0652318
0 0.758299 0.301394 0.0764431 0.0734993
0 0.343517 0.338821 0.0362969 0.0347986
0 0.200172 0.284504 0.0585484 0.0551653
0 0.131162 0.438757 0.0512099 0.0501777
0 0.970297 0.778221 0.0389608 0.0373088
0 0.991693 0.218427 0.016613 0.0640132
0 0.725742 0.757794 0.0554893 0.054494
0 0.64261 0.758976 0.0468924 0.045886
0 0.753561 0.658589 0.0316515 0.0308003
0 0.712162 0.516996 0.0297524 0.0287383
0 0.517037 0.777789 0.0289281 0.0280448
0 0.683027 0.612374 0.0395322 0.0381746
0 0.922697 0.395428 0.0419515 0.0403669
0 0.332497 0.91194 0.0674274 0.0621953
0 0.693468 0.457804 0.0323367 0.0316607
0 0.825682 0.635303 0.0428924 0.0415659
0 0.671728 0.524579 0.0382309 0.0374422
0 0.439981 0.975779 0.0482938 0.0437067
0 0.561445 0.432962 0.0446075 0.0428853
0 0.703479 0.944014 0.031634 0.030451
0 0.539551 0.177775 0.0320296 0.0307399
0 0.878426 0.685193 0.0325038 0.0304546
0 0.940426 0.663784 0.0318206 0.0304761
0 0.894555 0.655818 0.0395869 0.0380325
0 0.983032 0.0362345 0.0316344 0.0313888
0 0.665893 0.963475 0.0414329 0.039149
0 0.553861 0.220061 0.0287582 0.0271482
0 0.736996 0.596579 0.0435774 0.0429935
0 0.99343 0.597535 0.0131392 0.0376693
0 0.562823 0.497709 0.0271376 0.026628
0 0.835423 0.665718 0.0297375 0.0286533
0 0.595872 0.241698 0.0279849 0.0274457
0 0.692485 0.971751 0.0247738 0.0242879
0 0.751011 0.67929 0.0535624 0.0515559
0 0.212518 0.227261 0.0382945 0.0367094
0 0.462476 0.735623 0.029014 0.027355
0 0.594512 0.373721 0.0298181 0.0285897
0 0.651751 0.935603 0.0401287 0.0384903
0 0.523495 0.247101 0.0480628 0.0447361
0 0.78355 0.523569 0.0281372 0.0273781
0 0.275997 0.685948 0.0518513 0.0491505
0 0.966874 0.9481 0.0348992 0.0322342
0 0.953556 0.982952 0.076376 0.0339018
0 0.804426 0.140329 0.0363986 0.0349419
0 0.00445252 0.449528 0.00890503 0.028672
0 0.905817 0.437949 0.0304181 0.0296763
0 0.334137 0.238313 0.0359858 0.034956
0 0.992703 0.968334 0.014594 0.0329852
0 0.760905 0.80703 0.0318017 0.0307589
0 0.805462 0.343476 0.0425756 0.0410868
0 0.966986 0.0192255 0.0444183 0.038451
0 0.830794 0.00950883 0.0302475 0.018989
0 0.537358 0.134125 0.044275 0.0428526
0 0.801655 0.735416 0.0323977 0.0313415
0 0.796887 0.633815 0.02716 0.0262597
0 0.752145 0.150273 0.0441709 0.0424467
0 0.731945 0.937476 0.0437315 0.0417433
0 0.769144 0.171707 0.0313365 0.0296795
0 0.419463 0.14815 0.0710164 0.0668325
0 0.796132 0.540412 0.0241511 0.0231713
0 0.247379 0.425196 0.0279702 0.0267962
0 0.976903 0.59318 0.0248762 0.0236343
0 0.595183 0.227388 0.043289 0.0399983
0 0.801996 0.411767 0.0514343 0.0474401
0 0.0186642 0.186074 0.0373285 0.0502199
