0 0.34327 0.922793 0.0268612 0.0256932
0 0.752573 0.232335 0.028372 0.0262516
0 0.137364 0.269389 0.0426406 0.0396376
0 0.205221 0.220623 0.0264837 0.0245349
0 0.762676 0.564175 0.0256987 0.0241556
0 0.139644 0.30056 0.0331985 0.030768
0 0.190208 0.501815 0.0295829 0.0272773
0 0.77228 0.346669 0.0236987 0.0223451
0 0.348298 0.373778 0.0324307 0.0307433
0 0.343753 0.280132 0.027213 0.0251827
0 0.847283 0.475791 0.0295534 0.027985
0 0.143111 0.190306 0.0346617 0.0315364
0 0.742554 0.549397 0.0231906 0.0220684
0 0.383341 0.56662 0.0255414 0.0233967
0 0.784348 0.722672 0.023174 0.0218911
0 0.325688 0.385303 0.0229777 0.0219528
