0 0.961783 0.103583 0.0696228 0.0547276
0 0.774978 0.177552 0.173351 0.145028
0 0.680674 0.269987 0.0508285 0.0447733
0 0.0416083 0.812802 0.0768605 0.0651757
0 0.589146 0.640826 0.0638125 0.0528436
0 0.830938 0.267306 0.116463 0.0923475
0 0.663792 0.358695 0.070549 0.0614622
0 0.547091 0.0442409 0.0330571 0.0292513
0 0.488473 0.352965 0.0734142 0.0608022
0 0.677848 0.430635 0.0691769 0.0562861
0 0.857946 0.0483746 0.0494692 0.0381648
0 0.322512 0.0388738 0.0479453 0.0396727
0 0.00455136 0.615965 0.00910273 0.0299827
0 0.991873 0.213689 0.0162413 0.0673445
0 0.932464 0.330685 0.0920623 0.0714594
0 0.0268714 0.658642 0.0537427 0.0544407
0 0.765269 0.00819828 0.0330467 0.0163787
0 0.424461 0.172349 0.0499327 0.0422978
0 0.545503 0.614183 0.0605085 0.0485442
0 0.372478 0.258133 0.185396 0.15576
0 0.0230598 0.878017 0.0414195 0.0330704
0 0.455794 0.661469 0.0374549 0.0313673
0 0.18174 0.686517 0.0850383 0.0736236
0 0.634981 0.402369 0.0424929 0.0358507
0 0.607324 0.296268 0.0354176 0.028762
0 0.819871 0.621052 0.057162 0.0458913
0 0.667227 0.220968 0.124099 0.113152
0 0.208597 0.883936 0.0707835 0.0580105
0 0.460729 0.0669558 0.0353693 0.0306209
0 0.61752 0.222482 0.197712 0.1696
0 0.857878 0.817785 0.284245 0.36443
0 0.86741 0.471577 0.108123 0.0889036
0 0.847736 0.0200229 0.0373914 0.0309282
0 0.971143 0.133566 0.0289483 0.0234812
