0 0.161329 0.411042 0.13216 0.118291
0 0.469331 0.619246 0.0533878 0.0486859
0 0.249261 0.172888 0.0355403 0.032699
0 0.806918 0.766333 0.0403206 0.0367434
0 0.524471 0.883779 0.0346916 0.0320734
0 0.0899824 0.117691 0.035078 0.0318484
0 0.098496 0.04536 0.0332933 0.0303376
0 0.217965 0.852212 0.0503136 0.0453956
0 0.170107 0.7631 0.0319619 0.027271
0 0.6046 0.890454 0.0313787 0.0288746
0 0.213197 0.132838 0.0284906 0.0263685
0 0.798023 0.660301 0.027472 0.0259198
0 0.890851 0.500014 0.0366968 0.0338633
0 0.552089 0.84343 0.0586164 0.0531607
0 0.738469 0.885409 0.0260804 0.0241075
0 0.845993 0.879306 0.0345275 0.0308568
0 0.659946 0.00544445 0.0236057 0.0107833
0 0.546243 0.929031 0.0358083 0.0329853
0 0.0703315 0.0949505 0.0242199 0.0222775
0 0.702033 0.984547 0.0319648 0.0289651
