0 0.0786728 0.906107 0.0620903 0.0612696
0 0.573253 0.490472 0.0432823 0.042066
0 0.533148 0.803002 0.0411232 0.0401027
0 0.685608 0.0784103 0.0429313 0.0421469
0 0.0190812 0.500103 0.030897 0.0301872
0 0.297297 0.231974 0.0456025 0.0451229
0 0.22103 0.0137423 0.0541942 0.0273553
0 0.905174 0.80215 0.0313833 0.0308458
0 0.630225 0.450209 0.0303319 0.0297289
0 0.50408 0.933066 0.0386082 0.0378488
0 0.708124 0.0130329 0.0288056 0.0260657
0 0.114206 0.113026 0.0457447 0.0452065
0 0.138686 0.673284 0.0282904 0.027517
0 0.382797 0.367096 0.0319457 0.0314454
0 0.561903 0.35355 0.0285547 0.0279367
0 0.928729 0.477709 0.0455129 0.0431421
0 0.37274 0.179029 0.0271078 0.0270558
0 0.0846972 0.0248443 0.029139 0.0279551
0 0.301758 0.0563218 0.0275033 0.0268624
0 0.0562807 0.362916 0.0264112 0.0252546
0 0.365125 0.154313 0.0278755 0.0273883
0 0.937932 0.445695 0.0450457 0.0435988
0 0.789168 0.784431 0.0335125 0.0326104
0 0.0297962 0.589329 0.0250434 0.0247393
0 0.335525 0.246479 0.0343837 0.0336923
0 0.45998 0.0837815 0.0281919 0.0276438
0 0.353869 0.0879753 0.0247692 0.0241978
0 0.239776 0.11413 0.0276191 0.0268198
0 0.85792 0.298059 0.0263506 0.0254298
0 0.128341 0.425468 0.0258444 0.0252372
0 0.142088 0.45318 0.026382 0.0260364
0 0.42119 0.00990847 0.0254972 0.019747
0 0.302874 0.270336 0.031822 0.0317016
0 0.28439 0.182534 0.0328462 0.03188
0 0.952848 0.0251023 0.0281277 0.0277029
0 0.103044 0.149533 0.0275921 0.0274307
0 0.482473 0.161962 0.0266892 0.0256242
0 0.956912 0.705502 0.0300167 0.0296097
0 0.45334 0.426833 0.0260127 0.0254111
0 0.136602 0.744401 0.0250519 0.0254515
0 0.35717 0.324056 0.0288739 0.0288287
0 0.558215 0.411314 0.023165 0.0227043
0 0.418285 0.392561 0.0274261 0.026997
0 0.0119523 0.894067 0.0239046 0.0300298
0 0.0494462 0.809494 0.0269223 0.0263786
0 0.120743 0.923854 0.0247471 0.0243373
0 0.430136 0.118837 0.0235762 0.0232168
0 0.243779 0.147114 0.030109 0.0295352
0 0.172975 0.0353418 0.0270441 0.0265962
0 0.344662 0.277778 0.0249844 0.0242424
0 0.165648 0.765607 0.0230939 0.0230777
0 0.570653 0.323445 0.0233021 0.0230037
0 0.684361 0.0209419 0.0265861 0.0268416
0 0.895248 0.62252 0.0261898 0.0257084
0 0.135514 0.243488 0.0241628 0.0237735
0 0.107273 0.769893 0.0235411 0.023385
0 0.274742 0.0794193 0.0249693 0.0250165
0 0.00595624 0.872432 0.0119125 0.0296131
0 0.0754339 0.152095 0.0272605 0.0268544
0 0.608826 0.547063 0.0230629 0.0229235
0 0.0120979 0.965982 0.0238159 0.0253997
0 0.119805 0.853391 0.0263417 0.0260231
0 0.557977 0.752224 0.0233795 0.0233102
0 0.642973 0.578869 0.0226462 0.0224276
0 0.660044 0.332628 0.0246286 0.0243804
0 0.345724 0.467537 0.0250212 0.0244409
0 0.947661 0.685638 0.0250739 0.0251129
0 0.762727 0.0757008 0.34932 0.15081
0 0.19957 0.951089 0.0228368 0.0227606
0 0.266924 0.159749 0.0380235 0.03723
0 0.162978 0.00943457 0.024953 0.0188437
0 0.580594 0.450264 0.0240758 0.0236339
0 0.380945 0.492104 0.0250988 0.0239899
0 0.186552 0.35073 0.0234124 0.0233612
0 0.462249 0.268974 0.0379252 0.0377618
0 0.577967 0.229615 0.0393232 0.0389854
0 0.181778 0.598952 0.0225348 0.0219963
0 0.853813 0.560136 0.0233681 0.0231653
0 0.0501289 0.730239 0.0232896 0.0229023
0 0.58773 0.409083 0.0224931 0.0220895
0 0.539447 0.137968 0.0232128 0.0227327
