0 0.321972 0.341636 0.163387 0.121566
0 0.345882 0.798991 0.137367 0.101799
0 0.603933 0.0972804 0.12313 0.0966881
0 0.858724 0.193402 0.10601 0.0801994
0 0.477083 0.875077 0.0534388 0.0418705
0 0.148912 0.703585 0.0628288 0.0467415
0 0.292658 0.469453 0.0776234 0.0579751
0 0.644921 0.640371 0.041267 0.0313256
0 0.528203 0.07803 0.052376 0.0414104
0 0.654098 0.0302819 0.0864208 0.0600708
0 0.0141934 0.687214 0.0283867 0.0273112
0 0.318036 0.422362 0.0595086 0.0459333
0 0.0786178 0.555167 0.0486272 0.0357775
0 0.0668411 0.241436 0.0463317 0.0348475
0 0.677157 0.231476 0.0451415 0.034332
0 0.180171 0.14225 0.0396174 0.0300416
0 0.552827 0.389344 0.0413315 0.0313345
0 0.344848 0.582442 0.0786772 0.0595014
0 0.52579 0.869559 0.0924685 0.0723557
0 0.805814 0.535702 0.0403724 0.0301683
0 0.43486 0.833745 0.0393816 0.0302697
0 0.474493 0.0403029 0.0359426 0.0276774
0 0.330493 0.896146 0.0376564 0.0279095
0 0.477413 0.727714 0.0325442 0.0250187
0 0.430241 0.583867 0.0833166 0.0638111
0 0.945803 0.835655 0.0374895 0.0281639
0 0.151563 0.490368 0.110444 0.0848584
0 0.802848 0.394003 0.0343402 0.0252077
0 0.169989 0.630025 0.0647781 0.0482421
0 0.765075 0.567406 0.0607877 0.0465987
0 0.633986 0.913412 0.035368 0.0259447
0 0.202969 0.682421 0.0678663 0.052784
0 0.215016 0.82855 0.0636406 0.0505085
0 0.338186 0.68134 0.0690481 0.0525987
0 0.850681 0.475422 0.0700674 0.0541125
0 0.551422 0.940944 0.0311098 0.0236261
0 0.800252 0.293678 0.0320156 0.0243475
0 0.859616 0.515634 0.0344837 0.0257541
0 0.565389 0.828189 0.0329352 0.0256016
0 0.560669 0.414994 0.0345945 0.0265683
0 0.983145 0.166075 0.0337014 0.0826475
0 0.59111 0.518187 0.0903482 0.0702918
0 0.0823731 0.0818842 0.0331386 0.0248299
0 0.0440881 0.0336616 0.0301961 0.0235662
0 0.495979 0.124269 0.0930492 0.068048
0 0.82926 0.62693 0.0585966 0.0432214
0 0.589417 0.760229 0.0313787 0.0231196
0 0.153246 0.66798 0.0297797 0.0228589
0 0.582947 0.367207 0.0331633 0.0259305
0 0.707796 0.0313945 0.0301555 0.0234031
0 0.512868 0.0152218 0.091402 0.0303495
0 0.843274 0.382751 0.0799086 0.0610261
0 0.684513 0.525279 0.137205 0.106731
0 0.567836 0.303712 0.0561057 0.0419849
0 0.363827 0.109557 0.0433856 0.0319913
0 0.753774 0.888611 0.0609384 0.046665
0 0.53036 0.795792 0.0436542 0.0322971
0 0.683167 0.502557 0.09307 0.0732211
0 0.979459 0.0162476 0.0401327 0.0313295
0 0.678126 0.0718345 0.0300088 0.0241704
0 0.973514 0.857519 0.0529716 0.116531
0 0.538372 0.218927 0.102634 0.0776012
0 0.295472 0.639246 0.0719582 0.0513341
0 0.0295786 0.486658 0.0322511 0.0240176
0 0.947182 0.732057 0.0379956 0.0288986
0 0.185245 0.563405 0.0317084 0.0249104
0 0.790789 0.869146 0.0319503 0.0245416
0 0.924061 0.0249894 0.0363687 0.0282774
0 0.666831 0.43462 0.0285409 0.0226271
0 0.0163522 0.389753 0.0284507 0.0221545
0 0.185883 0.972017 0.0294036 0.0225838
0 0.598974 0.0348195 0.0294631 0.0235999
0 0.963706 0.425554 0.0319488 0.0239934
0 0.67234 0.879395 0.0837617 0.0633261
0 0.242547 0.429029 0.0835709 0.0599078
0 0.0619841 0.274619 0.0306494 0.023566
0 0.736714 0.00927248 0.0306928 0.018545
