0 0.799027 0.439933 0.309918 0.298397
0 0.535729 0.137485 0.259575 0.2624
0 0.835643 0.884913 0.279919 0.230174
0 0.353105 0.424798 0.0994257 0.0974615
0 0.778064 0.720274 0.0895208 0.084037
0 0.591887 0.0482697 0.0815547 0.0785239
0 0.409838 0.109458 0.0799402 0.07776
0 0.374683 0.600111 0.351164 0.36112
0 0.779018 0.0957437 0.0936073 0.0904229
0 0.665609 0.258921 0.062927 0.0602573
0 0.68759 0.099766 0.0513968 0.0501513
0 0.148756 0.344956 0.0599812 0.0584177
0 0.433906 0.0549421 0.0409175 0.0401506
0 0.364811 0.286932 0.037292 0.0364127
0 0.171242 0.498917 0.058872 0.0559182
0 0.0822722 0.69972 0.0354032 0.0335631
0 0.404355 0.14712 0.0348136 0.0339049
0 0.874083 0.808566 0.0387251 0.0366152
0 0.456868 0.922376 0.0926502 0.0887051
0 0.186997 0.79808 0.0311429 0.029581
0 0.120503 0.540294 0.0343927 0.0333729
0 0.258013 0.0651763 0.0390289 0.0379811
0 0.975618 0.813028 0.0485478 0.0506948
0 0.25071 0.407824 0.0502326 0.0491016
0 0.312448 0.167769 0.0661743 0.0654537
0 0.11238 0.636267 0.0535242 0.0508491
0 0.161122 0.0587192 0.0444424 0.0428962
0 0.506789 0.82305 0.0333805 0.0319378
0 0.63514 0.808192 0.0420187 0.0395937
0 0.333182 0.0319737 0.0411464 0.0396614
0 0.127952 0.716985 0.0333804 0.0317817
0 0.123718 0.245898 0.0307616 0.0294803
0 0.963148 0.519213 0.0353436 0.0335716
0 0.276328 0.228635 0.0350182 0.034258
0 0.0914372 0.187897 0.182595 0.21878
0 0.135921 0.916875 0.040962 0.0381483
0 0.119549 0.394783 0.0340423 0.0329951
0 0.711763 0.136814 0.031176 0.0300835
0 0.248981 0.332928 0.189557 0.188849
0 0.153561 0.0186007 0.049757 0.0371265
0 0.363431 0.78877 0.248318 0.212014
0 0.819882 0.779179 0.0753266 0.0678716
0 0.677941 0.27252 0.178045 0.17776
0 0.778881 0.213751 0.0294674 0.0284235
0 0.403548 0.0235501 0.054746 0.0471001
0 0.55964 0.552263 0.0384364 0.0370095
0 0.171931 0.29357 0.0307807 0.0297936
0 0.913948 0.702162 0.172103 0.237329
0 0.125059 0.771997 0.0423676 0.0401367
0 0.0855065 0.196633 0.0240064 0.0233954
0 0.468458 0.00653035 0.0278011 0.0130164
0 0.681635 0.899809 0.0446832 0.0421014
0 0.522865 0.863739 0.116713 0.110932
0 0.172044 0.588287 0.0391582 0.0379379
0 0.197686 0.821876 0.132518 0.125529
0 0.194653 0.136667 0.0965526 0.0915191
0 0.46108 0.956083 0.0269152 0.0258492
0 0.0940092 0.576178 0.0243971 0.0231456
0 0.975243 0.458616 0.032343 0.0311376
0 0.0102951 0.321245 0.0205902 0.0370808
0 0.0375344 0.582281 0.0750689 0.347102
0 0.92108 0.099144 0.0267007 0.0253999
0 0.643621 0.724159 0.0363667 0.0346727
0 0.536988 0.784157 0.0719521 0.0661798
0 0.556083 0.31625 0.0682399 0.0670091
0 0.435289 0.438444 0.268371 0.272119
0 0.0360675 0.14451 0.0359637 0.0352653
0 0.240324 0.942447 0.0260727 0.0244516
0 0.710843 0.937798 0.369938 0.121063
0 0.19288 0.200086 0.028175 0.0261865
0 0.0763706 0.462697 0.04902 0.0481055
0 0.569939 0.00748455 0.0279212 0.0149129
0 0.815918 0.0131327 0.0598701 0.0262476
0 0.0125512 0.530488 0.0240398 0.02371
0 0.398712 0.26265 0.0330345 0.032345
