0 0.160523 0.395483 0.0598726 0.0575773
0 0.101946 0.464494 0.0516306 0.0492917
0 0.204904 0.601217 0.0630732 0.0616688
0 0.18742 0.264115 0.062967 0.060988
0 0.361967 0.551335 0.0368226 0.0353106
0 0.956907 0.14472 0.0407496 0.0383886
0 0.0105213 0.0942577 0.0209849 0.0251498
0 0.479718 0.989098 0.0290246 0.021805
0 0.444815 0.914584 0.0314825 0.0307956
0 0.172187 0.47964 0.0303432 0.0296136
0 0.151098 0.717167 0.0326867 0.0320618
0 0.61399 0.662266 0.0299956 0.0293905
0 0.211472 0.774572 0.0265553 0.0259906
0 0.794086 0.821188 0.0261983 0.0258547
0 0.226877 0.181702 0.0259388 0.0253334
0 0.125082 0.256301 0.0286545 0.0280164
0 0.132456 0.0620684 0.0265557 0.026297
0 0.67696 0.793997 0.0264099 0.0255435
0 0.382589 0.461724 0.0250401 0.0245035
0 0.358476 0.144982 0.0334143 0.0329043
0 0.170249 0.925071 0.0261914 0.0254924
0 0.262223 0.448066 0.0238497 0.0233653
0 0.298575 0.52024 0.0284889 0.028199
0 0.106773 0.123626 0.0271659 0.0266341
0 0.162151 0.242822 0.0265689 0.0259358
0 0.0551031 0.272039 0.0268519 0.0262105
0 0.203016 0.523891 0.0231276 0.0225968
0 0.0856585 0.121475 0.0240801 0.0234133
0 0.246289 0.483901 0.0483355 0.0467492
0 0.913773 0.223228 0.0309027 0.0294762
0 0.272425 0.163862 0.0234262 0.0232457
0 0.838075 0.959555 0.0238794 0.0235901
0 0.217432 0.937232 0.0238209 0.0237659
0 0.835083 0.874956 0.0229816 0.0221996
0 0.948343 0.71432 0.0236325 0.0232375
0 0.987646 0.178539 0.0238519 0.0226313
0 0.031884 0.659 0.0518408 0.0505981
0 0.238677 0.518702 0.0388581 0.0374749
0 0.263561 0.468451 0.0455064 0.0442384
0 0.333488 0.360109 0.0276434 0.0272371
0 0.303026 0.156339 0.0249457 0.0246911
0 0.0513685 0.710248 0.0222958 0.0220759
0 0.191885 0.30558 0.0306936 0.0297354
0 0.0910563 0.543483 0.025797 0.0253773
0 0.979491 0.796618 0.0225143 0.0219224
0 0.118123 0.0790761 0.0239802 0.0229568
0 0.946609 0.664328 0.0255791 0.0250332
