0 0.701972 0.633111 0.293978 0.31214
0 0.565742 0.94413 0.070172 0.0697947
0 0.141159 0.741076 0.0536756 0.0520718
0 0.831675 0.519386 0.255932 0.24922
0 0.43393 0.701885 0.0972947 0.098311
0 0.311994 0.179467 0.0666429 0.0640469
0 0.294464 0.0692568 0.0425897 0.0409468
0 0.932397 0.950168 0.0621408 0.0620956
0 0.536273 0.686338 0.0651608 0.06285
0 0.183547 0.311198 0.0552941 0.0535299
0 0.317676 0.45196 0.0540665 0.0523324
0 0.397857 0.0645421 0.0569195 0.0534802
0 0.785272 0.0795456 0.25816 0.158654
0 0.543163 0.630919 0.0642982 0.0620045
0 0.596953 0.532831 0.0546887 0.0525997
0 0.478041 0.938769 0.0418386 0.0408599
0 0.159171 0.113299 0.0297973 0.0286795
0 0.0249638 0.307068 0.0354478 0.0342515
0 0.133901 0.0267956 0.0620002 0.0529609
0 0.907536 0.913181 0.0237802 0.0237125
0 0.107581 0.767103 0.0332995 0.0323467
0 0.0594975 0.952677 0.044974 0.0420462
0 0.380252 0.190313 0.0389723 0.0384738
0 0.84083 0.846907 0.0502892 0.0493517
0 0.0792694 0.430665 0.104342 0.104262
0 0.253782 0.108124 0.035249 0.0340576
0 0.266007 0.78881 0.087837 0.0859625
0 0.468766 0.245353 0.0784707 0.0727005
0 0.0194405 0.468237 0.0388216 0.0500188
0 0.978771 0.975383 0.0418642 0.0428516
0 0.981075 0.882855 0.0362838 0.0357148
0 0.822688 0.178055 0.0496446 0.0486808
0 0.850704 0.139941 0.0646685 0.0630974
0 0.148459 0.239379 0.0490873 0.0491608
0 0.646915 0.449567 0.0378498 0.0369604
0 0.0819096 0.912041 0.0349459 0.0333759
0 0.600002 0.495884 0.0774925 0.0783129
0 0.952522 0.869665 0.0283365 0.0275888
0 0.0907778 0.53021 0.137648 0.134441
0 0.956803 0.768196 0.036231 0.0348918
0 0.722918 0.167607 0.0391235 0.0371105
0 0.745271 0.148592 0.0376004 0.0359245
0 0.43743 0.975217 0.038908 0.0375379
0 0.328964 0.240837 0.0540569 0.0527062
0 0.484691 0.769703 0.0714084 0.0714433
0 0.258695 0.0633142 0.0306978 0.0299415
0 0.227683 0.970267 0.0652338 0.0575109
0 0.645031 0.90006 0.033128 0.0326524
0 0.0619179 0.495418 0.0495934 0.0495239
0 0.430081 0.912256 0.0344795 0.0338814
0 0.00460391 0.807746 0.00920783 0.0346323
0 0.29605 0.0961351 0.0385056 0.0376189
0 0.546259 0.717663 0.0383248 0.0370242
0 0.544299 0.884824 0.0511014 0.0503396
0 0.10038 0.857034 0.0248505 0.0242379
0 0.273346 0.221808 0.0401887 0.0379324
0 0.277421 0.223319 0.0331305 0.0321725
0 0.295815 0.728428 0.0832233 0.0821366
0 0.538424 0.234056 0.0579992 0.0549397
0 0.854003 0.249594 0.101618 0.0974046
0 0.694842 0.115369 0.0442019 0.042316
0 0.0685013 0.1876 0.0239737 0.0236127
0 0.619898 0.138732 0.0814226 0.0779529
0 0.255833 0.879079 0.0546998 0.052133
