0 0.209184 0.642037 0.152242 0.151182
0 0.419741 0.13204 0.160481 0.155102
0 0.895274 0.0629026 0.0594595 0.05883
0 0.61405 0.375369 0.186239 0.173008
0 0.224569 0.0361012 0.0959183 0.0721995
0 0.864354 0.643524 0.121402 0.12039
0 0.974915 0.692751 0.0501696 0.0816369
0 0.238769 0.239436 0.229172 0.216999
0 0.286613 0.313191 0.0593611 0.0573057
0 0.36346 0.861169 0.0292469 0.0287717
0 0.621538 0.123907 0.0279784 0.0278086
0 0.823114 0.702808 0.0440938 0.0430953
0 0.948264 0.475967 0.041342 0.0407768
0 0.933628 0.868379 0.106529 0.106212
0 0.159205 0.800895 0.190177 0.195621
0 0.305273 0.586654 0.0412353 0.0404147
0 0.43411 0.243025 0.0257137 0.025584
0 0.475899 0.316268 0.185003 0.175839
0 0.306595 0.947851 0.028405 0.0279556
0 0.483375 0.209013 0.0382955 0.0376605
0 0.296979 0.095199 0.0308189 0.0294967
0 0.229253 0.164249 0.0307447 0.0295378
0 0.809411 0.195527 0.0311731 0.0305641
0 0.223191 0.197129 0.030916 0.0291646
0 0.559875 0.0648013 0.0296298 0.0287435
0 0.414096 0.522127 0.0602304 0.0585343
0 0.879883 0.835889 0.0251718 0.0250612
0 0.0616466 0.674643 0.0395295 0.0385468
0 0.101193 0.235977 0.0318933 0.0303281
0 0.811884 0.769636 0.0377149 0.0365787
0 0.864376 0.0962951 0.0357217 0.035429
0 0.843958 0.39973 0.0294265 0.0289164
0 0.418817 0.365715 0.257291 0.244644
0 0.839085 0.902134 0.0256515 0.025719
0 0.140979 0.334078 0.0343637 0.0319178
0 0.942715 0.76325 0.114558 0.217658
0 0.733643 0.166126 0.0388672 0.0378341
0 0.919329 0.57713 0.023731 0.023807
0 0.536386 0.6664 0.0450868 0.0438904
0 0.872311 0.157042 0.0506965 0.0489716
0 0.260239 0.565605 0.049931 0.0485881
0 0.799198 0.748693 0.0356277 0.0348953
0 0.850228 0.58773 0.0362447 0.0349517
0 0.0819117 0.692286 0.0331023 0.0316756
0 0.782857 0.117538 0.0411314 0.0401369
0 0.220161 0.125956 0.0369497 0.0341669
0 0.362964 0.288743 0.0510222 0.0489945
0 0.638804 0.471911 0.0261094 0.0254263
0 0.732015 0.0421001 0.0673635 0.0663714
0 0.872866 0.0294301 0.075669 0.058662
0 0.0673637 0.0336409 0.0258204 0.0245961
0 0.601682 0.184231 0.0345603 0.0345809
0 0.685554 0.526902 0.0265832 0.0255551
0 0.0831263 0.0934921 0.0333641 0.0310903
0 0.631376 0.575707 0.102638 0.0962753
0 0.870798 0.937466 0.0234299 0.0232394
0 0.353166 0.0591195 0.0557696 0.0524616
0 0.841792 0.980028 0.0227427 0.0226239
0 0.763711 0.994019 0.0443978 0.011963
0 0.474222 0.828315 0.0240119 0.0238724
0 0.0251582 0.520207 0.0318157 0.0309711
0 0.441193 0.338514 0.023418 0.0228524
0 0.202075 0.415998 0.0754093 0.0742315
0 0.163306 0.914099 0.326612 0.171518
0 0.0712275 0.324271 0.0292301 0.0282457
0 0.702557 0.474849 0.0386696 0.0376759
0 0.0659973 0.589192 0.0838855 0.0834951
0 0.940474 0.0156351 0.0643025 0.031208
0 0.359112 0.58746 0.113177 0.111057
0 0.508517 0.749513 0.0242565 0.0241909
0 0.714427 0.748773 0.0283065 0.0277654
0 0.43769 0.59455 0.0421885 0.0413146
0 0.437891 0.690292 0.036192 0.0350181
0 0.418873 0.0977971 0.0282461 0.027728
0 0.75424 0.916742 0.023448 0.0229397
0 0.7664 0.0681033 0.0331637 0.032361
0 0.659658 0.922811 0.0247254 0.0242586
0 0.505764 0.167512 0.0477159 0.0463556
0 0.21925 0.359994 0.0253898 0.0246839
0 0.520558 0.567519 0.215612 0.243551
0 0.567181 0.45364 0.0237143 0.0234905
0 0.510696 0.0647267 0.0646976 0.0642905
0 0.098055 0.543455 0.134929 0.137204
0 0.691117 0.0140274 0.0857866 0.0279994
0 0.883269 0.283085 0.0397399 0.0385656
0 0.77144 0.780912 0.457121 0.43696
0 0.801094 0.617024 0.0360855 0.0355847
0 0.986089 0.948655 0.0231075 0.0226852
0 0.803637 0.866908 0.0332191 0.0321911
0 0.733066 0.310319 0.0695788 0.0665909
0 0.631263 0.864786 0.055777 0.0541792
