0 0.0228953 0.735173 0.0457341 0.043982
0 0.372885 0.349587 0.0381128 0.0359915
0 0.276675 0.332365 0.0454183 0.042523
0 0.924672 0.961835 0.0309928 0.0300871
0 0.0381495 0.182656 0.0324986 0.0304751
0 0.65556 0.155843 0.0263312 0.0255599
0 0.0709959 0.272019 0.0274317 0.0254271
0 0.42098 0.666022 0.0265931 0.0255775
0 0.0237213 0.300586 0.0393078 0.0369878
0 0.287021 0.0853522 0.0304113 0.0290328
0 0.356318 0.22453 0.0284178 0.0272986
0 0.0336564 0.812727 0.0247811 0.02356
0 0.471993 0.264359 0.0342631 0.0322107
0 0.109156 0.319562 0.0266935 0.0249186
0 0.218871 0.0554969 0.0247338 0.0239271
0 0.126854 0.220885 0.031941 0.0304855
0 0.461889 0.250484 0.0276886 0.0267451
0 0.3074 0.918972 0.023537 0.0230718
0 0.497908 0.119875 0.0278055 0.0267563
0 0.041636 0.34243 0.0259319 0.0250205
0 0.284819 0.306865 0.0265305 0.0262858
0 0.302462 0.21665 0.0243819 0.0236846
0 0.419924 0.225343 0.0263981 0.0252264
0 0.279844 0.285567 0.0285188 0.0277224
0 0.70133 0.58158 0.0232447 0.0223997
0 0.148689 0.0789268 0.0242088 0.0233487
0 0.226073 0.118636 0.0236472 0.0225614
0 0.396066 0.078567 0.0240688 0.0232999
0 0.017114 0.142681 0.0298575 0.028218
0 0.384946 0.233314 0.0254781 0.0246065
0 0.435952 0.243493 0.0227788 0.0219709
0 0.228245 0.186422 0.0232629 0.022577
0 0.75127 0.625483 0.0279615 0.0265944
0 0.711065 0.766308 0.17212 0.158135
0 0.0211283 0.635234 0.0240669 0.0224121
0 0.377387 0.0970819 0.0226226 0.0217369
0 0.52259 0.0541761 0.0314271 0.0306743
