0 0.388099 0.782721 0.335362 0.28185
0 0.244399 0.162805 0.143399 0.124227
0 0.732997 0.50454 0.25575 0.223383
0 0.107815 0.875424 0.106911 0.0944473
0 0.587817 0.589304 0.110059 0.09231
0 0.354619 0.744803 0.0490214 0.0421083
0 0.0840952 0.507891 0.0497352 0.0437286
0 0.72482 0.139314 0.0742964 0.0630618
0 0.933509 0.0734616 0.111016 0.0951344
0 0.61073 0.031812 0.0470119 0.0401004
0 0.181761 0.917142 0.0963715 0.0842059
0 0.674055 0.80735 0.114139 0.101079
0 0.324 0.499956 0.0615202 0.053538
0 0.806629 0.888253 0.207511 0.175063
0 0.0727007 0.944529 0.0549185 0.0499325
0 0.409753 0.407955 0.18272 0.158082
0 0.973241 0.133874 0.0534694 0.124725
0 0.924752 0.645202 0.0525579 0.0455637
0 0.0736206 0.810143 0.0312762 0.0280497
0 0.288161 0.645 0.0430521 0.0372211
0 0.820452 0.95226 0.0334976 0.0303123
0 0.154792 0.99057 0.0525047 0.0188492
0 0.821991 0.254022 0.0272093 0.0238677
0 0.473903 0.638318 0.0356002 0.0299468
0 0.259241 0.587367 0.0360509 0.0307387
0 0.184524 0.823554 0.0740022 0.0648403
0 0.269021 0.409107 0.0356213 0.0323487
0 0.127806 0.122379 0.110778 0.0947897
0 0.86686 0.783222 0.0619383 0.0531668
0 0.161269 0.552836 0.0347892 0.0303861
0 0.12139 0.623799 0.241383 0.397764
0 0.763873 0.054606 0.0377651 0.0315181
0 0.0216921 0.0231763 0.0433662 0.0455759
0 0.173962 0.209322 0.347924 0.401526
0 0.931842 0.471408 0.0649376 0.0580192
0 0.819156 0.990148 0.0509793 0.0197037
0 0.442506 0.29009 0.0288007 0.0244744
0 0.0101769 0.641676 0.0203538 0.0977913
0 0.580935 0.472219 0.160052 0.131466
0 0.23389 0.554801 0.0439169 0.0381489
0 0.289676 0.261627 0.0801471 0.0670793
0 0.92648 0.318743 0.0360644 0.0299585
0 0.293677 0.372438 0.0607635 0.0534508
0 0.0316602 0.409327 0.0633204 0.0623907
0 0.805622 0.70196 0.030391 0.0268745
0 0.0118113 0.793958 0.0236225 0.113806
0 0.533076 0.678066 0.0530079 0.0434284
0 0.958806 0.375851 0.082346 0.170732
0 0.553889 0.0419381 0.0287828 0.0251542
0 0.596733 0.335524 0.0307848 0.0256296
0 0.893504 0.154706 0.114137 0.100074
0 0.924821 0.855194 0.0295441 0.0259215
0 0.782141 0.750725 0.117073 0.10463
0 0.641412 0.89221 0.0578704 0.0505608
0 0.908266 0.971999 0.104133 0.0560013
0 0.130312 0.97509 0.0370577 0.0337629
0 0.508689 0.200599 0.0374467 0.0312384
0 0.434291 0.840325 0.16266 0.135745
0 0.0758642 0.416441 0.0324587 0.0289342
0 0.470821 0.262426 0.0975485 0.0798667
0 0.970116 0.70374 0.0597672 0.068786
0 0.525967 0.0497055 0.0257494 0.0225098
0 0.253994 0.0173405 0.0447433 0.034176
0 0.0110005 0.201176 0.0220009 0.108837
0 0.931112 0.958865 0.136269 0.0822704
0 0.497386 0.439943 0.135275 0.116887
0 0.390692 0.551128 0.037408 0.0307837
0 0.641851 0.689209 0.0832534 0.0686601
