0 0.912464 0.237261 0.126906 0.0980284
0 0.597599 0.271225 0.0597889 0.0483896
0 0.368513 0.463185 0.0379063 0.0301689
0 0.228033 0.491211 0.0338552 0.0271347
0 0.363565 0.24406 0.0626014 0.0497722
0 0.933881 0.331053 0.0826832 0.0658083
0 0.868625 0.294797 0.104263 0.0839024
0 0.550498 0.194109 0.0375433 0.0297123
0 0.960675 0.849755 0.0786494 0.0801592
0 0.0732823 0.752638 0.0568693 0.0466302
0 0.0512405 0.179347 0.0570852 0.0435324
0 0.415406 0.19816 0.0448382 0.0360675
0 0.357631 0.556493 0.0305861 0.0244067
0 0.148334 0.638618 0.0339679 0.0266659
0 0.727381 0.700879 0.0284991 0.0232849
0 0.318822 0.315507 0.0817075 0.0647481
0 0.649283 0.158887 0.0320327 0.02556
0 0.270559 0.875017 0.541119 0.247279
0 0.225892 0.0869765 0.0911622 0.0723826
0 0.169414 0.230609 0.0598996 0.0471787
0 0.937893 0.972451 0.0764456 0.0546301
0 0.828501 0.268772 0.0296562 0.0235662
0 0.102932 0.0893304 0.0869775 0.0680469
0 0.285123 0.120093 0.0722395 0.0563093
0 0.204889 0.507211 0.0291938 0.0223539
0 0.398736 0.228397 0.032035 0.0268279
0 0.279177 0.391438 0.0797743 0.063503
0 0.620691 0.322333 0.0474245 0.0381732
0 0.33546 0.0051455 0.0293779 0.010284
0 0.942702 0.926868 0.0587646 0.0451504
0 0.307663 0.2463 0.0532606 0.0430025
0 0.967152 0.0229569 0.0565314 0.0437009
0 0.878866 0.985686 0.0839389 0.0286285
0 0.024178 0.782317 0.0482701 0.0596676
0 0.18672 0.865485 0.0243459 0.021008
0 0.569292 0.214414 0.0365141 0.0298042
0 0.243168 0.0305735 0.0832149 0.0609303
