0 0.583291 0.703344 0.15525 0.152063
0 0.463738 0.249488 0.0574326 0.0558525
0 0.745119 0.545232 0.0499958 0.0485264
0 0.687542 0.76923 0.0423598 0.0419152
0 0.325273 0.282546 0.0342869 0.0336072
0 0.740888 0.969502 0.069338 0.0609953
0 0.0505731 0.214738 0.0306369 0.0297425
0 0.752949 0.570395 0.0317376 0.0310688
0 0.674716 0.34388 0.0288887 0.0290766
0 0.347621 0.74512 0.0290827 0.028675
0 0.989004 0.821866 0.0219618 0.0332221
0 0.446068 0.087016 0.0294005 0.0288362
0 0.17538 0.114906 0.0420849 0.0407081
0 0.551303 0.91856 0.0277134 0.0272626
0 0.87592 0.861363 0.0277425 0.027241
0 0.890868 0.249665 0.0477826 0.0458235
0 0.461863 0.899557 0.0264853 0.0263019
0 0.4829 0.72572 0.0260746 0.025514
0 0.939141 0.621414 0.0265975 0.0262246
0 0.378508 0.276962 0.0259221 0.0254491
0 0.513501 0.0635751 0.0290338 0.0284277
0 0.566708 0.600081 0.0240993 0.0238607
0 0.311187 0.0964826 0.0234609 0.0228274
0 0.513012 0.753879 0.0266185 0.02635
0 0.389577 0.213425 0.024593 0.024183
0 0.651641 0.120478 0.0246725 0.0242227
0 0.961065 0.0112195 0.0237334 0.022439
0 0.294222 0.396036 0.0258321 0.0248225
0 0.0105207 0.723386 0.0210378 0.0294116
0 0.225669 0.414392 0.0249538 0.0240929
0 0.762627 0.234849 0.0242639 0.0237532
0 0.910237 0.104279 0.0616591 0.0606568
0 0.991514 0.990643 0.01688 0.0186701
0 0.184251 0.286571 0.0254561 0.0244684
0 0.773215 0.857157 0.0262704 0.0254239
0 0.271947 0.218334 0.0231324 0.0225232
0 0.300858 0.616632 0.024876 0.0236897
0 0.154626 0.0755113 0.0248747 0.0237662
0 0.959847 0.868189 0.0259931 0.0258574
0 0.206963 0.654491 0.0232389 0.0226072
0 0.224066 0.283503 0.0296834 0.0285884
0 0.273452 0.858735 0.0230842 0.022786
0 0.927928 0.849555 0.0235007 0.0232193
0 0.462906 0.990752 0.0242388 0.0184961
0 0.775744 0.301297 0.0481183 0.0463947
0 0.701866 0.920316 0.0291026 0.0287578
0 0.0686161 0.00679865 0.0241123 0.0135547
0 0.570662 0.398465 0.0224047 0.0222992
0 0.498338 0.202676 0.0220708 0.021863
0 0.367401 0.235109 0.0213561 0.0212207
0 0.221108 0.362831 0.104027 0.100437
0 0.641743 0.303149 0.0221207 0.021975
0 0.873542 0.991419 0.0236039 0.0171619
0 0.815264 0.545425 0.0255191 0.024826
0 0.383798 0.838034 0.0219753 0.0220082
