0 0.301528 0.377864 0.0598333 0.0507302
0 0.888409 0.286092 0.0448003 0.0397805
0 0.548358 0.598759 0.0589254 0.0513733
0 0.0924467 0.719709 0.0329975 0.0292592
0 0.917515 0.161437 0.0431173 0.036939
0 0.582359 0.0823251 0.0409708 0.0367471
0 0.563224 0.524241 0.0310161 0.0277412
0 0.592142 0.159448 0.0295386 0.0267613
0 0.113023 0.412704 0.026758 0.0240445
0 0.165055 0.711958 0.0278672 0.0244484
0 0.654305 0.766328 0.026558 0.0233505
0 0.544149 0.62271 0.0288967 0.0251652
0 0.658135 0.0386785 0.0345943 0.0307637
0 0.57318 0.550747 0.026737 0.0237262
0 0.354919 0.69249 0.0256665 0.023699
0 0.831573 0.290038 0.0265728 0.0239013
0 0.0658831 0.463664 0.0231512 0.0212493
0 0.813906 0.922035 0.0259393 0.0226762
0 0.220289 0.0258199 0.0228194 0.02104
0 0.751738 0.302588 0.0238935 0.0218942
0 0.497598 0.608947 0.0246484 0.0213375
