0 0.291134 0.359428 0.0524766 0.0504543
0 0.171701 0.158174 0.0521483 0.0509862
0 0.979289 0.9124 0.041422 0.0531191
0 0.865409 0.561755 0.0418632 0.0418377
0 0.570919 0.0193167 0.0352318 0.0346106
0 0.206024 0.936763 0.0365749 0.0363785
0 0.634453 0.898551 0.0345408 0.0338106
0 0.944355 0.00874273 0.0302763 0.0174855
0 0.877154 0.199787 0.025649 0.0250355
0 0.441033 0.558706 0.0295444 0.0285368
0 0.193926 0.663385 0.0341585 0.0335057
0 0.340332 0.0823129 0.0263149 0.0254244
0 0.563414 0.0452372 0.0291869 0.0285532
0 0.480618 0.137927 0.036309 0.0360463
0 0.99301 0.433295 0.0139801 0.0320642
0 0.0551303 0.373234 0.0321319 0.0311198
0 0.0127152 0.696858 0.0254303 0.0287976
0 0.771885 0.648732 0.0450334 0.0441041
0 0.115431 0.610735 0.0247674 0.0238032
0 0.214355 0.912489 0.0262135 0.0260089
0 0.622011 0.417291 0.0247445 0.0241124
0 0.229424 0.650061 0.0322614 0.0311758
0 0.850547 0.0780259 0.028327 0.0277685
0 0.0407995 0.91762 0.0246222 0.0238624
0 0.618709 0.390401 0.0250354 0.0245112
0 0.303643 0.135855 0.0244446 0.0235931
0 0.51957 0.448184 0.025736 0.0250715
0 0.40651 0.808991 0.0237404 0.0227901
0 0.129967 0.152219 0.0226611 0.0220976
0 0.171084 0.742704 0.0243109 0.0245221
0 0.599057 0.861284 0.0366373 0.0347433
0 0.218437 0.528151 0.0234775 0.0229037
0 0.861395 0.0994425 0.0266793 0.0263762
0 0.0969205 0.110536 0.0238675 0.0232139
0 0.606698 0.464173 0.0259857 0.0251568
0 0.707771 0.876756 0.0429311 0.0422809
0 0.572319 0.0729861 0.0236776 0.0228391
0 0.164848 0.387825 0.0222871 0.0220252
0 0.47371 0.194211 0.0225525 0.0222061
0 0.0571866 0.897178 0.0248472 0.0243667
0 0.595166 0.743078 0.0232564 0.0224788
0 0.630654 0.436253 0.0241921 0.0235791
0 0.365469 0.943961 0.0242164 0.0231682
0 0.153142 0.0500838 0.0232445 0.0227741
