0 0.184123 0.69681 0.337298 0.34192
0 0.73754 0.686772 0.0482118 0.0470815
0 0.700993 0.973273 0.0602935 0.053454
0 0.81845 0.863655 0.21452 0.199326
0 0.774613 0.155148 0.0428684 0.0420694
0 0.850899 0.148847 0.0336035 0.033275
0 0.138345 0.17614 0.0443073 0.0432207
0 0.0565701 0.466612 0.0469174 0.0455029
0 0.719951 0.450998 0.0261802 0.0256688
0 0.0840129 0.381625 0.0453549 0.0438412
0 0.727226 0.151255 0.0431445 0.0421878
0 0.844891 0.224778 0.0409669 0.0392781
0 0.279323 0.893034 0.0499107 0.0486287
0 0.708091 0.55394 0.0267407 0.0260718
0 0.28637 0.314406 0.177506 0.174558
0 0.851716 0.6607 0.0325505 0.031646
0 0.0241038 0.358279 0.0299271 0.0285555
0 0.646776 0.665092 0.0318398 0.0304947
0 0.266977 0.118064 0.417068 0.235455
0 0.664513 0.711624 0.0303417 0.0288201
0 0.229666 0.623451 0.0327037 0.0320794
0 0.104355 0.43187 0.0300295 0.029248
0 0.0882031 0.93679 0.0384207 0.0367188
0 0.896919 0.77583 0.0437677 0.0424356
0 0.860643 0.711768 0.0245978 0.0239851
0 0.0357125 0.192041 0.0714249 0.0860282
0 0.186183 0.341972 0.0258203 0.0249648
0 0.334762 0.472434 0.202349 0.201296
0 0.958393 0.720658 0.0253733 0.0246913
0 0.0424813 0.496939 0.03188 0.0314977
0 0.0274561 0.306328 0.0271368 0.0254982
0 0.987693 0.210032 0.0245388 0.0532753
0 0.810681 0.732613 0.0765183 0.0741472
0 0.65383 0.444997 0.026762 0.0259687
0 0.0854049 0.237154 0.0389616 0.0381324
0 0.00611933 0.982897 0.0122387 0.0263811
0 0.864137 0.872514 0.0266692 0.0252397
0 0.471275 0.893698 0.0614276 0.0568394
0 0.678645 0.902744 0.0528593 0.0492339
0 0.584406 0.224537 0.0239519 0.0236332
0 0.639472 0.994603 0.0420353 0.0107943
0 0.0430381 0.853595 0.0316141 0.0297546
0 0.0893918 0.176104 0.0462155 0.0447033
0 0.914496 0.715988 0.0326105 0.0311615
0 0.123585 0.96813 0.0323945 0.031081
0 0.180372 0.67372 0.0264368 0.0261676
0 0.639093 0.952407 0.0349574 0.0330817
0 0.158616 0.979091 0.0542464 0.0418184
0 0.00794554 0.379535 0.0158911 0.065482
0 0.0591754 0.306194 0.026691 0.0252749
0 0.46599 0.0936167 0.0234652 0.0232461
0 0.524419 0.651777 0.0623331 0.0601479
0 0.153132 0.921745 0.0347227 0.0331888
0 0.176403 0.275887 0.0241717 0.0236363
0 0.0645575 0.0828859 0.0289705 0.0281083
0 0.0651121 0.332119 0.0237407 0.0229153
0 0.71194 0.0684095 0.522085 0.136819
0 0.853089 0.316455 0.0270071 0.0267501
0 0.0138481 0.538131 0.0270087 0.0265255
0 0.109612 0.669814 0.0225202 0.0222452
0 0.305613 0.766687 0.0267279 0.0253301
0 0.260506 0.99183 0.0365831 0.0163403
0 0.243531 0.927763 0.0442886 0.0432934
0 0.973115 0.123484 0.028048 0.0271126
0 0.931715 0.690809 0.0286036 0.0276802
0 0.960049 0.441686 0.0235748 0.0229968
0 0.344067 0.246608 0.0510527 0.0491906
0 0.219411 0.745831 0.0499189 0.0476809
0 0.794435 0.648239 0.0363967 0.0355352
0 0.65014 0.751951 0.0313969 0.0303454
0 0.831791 0.731718 0.0323591 0.0314107
0 0.138885 0.0845262 0.190997 0.168241
0 0.809995 0.679992 0.0268539 0.0262034
0 0.0168649 0.873838 0.0336534 0.0488832
0 0.604602 0.948418 0.0286515 0.0270838
0 0.172772 0.585082 0.0396845 0.0388718
0 0.733528 0.0197167 0.0282063 0.0272954
0 0.127427 0.89628 0.0236942 0.0227998
