0 0.159074 0.385806 0.0426737 0.0415237
0 0.753597 0.733245 0.0392013 0.0382118
0 0.187325 0.404703 0.039064 0.0377034
0 0.781375 0.306556 0.041048 0.0398446
0 0.775639 0.376726 0.0369627 0.0363977
0 0.985898 0.631498 0.0280249 0.0454736
0 0.565067 0.072439 0.0327976 0.0321541
0 0.253116 0.791804 0.0284684 0.0280612
0 0.369768 0.174977 0.0357334 0.0344245
0 0.983088 0.812556 0.0338229 0.0406332
0 0.730956 0.382287 0.0343828 0.0336266
0 0.986968 0.597209 0.0259965 0.0316442
0 0.590547 0.761366 0.0256973 0.0249672
0 0.774854 0.17013 0.0358572 0.0352502
0 0.618749 0.46648 0.0274682 0.0270349
0 0.808483 0.537059 0.0288141 0.028235
0 0.745203 0.653635 0.0370352 0.0363789
0 0.120114 0.86197 0.162621 0.155762
0 0.968035 0.663114 0.0353392 0.0344657
0 0.794941 0.209298 0.0378478 0.0370729
0 0.166565 0.0454519 0.119975 0.0908669
0 0.982546 0.577745 0.0242139 0.0240145
0 0.101653 0.122169 0.0260451 0.0250365
0 0.340822 0.687352 0.0255589 0.025206
0 0.828121 0.502925 0.0239 0.02344
0 0.447555 0.336736 0.0246154 0.024169
0 0.962882 0.891805 0.024456 0.0243999
0 0.709255 0.576493 0.0250134 0.0246889
0 0.561066 0.15392 0.049597 0.0498977
0 0.818926 0.245186 0.0302012 0.0290564
0 0.0159871 0.459436 0.0319568 0.0494618
0 0.991089 0.737787 0.0177687 0.0321772
0 0.55085 0.186592 0.0508928 0.0516278
0 0.262601 0.572071 0.0237597 0.0229492
0 0.229606 0.549128 0.167233 0.169923
0 0.238834 0.786429 0.248313 0.233701
0 0.501647 0.518018 0.0528522 0.051712
0 0.67601 0.610005 0.0246201 0.0242753
0 0.191469 0.682835 0.163327 0.165265
0 0.858743 0.861317 0.0233057 0.0229402
0 0.956256 0.529489 0.0297323 0.0296141
0 0.596104 0.163008 0.0240369 0.0243022
0 0.981337 0.838549 0.0251718 0.02452
0 0.323143 0.274047 0.0389876 0.038528
0 0.431799 0.234621 0.0926077 0.0884448
0 0.837038 0.198177 0.0234385 0.0232563
0 0.989288 0.906037 0.0214241 0.0247125
0 0.992516 0.668367 0.0149677 0.0407839
0 0.78722 0.588436 0.0774765 0.0757903
0 0.719072 0.121091 0.0481789 0.0474154
0 0.510548 0.488903 0.0485895 0.0487118
0 0.439531 0.153668 0.0232824 0.0226173
0 0.084175 0.289634 0.0226053 0.0224683
0 0.910254 0.208936 0.0692878 0.0702888
0 0.526303 0.272892 0.11679 0.116575
