0 0.608828 0.664893 0.19122 0.180847
0 0.0590614 0.337676 0.118123 0.191997
0 0.504836 0.0934956 0.133434 0.126341
0 0.476375 0.757944 0.0943831 0.0885355
0 0.331636 0.542179 0.126655 0.116772
0 0.21981 0.873232 0.307021 0.253537
0 0.144978 0.258485 0.0416547 0.0404375
0 0.92196 0.500888 0.15608 0.168568
0 0.407712 0.185793 0.0645633 0.0605705
0 0.17169 0.298294 0.0632811 0.0617063
0 0.0549022 0.607372 0.041713 0.0380616
0 0.0865151 0.140971 0.0364938 0.0355362
0 0.01675 0.0449277 0.0335001 0.0898555
0 0.12317 0.745989 0.127081 0.112444
0 0.47416 0.563105 0.200793 0.188027
0 0.961421 0.115867 0.0328753 0.0303338
0 0.640017 0.251179 0.131096 0.122368
0 0.0836902 0.0384151 0.0392778 0.0383017
0 0.728233 0.477689 0.0502641 0.0457738
0 0.108703 0.733337 0.0460044 0.0417721
0 0.589215 0.374758 0.087184 0.0797907
0 0.642293 0.83069 0.0413344 0.0393832
0 0.164671 0.692161 0.0321816 0.0293907
0 0.634699 0.419251 0.0545254 0.0508686
0 0.889 0.40026 0.052175 0.0486522
0 0.0646437 0.764163 0.0350831 0.0309646
0 0.709692 0.875947 0.037706 0.0368142
0 0.835725 0.509492 0.0312352 0.0290976
0 0.139054 0.952917 0.0423185 0.0380483
0 0.533026 0.0895512 0.0290997 0.0273222
0 0.475915 0.174167 0.0465994 0.0435788
0 0.677731 0.314073 0.0793972 0.0740427
0 0.188986 0.150672 0.0532178 0.050836
0 0.825443 0.103026 0.0260914 0.0247271
0 0.438657 0.150584 0.0353495 0.0340955
0 0.0931246 0.0100102 0.0327245 0.0200177
0 0.959188 0.589142 0.0253087 0.0244784
0 0.0251628 0.751549 0.0269578 0.0248927
0 0.836685 0.388369 0.026625 0.0246215
0 0.268638 0.20099 0.0247963 0.0242269
0 0.342266 0.34483 0.0297676 0.0275468
0 0.985079 0.910102 0.0273347 0.0267692
0 0.852871 0.771666 0.0432042 0.0405153
0 0.237148 0.503814 0.035927 0.0335094
0 0.532261 0.781175 0.0259941 0.0250678
0 0.371043 0.403059 0.0377642 0.0367465
0 0.989124 0.400379 0.0217354 0.0375319
0 0.384349 0.958542 0.0624272 0.0574821
0 0.0359545 0.506164 0.0255673 0.0244847
0 0.442281 0.846677 0.0261775 0.0256124
0 0.975335 0.304794 0.0493309 0.124401
0 0.0142269 0.901701 0.0284251 0.137392
0 0.379434 0.771753 0.0976912 0.0894251
0 0.903962 0.82434 0.192075 0.35132
0 0.904165 0.0186062 0.0249916 0.023715
0 0.329344 0.0206528 0.0324974 0.031116
0 0.446394 0.409582 0.204086 0.180477
0 0.761456 0.909546 0.414774 0.17882
0 0.241829 0.0469297 0.0303477 0.0292775
0 0.254515 0.993432 0.0377711 0.0131359
0 0.486366 0.936734 0.037615 0.0359729
0 0.758033 0.49836 0.0242016 0.0230385
0 0.246872 0.336098 0.0292808 0.0277745
0 0.517937 0.368841 0.055859 0.0523989
0 0.74161 0.783535 0.022923 0.0223329
0 0.475734 0.991522 0.0341877 0.0169565
0 0.409637 0.881388 0.0243757 0.0230946
0 0.245582 0.189916 0.0529849 0.0519192
0 0.416677 0.836478 0.0371859 0.0352992
0 0.030825 0.836375 0.0400698 0.0354977
0 0.550335 0.929782 0.0295737 0.0278266
0 0.36521 0.950619 0.174864 0.098762
0 0.377818 0.320558 0.0296512 0.0282428
0 0.25203 0.99157 0.0437618 0.0168595
0 0.753953 0.321797 0.0419195 0.0392889
0 0.0545632 0.101589 0.0229863 0.0224133
0 0.444371 0.297319 0.0341694 0.0328014
0 0.555335 0.859859 0.0825341 0.0782989
0 0.60525 0.0118732 0.0569699 0.0237175
