0 0.0650486 0.0971296 0.0750499 0.0732567
0 0.65651 0.554618 0.0370738 0.035548
0 0.0527758 0.860869 0.0578435 0.0551579
0 0.131755 0.474514 0.0344245 0.0329471
0 0.192459 0.0603505 0.0312394 0.0305278
0 0.445341 0.470856 0.195193 0.191522
0 0.649109 0.123061 0.0404983 0.0396163
0 0.633184 0.952877 0.0262709 0.0260072
0 0.0219322 0.0215542 0.0438643 0.0431084
0 0.767973 0.653355 0.0269022 0.0253313
0 0.103932 0.721923 0.110502 0.101282
0 0.539203 0.778993 0.111176 0.107023
0 0.423925 0.865622 0.248775 0.243668
0 0.00987472 0.212811 0.0197494 0.0484152
0 0.950673 0.0146176 0.0288931 0.0277251
0 0.0980962 0.745328 0.0269155 0.0252931
0 0.0354522 0.811712 0.0458825 0.0425556
0 0.99103 0.418343 0.0179404 0.0246645
0 0.369791 0.96571 0.0240273 0.0238443
0 0.903277 0.649438 0.0252322 0.0240065
0 0.139453 0.154259 0.0277408 0.0273459
0 0.0855904 0.139463 0.0239451 0.0238239
0 0.0979774 0.812848 0.036672 0.0354297
0 0.00932216 0.591325 0.0186407 0.025316
0 0.628602 0.320196 0.111728 0.102685
0 0.00594142 0.371752 0.0118828 0.0238024
0 0.625953 0.200036 0.0232189 0.0231678
0 0.102821 0.856826 0.0371594 0.0355696
0 0.639375 0.0569541 0.0782998 0.0764187
0 0.977897 0.511117 0.0241013 0.0236967
0 0.0887468 0.0295545 0.0261788 0.0263209
0 0.324391 0.979099 0.0542247 0.0418015
0 0.199567 0.471731 0.0283985 0.026384
0 0.837703 0.394525 0.0233072 0.022609
0 0.759183 0.457818 0.0311902 0.0298354
0 0.314944 0.0929812 0.0666549 0.0664307
0 0.86243 0.109573 0.0254852 0.0252527
0 0.579454 0.442001 0.0258306 0.0245801
0 0.104199 0.325457 0.0265083 0.0254715
