0 0.0344916 0.30116 0.068038 0.0687964
0 0.236513 0.677678 0.0496889 0.048569
0 0.167796 0.297282 0.0483486 0.047956
0 0.539335 0.212248 0.0356393 0.0345911
0 0.354328 0.947928 0.0363399 0.0343454
0 0.634931 0.278784 0.0349982 0.0340084
0 0.593569 0.303864 0.0746855 0.0731469
0 0.990859 0.948603 0.0182824 0.0424309
0 0.49416 0.71675 0.0410995 0.0393878
0 0.14502 0.620047 0.0342416 0.0335514
0 0.694248 0.674523 0.0832666 0.0790043
0 0.272375 0.211239 0.025822 0.0250132
0 0.156115 0.938199 0.0303998 0.0287603
0 0.272125 0.887362 0.0619416 0.0584308
0 0.275201 0.048895 0.0268949 0.0264038
0 0.430509 0.612962 0.051739 0.0504894
0 0.463182 0.540478 0.0497814 0.0483038
0 0.35974 0.703871 0.0279826 0.0271292
0 0.216913 0.570987 0.0318959 0.031333
0 0.756912 0.682361 0.0338604 0.032306
0 0.740204 0.613179 0.0946719 0.0893574
0 0.128606 0.489963 0.0311543 0.0299735
0 0.711646 0.549699 0.0488679 0.0467447
0 0.332686 0.664864 0.0247465 0.0242527
0 0.460649 0.37654 0.0252536 0.0246046
0 0.0777078 0.679186 0.0235685 0.0228143
0 0.530181 0.796323 0.0287032 0.02831
0 0.895375 0.886802 0.0239472 0.0227208
0 0.32725 0.722615 0.0334277 0.0324578
0 0.0440332 0.428239 0.0636842 0.0619925
0 0.716556 0.961086 0.0295384 0.0285323
0 0.467771 0.166776 0.0255644 0.0247341
0 0.814599 0.801221 0.0246601 0.0238671
0 0.343563 0.586282 0.0245069 0.0237993
0 0.790086 0.0878785 0.0466642 0.0443277
0 0.495032 0.492512 0.028866 0.027178
0 0.388298 0.0163918 0.0545804 0.0326812
0 0.78427 0.564489 0.0271617 0.0257419
0 0.287815 0.539753 0.0231327 0.0225793
0 0.65534 0.490225 0.0390971 0.0376572
0 0.385291 0.685309 0.0449143 0.043997
