0 0.102269 0.0929683 0.0363832 0.0343519
0 0.385652 0.0175494 0.0446956 0.0349874
0 0.432651 0.52288 0.0537954 0.0488153
0 0.92301 0.316952 0.153255 0.309872
0 0.899214 0.96845 0.036192 0.034059
0 0.972967 0.272982 0.0314236 0.0293173
0 0.200209 0.246294 0.0279866 0.0275008
0 0.239986 0.318698 0.0265334 0.0260386
0 0.596678 0.927767 0.0567143 0.0531434
0 0.774072 0.869171 0.115633 0.105474
0 0.385063 0.299166 0.0426207 0.0392932
0 0.0359961 0.815794 0.0360123 0.0312724
0 0.743699 0.765344 0.105412 0.0953409
0 0.579013 0.867103 0.0737356 0.0664274
0 0.255713 0.00503992 0.0274174 0.0100798
0 0.779967 0.333268 0.0245118 0.0232342
0 0.554455 0.822484 0.0305471 0.0277746
0 0.924932 0.664463 0.115951 0.106511
0 0.298137 0.0503777 0.0249199 0.0241432
0 0.692901 0.456713 0.571262 0.483493
0 0.815519 0.995124 0.0303142 0.00975189
0 0.0454264 0.0641033 0.0318614 0.0300563
0 0.00383014 0.0795665 0.00766028 0.0375297
0 0.474225 0.712963 0.0445422 0.0422646
0 0.966962 0.0853136 0.042073 0.0394098
0 0.56526 0.715 0.0258526 0.0246415
0 0.657201 0.923525 0.0576102 0.0514822
0 0.355452 0.151221 0.0219516 0.0214751
0 0.675993 0.0279821 0.0488482 0.0476675
0 0.222785 0.898611 0.341342 0.202376
0 0.411434 0.749293 0.0418111 0.0383798
0 0.089752 0.344341 0.0517616 0.0515424
0 0.216259 0.379401 0.0391377 0.0383524
0 0.926974 0.0335327 0.0279186 0.026836
0 0.300072 0.245586 0.0217713 0.0215578
0 0.729627 0.075941 0.0325782 0.0314209
0 0.555633 0.0398117 0.0633941 0.059789
0 0.440711 0.204142 0.0314532 0.030033
0 0.00606286 0.599277 0.0121257 0.0324044
0 0.933907 0.837577 0.0223705 0.0223383
