0 0.706175 0.69479 0.119346 0.0967441
0 0.474414 0.226161 0.0864826 0.0696586
0 0.631067 0.325976 0.0684061 0.0562995
0 0.476525 0.389656 0.0804343 0.0651944
0 0.0738776 0.0620148 0.0488998 0.0407082
0 0.192678 0.0166822 0.0736472 0.0332529
0 0.168033 0.611067 0.0495888 0.0390365
0 0.732248 0.29478 0.0460463 0.0376377
0 0.531836 0.12934 0.0631553 0.051267
0 0.815813 0.450083 0.247809 0.206603
0 0.421939 0.206937 0.0449687 0.0365531
0 0.362083 0.179317 0.0359504 0.0291025
0 0.489586 0.142325 0.0510435 0.040605
0 0.845567 0.906531 0.0439822 0.0373376
0 0.713774 0.0209442 0.0405696 0.032968
0 0.458976 0.511015 0.0351283 0.0293569
0 0.636517 0.262483 0.0394036 0.0313175
0 0.787062 0.801021 0.0438538 0.0372591
0 0.452772 0.0410944 0.0653822 0.052783
0 0.269322 0.544348 0.0335982 0.0277083
0 0.760392 0.882186 0.0534515 0.0444236
0 0.573126 0.417838 0.0564492 0.0470355
0 0.986118 0.110396 0.0277181 0.0661601
0 0.900513 0.461973 0.0877862 0.0719929
0 0.38702 0.483582 0.0291342 0.0245964
0 0.49691 0.105575 0.0383028 0.0288753
0 0.330002 0.197886 0.0337452 0.0270712
0 0.394901 0.0934137 0.0523569 0.0412943
0 0.819139 0.601085 0.031132 0.0257898
0 0.142197 0.775589 0.0374133 0.030602
0 0.936351 0.612742 0.046958 0.0387241
0 0.566482 0.890569 0.0384843 0.031614
0 0.164639 0.511117 0.0340224 0.02656
0 0.64733 0.789333 0.0296327 0.024813
0 0.941018 0.386875 0.117713 0.126383
0 0.398796 0.0424213 0.0562219 0.0441455
0 0.0579501 0.10606 0.0291705 0.0243769
0 0.0567719 0.831511 0.0789636 0.0659866
0 0.971007 0.00651295 0.0269563 0.0130122
0 0.268029 0.725792 0.0308362 0.0247444
0 0.63978 0.730324 0.0321868 0.0254313
0 0.0250382 0.947364 0.0303881 0.0246447
0 0.737237 0.842615 0.0338872 0.0289316
0 0.390651 0.961412 0.0355696 0.0293473
0 0.149969 0.12777 0.0325079 0.0266864
0 0.310573 0.583425 0.0327196 0.0269797
0 0.178538 0.112778 0.0278131 0.0230063
0 0.536913 0.897584 0.0402522 0.0329811
0 0.906349 0.0459143 0.0333284 0.0289281
0 0.824323 0.806543 0.0269823 0.0231995
0 0.947758 0.248668 0.0398507 0.0337737
0 0.476752 0.843933 0.0354252 0.0292837
0 0.528954 0.587642 0.032814 0.0267033
0 0.507376 0.606703 0.0888063 0.0733342
0 0.106714 0.682829 0.0360457 0.0287201
0 0.482251 0.0815734 0.0404025 0.0326236
0 0.371143 0.644066 0.0278174 0.02336
0 0.36571 0.908945 0.036889 0.0304541
0 0.835546 0.782357 0.0348778 0.0300677
0 0.355222 0.52849 0.0271207 0.0228167
0 0.315576 0.496324 0.0303814 0.0253642
0 0.695374 0.501203 0.0442772 0.0354325
0 0.843447 0.515515 0.0300928 0.0250866
0 0.774782 0.00825738 0.0397735 0.0165148
0 0.0437873 0.622771 0.0265864 0.0220692
0 0.742236 0.42163 0.0283474 0.0235926
0 0.313469 0.527256 0.0273063 0.0224179
0 0.529549 0.388074 0.0329796 0.0277853
0 0.711185 0.182694 0.0814849 0.0677533
0 0.866952 0.232867 0.0518635 0.0426241
0 0.434001 0.0875609 0.0287922 0.0236306
0 0.451771 0.136052 0.0300907 0.0240602
0 0.545362 0.180843 0.0262735 0.0216094
