0 0.144868 0.503957 0.0669942 0.0656346
0 0.0330874 0.476558 0.0661548 0.0875896
0 0.133753 0.389396 0.0694974 0.0690562
0 0.735151 0.580368 0.0448456 0.0432285
0 0.968449 0.7707 0.033456 0.0322833
0 0.158277 0.156859 0.029975 0.0288904
0 0.22614 0.520771 0.0295426 0.0288041
0 0.57874 0.182445 0.0310447 0.0303899
0 0.230686 0.562763 0.02813 0.0276122
0 0.020832 0.600159 0.0416361 0.0676864
0 0.919745 0.410775 0.0261989 0.025725
0 0.413937 0.147529 0.0273992 0.0268162
0 0.204897 0.433007 0.0250982 0.0244817
0 0.6897 0.6204 0.0241939 0.0233834
0 0.35816 0.455183 0.0256254 0.0249325
0 0.209596 0.612348 0.0293768 0.0274434
0 0.923062 0.38479 0.0247392 0.023818
0 0.439865 0.403054 0.0268021 0.0260486
0 0.475641 0.191724 0.0256424 0.0251961
0 0.0830624 0.631809 0.024363 0.0235901
0 0.0314907 0.303014 0.0328546 0.0316249
0 0.0636449 0.0215018 0.0576042 0.0429061
0 0.977371 0.388868 0.0225528 0.022141
0 0.238308 0.183408 0.0237002 0.0231342
0 0.273216 0.416658 0.0234339 0.022679
0 0.0373365 0.0696639 0.0296222 0.0291525
0 0.559399 0.102611 0.0232592 0.0232699
0 0.386383 0.197126 0.0244828 0.0244034
0 0.988788 0.34354 0.0220017 0.0226995
0 0.0901349 0.42679 0.0441433 0.0436654
0 0.0652284 0.0501437 0.0261718 0.0256359
0 0.0465041 0.724362 0.0231169 0.0224535
