0 0.156077 0.358199 0.0942745 0.0892207
0 0.613713 0.127544 0.284953 0.246481
0 0.649858 0.281302 0.0775989 0.0702123
0 0.357512 0.32512 0.0990366 0.0924639
0 0.464672 0.615217 0.0570407 0.0549182
0 0.171701 0.23476 0.0811472 0.0763735
0 0.94982 0.295065 0.0986593 0.0912706
0 0.721864 0.966609 0.065824 0.0644574
0 0.0839163 0.0834798 0.167577 0.16696
0 0.0290008 0.494683 0.0579444 0.0673634
0 0.632474 0.450952 0.386232 0.348973
0 0.120576 0.942008 0.0400938 0.0379743
0 0.295199 0.212521 0.157007 0.148258
0 0.523198 0.752583 0.0370404 0.0367246
0 0.237469 0.41552 0.0693388 0.0654865
0 0.101001 0.281564 0.0766111 0.0731629
0 0.762877 0.721854 0.473398 0.538867
0 0.331173 0.193061 0.0320878 0.0308246
0 0.773294 0.0257515 0.0580776 0.0513451
0 0.573803 0.98137 0.0729384 0.0372592
0 0.373566 0.0161245 0.0475506 0.0321233
0 0.0942769 0.691052 0.0419741 0.0400235
0 0.0995326 0.753021 0.0378944 0.0361671
0 0.302109 0.273818 0.0459613 0.044567
0 0.257189 0.754291 0.0370294 0.0363069
0 0.409818 0.472168 0.0392473 0.0376209
0 0.52757 0.882784 0.0287976 0.0286258
0 0.388328 0.12686 0.064494 0.0628446
0 0.312773 0.0314498 0.0363638 0.0356554
0 0.134889 0.644414 0.0391625 0.0375565
0 0.823131 0.314767 0.0570245 0.0533278
0 0.406379 0.60508 0.0289111 0.0282315
0 0.174319 0.850032 0.0286839 0.0275148
0 0.315674 0.781617 0.0337925 0.0333323
0 0.936839 0.858594 0.0383768 0.0376368
0 0.841886 0.21613 0.0269449 0.0253182
0 0.87781 0.781594 0.0644226 0.0626824
0 0.168176 0.909534 0.058858 0.054426
0 0.0555925 0.868378 0.065645 0.0623708
0 0.935489 0.0457756 0.0873103 0.0813039
0 0.396651 0.918011 0.0277545 0.0271358
0 0.569542 0.23891 0.0411987 0.0392118
0 0.429194 0.0937418 0.0385743 0.0368444
0 0.193129 0.106317 0.0427162 0.0409415
0 0.210776 0.742323 0.0263434 0.0260217
0 0.811958 0.593466 0.0453613 0.0419579
0 0.318775 0.588192 0.045776 0.0437478
0 0.410668 0.878727 0.259962 0.242546
0 0.22488 0.147355 0.0483135 0.0459309
0 0.370508 0.863674 0.0306561 0.0300024
0 0.203185 0.609761 0.0295988 0.0291178
0 0.158087 0.781692 0.0273305 0.0263023
0 0.921838 0.985523 0.0550362 0.0289547
0 0.7967 0.270784 0.0259998 0.0245804
0 0.395448 0.384477 0.0513084 0.0495209
0 0.830849 0.270541 0.0389218 0.035877
0 0.847229 0.131839 0.0707531 0.0660199
0 0.0121028 0.305476 0.0240635 0.0287303
0 0.639789 0.0123222 0.034279 0.0246076
0 0.966506 0.452209 0.0567905 0.0511216
0 0.793247 0.114968 0.0507107 0.0474712
0 0.503608 0.777347 0.0278793 0.0270968
0 0.160772 0.531095 0.0377676 0.0369183
0 0.428204 0.504805 0.0403377 0.039202
0 0.42965 0.134869 0.0244632 0.0234266
0 0.423999 0.548297 0.0379527 0.0367815
0 0.0388578 0.961967 0.0620778 0.0593185
0 0.889409 0.086396 0.0430024 0.0405923
0 0.0150561 0.591672 0.0300724 0.0380391
0 0.196144 0.307957 0.0309275 0.0290405
0 0.118472 0.722688 0.0290404 0.0282032
0 0.0415612 0.400945 0.0242753 0.023458
0 0.697605 0.748079 0.0250127 0.0247874
0 0.883161 0.318757 0.0461795 0.0433324
0 0.830689 0.362106 0.0334978 0.0313308
0 0.183565 0.979999 0.0239466 0.023124
0 0.157787 0.290251 0.0542739 0.0501165
0 0.520959 0.979661 0.0441735 0.03967
0 0.768966 0.959934 0.0340368 0.0336906
0 0.47333 0.039195 0.110959 0.0782038
0 0.219828 0.677943 0.0268353 0.0261523
0 0.34058 0.0549988 0.0345487 0.0341443
0 0.15807 0.95383 0.03555 0.0341719
0 0.418969 0.569656 0.0325239 0.0316672
0 0.696134 0.808956 0.0293722 0.0286304
0 0.601422 0.463735 0.0818689 0.0781544
0 0.202467 0.639225 0.030466 0.0300539
0 0.348107 0.541812 0.0364934 0.0345168
0 0.0106913 0.874443 0.0213827 0.0669109
0 0.109526 0.827414 0.0270844 0.0262432
0 0.198959 0.0739189 0.0234798 0.0228146
0 0.432644 0.969734 0.0665482 0.0599766
0 0.350459 0.379904 0.0337408 0.0322418
0 0.336924 0.111785 0.0339789 0.0331728
0 0.0123847 0.687152 0.0247693 0.0435678
0 0.909808 0.364495 0.032792 0.0308524
0 0.0418851 0.969037 0.0837702 0.0619261
0 0.929092 0.931667 0.0745167 0.0724278
0 0.942657 0.1297 0.0630139 0.0579577
0 0.113155 0.616895 0.0242354 0.023773
0 0.488926 0.658469 0.0232762 0.0231254
0 0.805758 0.197016 0.0355015 0.0335561
0 0.207484 0.562649 0.0712862 0.0677195
0 0.088742 0.565263 0.0247802 0.0242064
0 0.943945 0.184021 0.0250486 0.0233886
0 0.464042 0.493594 0.0365034 0.034938
0 0.359721 0.575748 0.0232777 0.0224584
0 0.370157 0.0464201 0.0371873 0.0356813
0 0.114239 0.181269 0.0326904 0.0308563
