0 0.25704 0.799146 0.281937 0.280261
0 0.606119 0.216783 0.257251 0.23991
0 0.837648 0.217228 0.144851 0.144974
0 0.752053 0.706511 0.102391 0.099664
0 0.303535 0.333626 0.14136 0.135556
0 0.909057 0.47842 0.0413299 0.0401067
0 0.793403 0.327787 0.0347344 0.0336573
0 0.966398 0.744688 0.0318513 0.0313469
0 0.409364 0.141599 0.0763436 0.0715276
0 0.542295 0.984927 0.0401344 0.0300867
0 0.49904 0.728829 0.0407032 0.0392637
0 0.914198 0.569012 0.0335642 0.0328937
0 0.739499 0.0121553 0.0283175 0.0242895
0 0.089151 0.4582 0.0289526 0.0278692
0 0.912372 0.273228 0.0334913 0.0327632
0 0.433127 0.0538965 0.278222 0.107793
0 0.533023 0.946132 0.0302303 0.0297286
0 0.630198 0.0934545 0.0421078 0.0389448
0 0.319868 0.329419 0.0317074 0.0306238
0 0.819242 0.339269 0.0270472 0.0267081
0 0.539577 0.381435 0.0413775 0.0399077
0 0.646175 0.532382 0.0333459 0.0319271
0 0.909591 0.0210419 0.0267881 0.0263247
0 0.8606 0.343582 0.0288183 0.0277421
0 0.18883 0.894803 0.0285943 0.0279541
0 0.642506 0.248083 0.0349298 0.0340401
0 0.65473 0.723864 0.10206 0.0977843
0 0.924449 0.120486 0.0263699 0.0257721
0 0.887136 0.632276 0.0262417 0.025732
0 0.869152 0.323158 0.0310439 0.0300447
0 0.979488 0.00977169 0.032793 0.0194761
0 0.953423 0.13108 0.0268425 0.0261004
0 0.833548 0.374541 0.0237345 0.0231224
0 0.280591 0.951309 0.0260559 0.0254053
0 0.859299 0.402473 0.0236031 0.0231894
0 0.703572 0.892596 0.0236299 0.022879
0 0.161976 0.668322 0.151305 0.14414
0 0.655678 0.596848 0.0234475 0.0233636
0 0.126178 0.413271 0.0235653 0.0229713
0 0.8078 0.123996 0.0284554 0.0274168
0 0.702035 0.443089 0.0235074 0.0230902
0 0.783567 0.592904 0.105386 0.10163
0 0.815378 0.426393 0.124261 0.119341
0 0.798458 0.352381 0.0252896 0.0244964
0 0.871807 0.484168 0.0296913 0.0295727
0 0.520751 0.490642 0.0240955 0.0238298
0 0.686663 0.631215 0.109043 0.10753
0 0.36045 0.409365 0.123269 0.116593
0 0.316947 0.240337 0.03762 0.0355881
0 0.518039 0.343862 0.0266517 0.0260013
0 0.0513374 0.588223 0.02277 0.022258
0 0.887321 0.423187 0.0531647 0.0508869
0 0.21834 0.847357 0.0230507 0.0226012
0 0.868684 0.835123 0.0971745 0.0912583
0 0.349417 0.242476 0.0297037 0.0292301
0 0.357397 0.257948 0.0449758 0.0444853
0 0.305038 0.96422 0.0289251 0.0279063
0 0.830566 0.137982 0.0256439 0.0252103
0 0.754769 0.147736 0.0541919 0.0524093
0 0.923292 0.901137 0.0498384 0.0470311
0 0.754022 0.760716 0.0231015 0.0220345
0 0.17992 0.71319 0.0217974 0.0217905
0 0.0800582 0.83211 0.159265 0.277509
