0 0.127042 0.76748 0.0457786 0.0426915
0 0.0409548 0.186944 0.0482767 0.0461026
0 0.311825 0.619799 0.0426358 0.039774
0 0.395922 0.592512 0.0382979 0.0354948
0 0.589987 0.973533 0.03864 0.0368684
0 0.648238 0.312512 0.0305967 0.0286271
0 0.189672 0.698741 0.0356203 0.033946
0 0.0830309 0.587677 0.0278392 0.0261925
0 0.776816 0.0444346 0.0345035 0.033516
0 0.209626 0.506254 0.0342127 0.0313273
0 0.597195 0.331394 0.0391798 0.0348438
0 0.180781 0.152697 0.361562 0.304794
0 0.426004 0.0776595 0.0280747 0.0259907
0 0.821851 0.349377 0.0251387 0.0240086
0 0.934151 0.86083 0.024416 0.024007
0 0.410501 0.79654 0.0254413 0.0242489
0 0.554841 0.267391 0.150213 0.138688
0 0.596583 0.242916 0.0276067 0.0249422
0 0.722377 0.807556 0.0250432 0.025085
0 0.845257 0.174656 0.027319 0.0258038
0 0.0247225 0.137325 0.0494449 0.0576588
0 0.802249 0.0532989 0.0251093 0.024308
0 0.111238 0.826312 0.0236683 0.0222157
0 0.391787 0.416931 0.0249509 0.0231895
0 0.856104 0.387821 0.0248461 0.0240521
0 0.544601 0.317853 0.0238361 0.0224092
0 0.833647 0.448541 0.0264219 0.0255428
0 0.0115076 0.688626 0.0225182 0.0223787
0 0.228889 0.359522 0.12438 0.116665
