0 0.151567 0.672292 0.144686 0.138045
0 0.529047 0.635352 0.0571899 0.0527798
0 0.53876 0.0738193 0.0797707 0.0756777
0 0.0387653 0.362089 0.0773519 0.106559
0 0.188561 0.427369 0.0376718 0.0354892
0 0.693869 0.285349 0.0358043 0.0335146
0 0.961658 0.187694 0.0480636 0.0464232
0 0.660188 0.914409 0.0357904 0.0339311
0 0.71637 0.872513 0.0472211 0.0452002
0 0.221986 0.385405 0.0724802 0.0678939
0 0.960037 0.387968 0.0306226 0.0284241
0 0.66784 0.216353 0.047313 0.0450384
0 0.892014 0.950875 0.0306968 0.0290998
0 0.806906 0.437937 0.0368298 0.0341972
0 0.874536 0.824392 0.0835615 0.0805516
0 0.650846 0.948166 0.0332266 0.0310931
0 0.277136 0.354993 0.0273111 0.0259042
0 0.866799 0.436957 0.0254075 0.0241694
0 0.886577 0.0674117 0.0418246 0.0398793
0 0.80748 0.666891 0.0825412 0.0786244
0 0.943632 0.811961 0.027899 0.0267622
0 0.990167 0.914546 0.019653 0.0266967
0 0.4931 0.0903537 0.0296815 0.0284103
0 0.0743566 0.503146 0.0287519 0.0265921
0 0.333065 0.0181942 0.0312318 0.0298425
0 0.146767 0.0485782 0.0247011 0.0232128
0 0.138957 0.192063 0.0288403 0.0274088
0 0.865955 0.763986 0.0309108 0.0297935
0 0.0190531 0.893315 0.0381063 0.21337
0 0.859962 0.92295 0.0465746 0.0429782
0 0.0382899 0.234259 0.0765797 0.0899875
0 0.286324 0.937193 0.0244952 0.0236758
0 0.172296 0.468144 0.0591512 0.0550271
0 0.318194 0.278148 0.0246421 0.0235392
0 0.0282292 0.482099 0.0561827 0.0710753
0 0.702976 0.0404847 0.025672 0.0240842
0 0.167288 0.30591 0.0264308 0.0257239
0 0.920005 0.509458 0.0430646 0.0405728
0 0.154443 0.294159 0.0244112 0.0230025
0 0.843733 0.268945 0.0418973 0.039056
0 0.328942 0.332686 0.0227941 0.0220261
0 0.955266 0.578919 0.0350294 0.0328383
0 0.590702 0.167952 0.0241251 0.0230918
0 0.765387 0.324947 0.0260517 0.0246734
0 0.0184832 0.85043 0.0369663 0.0884538
0 0.992187 0.805185 0.0156265 0.0275702
