0 0.328238 0.78342 0.0449639 0.0383642
0 0.104843 0.436832 0.0411505 0.0355161
0 0.109711 0.758866 0.0416363 0.0344985
0 0.013923 0.849283 0.027846 0.0412869
0 0.0807332 0.656936 0.0331491 0.0283749
0 0.738678 0.618537 0.0340303 0.0272822
0 0.868349 0.690627 0.0297292 0.0243491
0 0.909966 0.687998 0.036501 0.0296583
0 0.229187 0.58448 0.0324179 0.0279212
0 0.56111 0.400879 0.0385234 0.032706
0 0.0240253 0.0357792 0.0293552 0.0242859
0 0.835638 0.314554 0.0344826 0.0289839
0 0.0329761 0.833138 0.0288131 0.0236897
0 0.23518 0.464568 0.0277765 0.0238851
0 0.961772 0.216432 0.0264576 0.0228278
0 0.0708655 0.794985 0.0317072 0.0257802
0 0.367617 0.730677 0.0262721 0.0234504
0 0.563659 0.0100011 0.02679 0.0199606
0 0.990224 0.262855 0.0195513 0.023731
0 0.941302 0.281786 0.0274213 0.0232291
0 0.0593617 0.823996 0.0265593 0.0216912
0 0.39445 0.418617 0.0282137 0.0241035
0 0.305857 0.927008 0.0290146 0.0252326
0 0.738082 0.933635 0.0270081 0.0221903
0 0.787636 0.240762 0.0264387 0.0223058
0 0.50585 0.269345 0.028018 0.0236792
0 0.406767 0.524851 0.0275517 0.0238766
