0 0.0933422 0.961773 0.090903 0.0714617
0 0.37354 0.239335 0.0568378 0.0475894
0 0.724101 0.0204144 0.0827813 0.0408289
0 0.499553 0.344291 0.0908446 0.0772091
0 0.45466 0.136156 0.0833671 0.0704295
0 0.865659 0.0480611 0.0474453 0.03677
0 0.794859 0.180968 0.102914 0.0802744
0 0.0424137 0.84999 0.0580317 0.0466819
0 0.557813 0.192445 0.0838323 0.0685071
0 0.586357 0.863916 0.0308531 0.0253899
0 0.796864 0.0707453 0.0450418 0.0350343
0 0.504945 0.894984 0.0349727 0.0281079
0 0.837937 0.889112 0.0369546 0.0301229
0 0.675886 0.0924271 0.0681083 0.0554814
0 0.17402 0.969787 0.0796134 0.0604267
0 0.0436289 0.708329 0.0336311 0.0259988
0 0.567182 0.410222 0.089488 0.0774259
0 0.0320285 0.409112 0.033984 0.027633
0 0.35283 0.919806 0.0432386 0.0354724
0 0.439528 0.457745 0.0797147 0.0694974
0 0.719126 0.568276 0.56063 0.461538
0 0.841957 0.0957235 0.0732329 0.0573867
0 0.0251727 0.706637 0.0503004 0.0733523
0 0.215338 0.669599 0.0447264 0.036063
0 0.126829 0.749211 0.0475289 0.0362778
0 0.142275 0.912393 0.076063 0.0603128
0 0.423681 0.848477 0.0343812 0.0290897
0 0.656571 0.0537716 0.0278611 0.0233075
0 0.225328 0.805924 0.0418831 0.0334792
0 0.856821 0.144832 0.0553398 0.0444699
0 0.294046 0.0494593 0.0284577 0.0235985
0 0.643553 0.0358821 0.0856881 0.0697779
0 0.234449 0.146411 0.0823684 0.067121
0 0.112111 0.651946 0.0534447 0.0418031
0 0.0240059 0.77251 0.0444149 0.0361745
0 0.974367 0.34199 0.0511837 0.0553882
0 0.783966 0.0299034 0.0517575 0.0415902
0 0.149873 0.843289 0.0444026 0.0351354
0 0.459637 0.0479856 0.0383181 0.0319134
0 0.256952 0.00541934 0.0274283 0.0107961
0 0.83119 0.0151628 0.0971765 0.0303257
0 0.608294 0.0897361 0.0628133 0.0521787
0 0.901639 0.0636391 0.0525398 0.0408999
0 0.840371 0.227235 0.121126 0.0965786
0 0.313019 0.311352 0.0349416 0.028787
