0 0.874496 0.300445 0.157134 0.117541
0 0.555808 0.31804 0.0678427 0.0502381
0 0.181755 0.701812 0.0737326 0.0545211
0 0.938468 0.442755 0.0975752 0.0736811
0 0.290841 0.722339 0.0397166 0.0290104
0 0.736952 0.237769 0.0352556 0.0272046
0 0.675689 0.430712 0.100869 0.0746316
0 0.918559 0.20952 0.0334072 0.0255511
0 0.750869 0.274206 0.0439339 0.0324479
0 0.207172 0.292108 0.0304825 0.0231925
0 0.523348 0.0268818 0.0430207 0.0331079
0 0.558015 0.766289 0.103357 0.0747054
0 0.883765 0.173898 0.0312826 0.0244814
0 0.731431 0.300604 0.0329152 0.0250002
0 0.211497 0.256822 0.0301478 0.0228488
0 0.606424 0.735778 0.0520975 0.0382054
0 0.172167 0.00636923 0.0295789 0.0126866
0 0.513496 0.611009 0.0358337 0.0255036
0 0.364637 0.289012 0.0375369 0.0278354
0 0.631388 0.745829 0.0448606 0.0324852
0 0.852309 0.607497 0.0318811 0.0243356
0 0.0477897 0.0540393 0.0468529 0.0346353
0 0.617793 0.095481 0.0303386 0.0233295
0 0.379968 0.0231796 0.0490457 0.0390107
0 0.450155 0.344793 0.029252 0.0219884
0 0.598786 0.654009 0.0371337 0.0265534
0 0.325996 0.493865 0.0434072 0.0325288
0 0.216191 0.0783223 0.0719301 0.0560868
0 0.919875 0.0912563 0.155557 0.134144
0 0.61088 0.381428 0.0406146 0.0312945
0 0.205979 0.498485 0.0300797 0.022839
0 0.489638 0.750188 0.0323489 0.0241435
0 0.559135 0.399529 0.0729015 0.0539231
0 0.689363 0.144341 0.0283014 0.0220137
0 0.9743 0.458572 0.0513183 0.0929133
0 0.153814 0.129636 0.0276962 0.0221378
0 0.19119 0.647784 0.0847638 0.0642042
