0 0.130494 0.316563 0.0731906 0.0682537
0 0.063404 0.593396 0.0829956 0.077306
0 0.0697589 0.123603 0.0594586 0.0557859
0 0.0406037 0.274562 0.0812074 0.0852448
0 0.390425 0.19278 0.045988 0.0423636
0 0.677878 0.0875956 0.0401247 0.0363046
0 0.501168 0.303133 0.0711468 0.0639584
0 0.0260789 0.0228361 0.0382066 0.0361497
0 0.270623 0.127084 0.0506585 0.0478188
0 0.228844 0.499079 0.0370982 0.0336873
0 0.392322 0.257481 0.0345333 0.0314705
0 0.866312 0.750872 0.0345013 0.0325649
0 0.44721 0.325298 0.0393475 0.0355041
0 0.0715178 0.822655 0.0308094 0.0295798
0 0.955053 0.891773 0.0747385 0.0682785
0 0.401231 0.930854 0.0337211 0.0331494
0 0.0485133 0.15282 0.0307417 0.0287537
0 0.423401 0.756582 0.0860759 0.0829105
0 0.021149 0.686372 0.0422302 0.0563571
0 0.479621 0.395563 0.0333944 0.0299311
0 0.0309045 0.423776 0.0617141 0.0721809
0 0.853514 0.607104 0.0315139 0.0303347
0 0.1082 0.477315 0.0390836 0.0367621
0 0.835612 0.347162 0.030969 0.0269779
0 0.620428 0.427391 0.0363402 0.0331038
0 0.135667 0.397566 0.0251657 0.024068
0 0.405515 0.97016 0.032231 0.0314176
0 0.698826 0.470194 0.121162 0.110271
0 0.654033 0.867836 0.0269713 0.025735
0 0.772544 0.846507 0.0414705 0.038753
0 0.908684 0.920046 0.057415 0.0508162
0 0.0192169 0.163417 0.0373896 0.0368505
0 0.66216 0.327508 0.0752831 0.0663141
0 0.891578 0.354317 0.0295537 0.0256205
0 0.195282 0.149419 0.0562354 0.0515048
0 0.14258 0.757976 0.0761246 0.0723002
0 0.784177 0.392962 0.0330307 0.0301415
0 0.383184 0.340701 0.0248239 0.0231159
0 0.072356 0.769026 0.092142 0.0877619
0 0.332654 0.440531 0.0266618 0.0240985
0 0.0465083 0.0056224 0.0377326 0.0112352
0 0.522593 0.779105 0.026745 0.025894
0 0.563352 0.419423 0.0254948 0.0233041
0 0.147362 0.188558 0.0553218 0.0520477
0 0.575277 0.988525 0.0482736 0.0229509
0 0.291772 0.940835 0.0477467 0.0457027
0 0.785601 0.47057 0.0268684 0.0244263
0 0.652706 0.0146135 0.0257981 0.024017
0 0.81202 0.271107 0.0454991 0.0404307
0 0.158277 0.122446 0.053761 0.0507846
0 0.0858341 0.0369629 0.0250611 0.0237635
0 0.995953 0.282895 0.00809441 0.0343129
0 0.814068 0.749844 0.0242459 0.0231526
0 0.975311 0.0749811 0.0286477 0.0261498
0 0.0615553 0.359065 0.0507548 0.0464392
0 0.0639102 0.41328 0.0235859 0.0222857
0 0.554741 0.346445 0.088415 0.0794325
0 0.345647 0.628641 0.109797 0.102097
0 0.775893 0.292154 0.0314544 0.028692
0 0.160364 0.429446 0.0521544 0.0461305
0 0.662923 0.794212 0.0386238 0.0367281
0 0.846266 0.152674 0.261505 0.235448
0 0.627483 0.812816 0.0402225 0.0378548
0 0.095987 0.517567 0.0309519 0.0306273
0 0.0119366 0.34089 0.0238731 0.0275187
0 0.29536 0.415262 0.0981033 0.0880637
0 0.0739347 0.737673 0.063055 0.058867
0 0.440351 0.40417 0.0747643 0.0668695
0 0.883087 0.830315 0.0566305 0.0532425
0 0.901459 0.66446 0.0231957 0.0218892
0 0.0921485 0.503519 0.0384303 0.0358955
0 0.49019 0.857237 0.0230167 0.0226425
0 0.23647 0.144924 0.0296019 0.0272607
0 0.585158 0.918883 0.0250604 0.0243631
0 0.347696 0.545247 0.0245874 0.02296
