0 0.561188 0.715568 0.0830972 0.0796299
0 0.434542 0.385612 0.14094 0.138197
0 0.312281 0.863879 0.10209 0.099089
0 0.416085 0.271617 0.184432 0.185823
0 0.689346 0.422345 0.0577319 0.0559691
0 0.934914 0.262498 0.040041 0.0385621
0 0.978024 0.0992264 0.0439515 0.0716533
0 0.472513 0.905956 0.0545906 0.0532767
0 0.661533 0.646327 0.0587621 0.0573337
0 0.0950036 0.717307 0.0344302 0.0337942
0 0.370609 0.175814 0.0502 0.0497531
0 0.0151639 0.514528 0.0303279 0.0360062
0 0.734779 0.299001 0.0672703 0.0653062
0 0.219465 0.287979 0.0950692 0.0911668
0 0.418422 0.594706 0.300966 0.317636
0 0.195155 0.957684 0.0480448 0.0460758
0 0.377807 0.757606 0.0379502 0.0374722
0 0.716494 0.368335 0.0294372 0.0283956
0 0.142164 0.0846953 0.0344084 0.0333726
0 0.735113 0.500609 0.0574407 0.0557861
0 0.111131 0.439231 0.0279323 0.0274371
0 0.3093 0.940988 0.0476303 0.0471573
0 0.0813195 0.90822 0.162639 0.182984
0 0.363613 0.432296 0.034259 0.0335823
0 0.255084 0.925785 0.0397385 0.0391026
0 0.901112 0.84843 0.197414 0.256166
0 0.239944 0.779255 0.0379932 0.0367129
0 0.324817 0.174772 0.0398796 0.0390627
0 0.583007 0.190106 0.0281059 0.0273473
0 0.913236 0.5208 0.0413605 0.0397191
0 0.600165 0.848076 0.572153 0.30314
0 0.523914 0.100179 0.0441786 0.0425291
0 0.572386 0.321558 0.0320093 0.0314081
0 0.94904 0.697617 0.0361772 0.0348513
0 0.265302 0.955594 0.0359129 0.0352669
0 0.0377322 0.256787 0.0301742 0.0288572
0 0.266499 0.594067 0.0258292 0.0256083
0 0.835834 0.763851 0.04614 0.044729
0 0.0127124 0.287799 0.0253041 0.0285984
0 0.21425 0.0214452 0.0460004 0.0425469
0 0.534231 0.0349605 0.0807169 0.0698583
0 0.952583 0.72651 0.0397501 0.0382574
0 0.859262 0.366185 0.0440324 0.0432722
0 0.309472 0.425278 0.0655146 0.0642547
0 0.611019 0.171957 0.0330866 0.031675
0 0.242095 0.816752 0.0325924 0.0320391
0 0.294039 0.697592 0.0318242 0.0308949
0 0.088306 0.116836 0.0380349 0.0367745
0 0.108766 0.084973 0.0271865 0.0263888
0 0.236113 0.500937 0.0329892 0.0321456
0 0.945942 0.809509 0.0494086 0.0480466
0 0.261664 0.216958 0.0752805 0.0738195
0 0.762303 0.76879 0.0774498 0.075649
0 0.569916 0.290616 0.0238039 0.0234107
0 0.690993 0.797081 0.0381738 0.0371187
0 0.277386 0.979967 0.0302345 0.0291591
0 0.0103158 0.386989 0.0206315 0.0550456
0 0.375904 0.707156 0.0326906 0.0320182
0 0.512278 0.2051 0.0238905 0.0240945
0 0.0506247 0.947532 0.0229676 0.0226423
0 0.568856 0.15622 0.0262201 0.0254488
0 0.926736 0.410015 0.0269231 0.0261226
0 0.573333 0.405725 0.0504097 0.0495274
0 0.0601323 0.0308746 0.0255907 0.0250727
0 0.24761 0.893499 0.0422624 0.0415195
0 0.00564744 0.135221 0.0112949 0.0274976
0 0.575823 0.634634 0.0632253 0.0620743
0 0.612046 0.0675747 0.0319181 0.0308194
0 0.985284 0.939601 0.0294328 0.1204
0 0.646663 0.381569 0.0243366 0.0236573
0 0.846849 0.519478 0.0875923 0.0863792
0 0.438715 0.114768 0.0284359 0.0278726
0 0.504975 0.623218 0.0586448 0.0573285
0 0.011937 0.0137199 0.023769 0.0271788
0 0.596108 0.574967 0.0447159 0.0421878
0 0.184683 0.291538 0.0260645 0.0250146
0 0.822827 0.357088 0.0296508 0.0278119
0 0.479494 0.677594 0.0254348 0.0247628
0 0.303677 0.235585 0.0264884 0.0258848
0 0.193821 0.199725 0.0745953 0.0761039
0 0.291998 0.374274 0.0366029 0.0350995
0 0.37946 0.542238 0.0233216 0.0229489
0 0.906266 0.714319 0.0357947 0.0352936
0 0.0118871 0.765221 0.0236991 0.0743784
0 0.502106 0.531863 0.0234161 0.02317
0 0.823591 0.865358 0.16778 0.163463
0 0.893307 0.192423 0.213109 0.384847
0 0.671486 0.778124 0.0447448 0.0453248
0 0.305469 0.0166973 0.0443103 0.0333946
0 0.902672 0.387158 0.0432569 0.0404244
0 0.552236 0.265488 0.0238663 0.0235947
