0 0.13007 0.281877 0.0813938 0.0737995
0 0.419803 0.0893779 0.0605523 0.0582826
0 0.560499 0.158969 0.0617161 0.0592645
0 0.616274 0.733739 0.227783 0.207525
0 0.435537 0.365002 0.0561226 0.0541646
0 0.891145 0.495624 0.0509326 0.0485719
0 0.282679 0.0577362 0.058324 0.0553161
0 0.654878 0.392929 0.0422864 0.039914
0 0.618009 0.444627 0.0463829 0.0444897
0 0.831456 0.456956 0.0384464 0.0365014
0 0.279231 0.673562 0.0660297 0.0621831
0 0.83731 0.170419 0.0370154 0.0346966
0 0.48355 0.242778 0.0382172 0.0364438
0 0.721445 0.198035 0.0688165 0.0666929
0 0.951176 0.1448 0.0643239 0.0598313
0 0.265953 0.125462 0.0409915 0.0381725
0 0.518279 0.424292 0.0401469 0.0376911
0 0.932918 0.553317 0.0369968 0.0346834
0 0.272121 0.303685 0.0382135 0.0361026
0 0.21305 0.977106 0.0443247 0.0387163
0 0.475062 0.968315 0.0311368 0.0291767
0 0.659315 0.597364 0.0882478 0.0824358
0 0.564202 0.366522 0.0275478 0.0265494
0 0.965006 0.687921 0.0385987 0.0374279
0 0.653783 0.546039 0.0661597 0.0612191
0 0.717087 0.876362 0.031455 0.0305027
0 0.865888 0.0307429 0.0334289 0.0308889
0 0.793321 0.219913 0.026394 0.0251054
0 0.797189 0.532698 0.0361137 0.0343838
0 0.309807 0.605412 0.0407131 0.0383942
0 0.214293 0.786619 0.234734 0.212161
0 0.556204 0.432347 0.0304663 0.0292766
0 0.0599491 0.594099 0.0268617 0.0260748
0 0.858567 0.201739 0.0262652 0.0247824
0 0.60057 0.379482 0.0267155 0.0256905
0 0.554691 0.255949 0.0316567 0.0297881
0 0.724522 0.285653 0.0295627 0.0279741
0 0.911827 0.701628 0.0334373 0.0316229
0 0.359494 0.704836 0.0275524 0.0268011
0 0.476382 0.163494 0.03286 0.0313974
0 0.581983 0.605942 0.0663394 0.0609469
0 0.622579 0.516657 0.0258117 0.0250443
0 0.378854 0.523468 0.0267923 0.0255083
0 0.102258 0.329208 0.0256154 0.0246334
0 0.802765 0.391272 0.0254681 0.0240541
0 0.467038 0.596857 0.0723686 0.0691333
0 0.985088 0.69654 0.0298242 0.0339658
0 0.430614 0.655886 0.0478308 0.0452414
0 0.871098 0.31002 0.025897 0.0244046
0 0.970987 0.384296 0.0580267 0.259646
0 0.306042 0.425869 0.0447645 0.0403809
0 0.713429 0.44959 0.023591 0.0231024
0 0.776947 0.397917 0.0271156 0.0261292
0 0.723381 0.931459 0.0247053 0.0237894
0 0.849243 0.634311 0.0240578 0.0224784
0 0.371764 0.856656 0.118219 0.106809
0 0.77614 0.525141 0.0285975 0.0275319
0 0.273125 0.740439 0.0883338 0.083519
0 0.712199 0.478266 0.0227268 0.0221652
0 0.493344 0.535908 0.0857516 0.0788762
0 0.395468 0.622187 0.0478792 0.0453446
0 0.0184304 0.174285 0.036854 0.0578942
0 0.636242 0.325597 0.0228769 0.0225956
0 0.731977 0.236329 0.0240872 0.0231119
0 0.31099 0.220837 0.0227454 0.0220619
0 0.472929 0.18099 0.02872 0.0273461
0 0.0550149 0.594198 0.110006 0.132901
0 0.337521 0.44661 0.0235046 0.0227015
0 0.769709 0.565622 0.0224343 0.0218298
0 0.0428019 0.536462 0.0855035 0.25592
0 0.388545 0.572696 0.0316657 0.0296211
