0 0.388107 0.646743 0.105162 0.0930697
0 0.130633 0.385377 0.0398097 0.0338608
0 0.80621 0.43282 0.0342838 0.0302567
0 0.0499612 0.372696 0.0372547 0.0317589
0 0.723003 0.488654 0.0510123 0.042892
0 0.154181 0.0524516 0.0315842 0.0275473
0 0.931065 0.865214 0.0497728 0.0417235
0 0.634458 0.0558016 0.0464337 0.0392723
0 0.250382 0.0756913 0.0464574 0.0401651
0 0.0266861 0.213375 0.0301535 0.0262544
0 0.368162 0.192072 0.0435214 0.0368269
0 0.209482 0.969697 0.0543144 0.0454567
0 0.820372 0.402459 0.0368388 0.0316422
0 0.0395697 0.512995 0.0611975 0.0527329
0 0.418357 0.336654 0.0482402 0.0418193
0 0.313822 0.83304 0.0332974 0.0296578
0 0.695423 0.597829 0.0310042 0.0263346
0 0.290331 0.155472 0.031458 0.028087
0 0.962123 0.906053 0.0499913 0.0420127
0 0.69785 0.742939 0.0306764 0.02595
0 0.490193 0.775991 0.0392914 0.0344353
0 0.232742 0.530434 0.0470351 0.0398376
0 0.883649 0.835881 0.0604927 0.0526511
0 0.244496 0.850857 0.0331784 0.028945
0 0.147142 0.683646 0.0278518 0.0240746
0 0.429414 0.907825 0.0548395 0.0465376
0 0.776121 0.262631 0.0256559 0.0232491
0 0.103594 0.986868 0.0725063 0.0262636
0 0.975048 0.562896 0.0365819 0.0312924
0 0.0244122 0.724994 0.0326995 0.0281837
0 0.615605 0.710019 0.035565 0.0302515
0 0.60798 0.986425 0.0406921 0.0270846
0 0.387136 0.713672 0.130682 0.113578
0 0.282777 0.466632 0.0495276 0.0419136
0 0.174334 0.538364 0.0605058 0.050506
0 0.867282 0.797631 0.0279921 0.0246178
0 0.517214 0.244544 0.0467594 0.0389086
0 0.278245 0.637114 0.0371602 0.0319698
0 0.291661 0.801686 0.0293914 0.0258401
0 0.429449 0.542098 0.0844529 0.0749545
0 0.88136 0.898734 0.0306015 0.0257395
0 0.179375 0.877734 0.0256823 0.0225048
0 0.024138 0.536496 0.0460168 0.0407832
0 0.786092 0.479691 0.0277779 0.0239375
0 0.568483 0.276612 0.0293381 0.0247519
0 0.212906 0.295118 0.02713 0.0232207
0 0.387904 0.645123 0.0270973 0.0238539
0 0.497915 0.0298032 0.0461458 0.0397953
0 0.210169 0.0638424 0.0241915 0.021405
0 0.673196 0.306167 0.0318742 0.0277863
0 0.0147965 0.564743 0.0292046 0.0276408
0 0.0463881 0.770339 0.0927762 0.0982151
0 0.631217 0.866267 0.368219 0.266796
0 0.123811 0.267225 0.0258174 0.0225998
0 0.649111 0.548176 0.0600433 0.0507332
0 0.555524 0.595833 0.0360723 0.0301054
0 0.755616 0.403114 0.0314074 0.027272
0 0.468422 0.417824 0.0533956 0.0463184
0 0.259029 0.571834 0.0718796 0.0625824
0 0.244449 0.466176 0.0398967 0.0330719
0 0.752442 0.626986 0.0280929 0.0240574
0 0.926419 0.710355 0.0257106 0.0230613
0 0.122297 0.298814 0.0418844 0.0356642
0 0.106352 0.714821 0.0857971 0.0727246
0 0.147113 0.960059 0.027405 0.0239781
