0 0.112058 0.459203 0.133193 0.103558
0 0.264406 0.613754 0.151278 0.119005
0 0.525269 0.521187 0.0946932 0.073311
0 0.0664558 0.269901 0.103809 0.0798612
0 0.170337 0.350885 0.160856 0.126358
0 0.74524 0.843551 0.0816946 0.0615168
0 0.438656 0.560627 0.0726163 0.0578492
0 0.820555 0.528141 0.0452418 0.0356291
0 0.384526 0.354988 0.0550984 0.0417946
0 0.238268 0.766856 0.0518364 0.041917
0 0.308451 0.910536 0.467306 0.175726
0 0.4205 0.738482 0.0992718 0.0777972
0 0.782934 0.890866 0.0346138 0.0272922
0 0.134825 0.786158 0.0493592 0.0381107
0 0.645399 0.408782 0.0547607 0.0392816
0 0.646115 0.202391 0.0337502 0.0259097
0 0.248736 0.367382 0.032443 0.0255194
0 0.603467 0.247714 0.0324206 0.0250087
0 0.383966 0.020891 0.0318083 0.0244908
0 0.164039 0.869204 0.054876 0.0411868
0 0.927555 0.228416 0.136021 0.107611
0 0.537059 0.8569 0.0457996 0.0344431
0 0.598097 0.428501 0.039588 0.030735
0 0.0191429 0.670399 0.0382847 0.0413706
0 0.468414 0.383141 0.0408243 0.0304924
0 0.155572 0.586863 0.153507 0.118068
0 0.507909 0.412784 0.0415277 0.0333906
0 0.365035 0.801956 0.0659101 0.0531069
0 0.553224 0.42155 0.0424058 0.0328907
0 0.935848 0.965996 0.076116 0.0547135
0 0.401096 0.673903 0.0876996 0.070663
0 0.746325 0.39331 0.0290467 0.0232872
0 0.809326 0.736425 0.0281416 0.022123
0 0.507537 0.0178394 0.032454 0.0254588
0 0.0184274 0.142194 0.0368549 0.0467985
0 0.585407 0.736232 0.0277898 0.0228688
0 0.8306 0.060651 0.0282873 0.0239932
0 0.990128 0.60739 0.019745 0.0533601
0 0.948185 0.365663 0.0736609 0.0588062
0 0.715412 0.47056 0.0283576 0.0228809
0 0.672442 0.525812 0.0280519 0.022689
0 0.284688 0.393639 0.0285994 0.0225724
0 0.242471 0.0787322 0.04823 0.0370426
0 0.517377 0.769176 0.12481 0.098514
0 0.352034 0.618642 0.157789 0.13655
0 0.478643 0.406835 0.0360779 0.027656
0 0.718821 0.41955 0.0295227 0.0225796
0 0.407583 0.331534 0.0285964 0.0221523
0 0.06348 0.901922 0.0326809 0.0264837
