0 0.630946 0.262949 0.0835013 0.0722918
0 0.962932 0.0999191 0.0572491 0.050399
0 0.707418 0.383839 0.0349851 0.0319386
0 0.781433 0.777478 0.0574568 0.0513427
0 0.811961 0.580667 0.0273738 0.0256271
0 0.32385 0.943864 0.0302343 0.0265258
0 0.891467 0.0103865 0.0282935 0.0207158
0 0.30313 0.959962 0.0290477 0.0253235
0 0.94348 0.342135 0.0295877 0.0274665
0 0.971963 0.174217 0.0298181 0.026262
0 0.756126 0.812641 0.0440824 0.0379129
0 0.841803 0.994755 0.0555914 0.0104775
0 0.128427 0.185434 0.0243532 0.02207
0 0.00341622 0.703762 0.00683244 0.0251231
0 0.903679 0.345145 0.0370397 0.0334457
0 0.440307 0.163215 0.024075 0.0217252
0 0.903885 0.601004 0.0317883 0.0293241
0 0.947114 0.188067 0.0357388 0.0311616
0 0.728678 0.805049 0.0312123 0.0266945
0 0.370476 0.148541 0.0237728 0.0218112
0 0.907899 0.408621 0.0246744 0.0230151
0 0.0682531 0.60253 0.0245015 0.0229249
0 0.922094 0.328821 0.0269616 0.0248764
