0 0.853342 0.140811 0.293315 0.281623
0 0.0864864 0.338592 0.08405 0.0805025
0 0.97736 0.814948 0.04528 0.0535412
0 0.425511 0.208696 0.0491643 0.0476042
0 0.636694 0.895894 0.0535852 0.0489201
0 0.793037 0.709849 0.0433125 0.0410094
0 0.637949 0.658401 0.0324307 0.0307531
0 0.954263 0.943078 0.0377209 0.0357127
0 0.393249 0.379479 0.036684 0.0354855
0 0.390835 0.538475 0.0575067 0.0547638
0 0.84683 0.866081 0.0314586 0.0301914
0 0.585999 0.605927 0.0304912 0.0284657
0 0.535291 0.158572 0.0381565 0.037176
0 0.760679 0.858283 0.0274222 0.026429
0 0.71626 0.0599701 0.0293424 0.0285581
0 0.381363 0.769737 0.0364155 0.0348655
0 0.0210993 0.252886 0.0413821 0.0399917
0 0.557423 0.82464 0.0322874 0.0299408
0 0.0507382 0.345864 0.101476 0.177661
0 0.866084 0.485683 0.15436 0.145549
0 0.729217 0.464142 0.139296 0.129474
0 0.719972 0.480859 0.0292906 0.0271978
0 0.158553 0.902853 0.0334066 0.0317261
0 0.408463 0.0185529 0.0379389 0.0363126
0 0.587853 0.296793 0.0266268 0.0261079
0 0.399811 0.601119 0.04111 0.0397425
0 0.822703 0.731149 0.0286436 0.0271904
0 0.151786 0.172595 0.0332766 0.0326613
0 0.836359 0.837001 0.0318723 0.0304933
0 0.530444 0.265416 0.0291536 0.028576
0 0.185186 0.153264 0.352607 0.30479
0 0.314825 0.282019 0.0434146 0.0418615
0 0.865129 0.562201 0.0391315 0.036674
0 0.477945 0.669638 0.0452107 0.0420542
0 0.119481 0.0104496 0.0275153 0.0208078
0 0.274121 0.147416 0.0259618 0.0255882
0 0.988632 0.989527 0.0226362 0.0209457
0 0.0483208 0.49853 0.0962532 0.110631
0 0.476239 0.0423765 0.027893 0.026619
0 0.0463047 0.0865523 0.0363468 0.0348574
0 0.410796 0.581443 0.0331846 0.0317864
0 0.42946 0.809084 0.0691893 0.0652032
0 0.153379 0.0878232 0.0262364 0.0258597
0 0.263558 0.243672 0.0254395 0.0249738
0 0.494356 0.482505 0.02536 0.0257016
0 0.862817 0.596815 0.0270154 0.0256771
0 0.211859 0.0996691 0.0281498 0.0272717
0 0.077634 0.799271 0.0521732 0.0481278
0 0.418549 0.656937 0.0260027 0.0248938
0 0.171985 0.102245 0.0242694 0.0235329
0 0.623991 0.700586 0.0248371 0.0234413
0 0.51598 0.493285 0.0252278 0.0245475
0 0.360215 0.647889 0.0253381 0.0240272
0 0.0586036 0.132047 0.0340186 0.0331795
0 0.557747 0.618236 0.0241821 0.0235466
0 0.591935 0.526929 0.0250867 0.0241349
0 0.434352 0.033549 0.0269522 0.0257902
0 0.993903 0.569293 0.0121945 0.0296226
0 0.649346 0.421004 0.0237563 0.0232376
0 0.585752 0.244656 0.0240469 0.0239176
0 0.357868 0.183678 0.0265121 0.0259091
0 0.713695 0.356153 0.0343757 0.0319868
0 0.135361 0.0655651 0.0262965 0.025292
0 0.522982 0.43006 0.0261807 0.0256042
0 0.424521 0.700338 0.0232219 0.022265
0 0.494525 0.301427 0.0254383 0.0253347
0 0.0992163 0.0364015 0.028377 0.0274316
0 0.921257 0.325396 0.0429724 0.0416412
0 0.103491 0.169918 0.0559757 0.0542629
0 0.20673 0.119778 0.0240716 0.0240894
0 0.785064 0.311592 0.107178 0.100269
0 0.232298 0.235856 0.0261745 0.0253194
0 0.213552 0.283384 0.0562739 0.0567721
0 0.979406 0.461094 0.0261446 0.0251863
0 0.474847 0.65364 0.0262709 0.0251093
0 0.331562 0.834749 0.0262364 0.0252196
0 0.158531 0.869955 0.0264788 0.0253716
0 0.559845 0.247307 0.022397 0.0222077
0 0.859948 0.843339 0.0228519 0.0221002
0 0.457872 0.274067 0.0234253 0.0232617
0 0.975407 0.498594 0.0482406 0.0491524
0 0.829104 0.311165 0.0289232 0.0266426
0 0.34958 0.0235584 0.0291313 0.028379
0 0.802188 0.426018 0.0253644 0.0239537
0 0.462419 0.362818 0.0233976 0.0232652
0 0.335452 0.679681 0.02455 0.0237697
0 0.860267 0.333638 0.0415422 0.038828
0 0.994689 0.473723 0.0106211 0.0296039
0 0.573121 0.1113 0.0392137 0.0376328
0 0.472068 0.464429 0.032102 0.0318312
0 0.38325 0.172347 0.0743999 0.0730906
0 0.662352 0.474203 0.0249127 0.0232743
0 0.810582 0.336516 0.0335324 0.032129
0 0.773472 0.379327 0.0754356 0.0717942
0 0.158721 0.448697 0.0235027 0.0226133
0 0.707696 0.501148 0.0242479 0.0230028
0 0.844095 0.409367 0.0290648 0.0275329
0 0.0793819 0.0158746 0.0241642 0.0246655
