0 0.223263 0.896693 0.264573 0.206613
0 0.54493 0.283622 0.100484 0.0947824
0 0.805092 0.44348 0.0803566 0.0779407
0 0.479607 0.213264 0.0964219 0.0940729
0 0.689687 0.944343 0.0555658 0.0544624
0 0.265222 0.568951 0.0630902 0.0600345
0 0.701515 0.702584 0.0787795 0.0743489
0 0.180162 0.548221 0.0610014 0.0597706
0 0.696422 0.519922 0.0414834 0.0402707
0 0.802633 0.900833 0.0771089 0.0733538
0 0.254064 0.447959 0.0373595 0.036185
0 0.548982 0.0711133 0.0880015 0.0846081
0 0.0742341 0.827611 0.0360534 0.0347569
0 0.409297 0.645055 0.0566312 0.0555487
0 0.385332 0.908695 0.0427761 0.0398893
0 0.839535 0.972256 0.0310751 0.0299962
0 0.211267 0.413565 0.032505 0.0317963
0 0.764614 0.518826 0.0441024 0.0427052
0 0.438228 0.298302 0.0389366 0.0373999
0 0.612168 0.602583 0.0316286 0.0302877
0 0.955844 0.762157 0.0559225 0.0532627
0 0.105556 0.838879 0.0365876 0.036474
0 0.546438 0.97308 0.0622089 0.0538396
0 0.363408 0.755438 0.0367665 0.0354325
0 0.701192 0.906632 0.034928 0.0336115
0 0.551416 0.92864 0.0420461 0.041148
0 0.785552 0.684183 0.0400985 0.0389535
0 0.074766 0.173986 0.0534732 0.0507624
0 0.0767461 0.328068 0.0249462 0.0246189
0 0.793489 0.0289766 0.0408146 0.0387396
0 0.854556 0.45666 0.0354652 0.0348463
0 0.256456 0.388089 0.0387139 0.0371808
0 0.3605 0.619844 0.0301178 0.0293937
0 0.316833 0.463472 0.0356625 0.0344963
0 0.236584 0.327151 0.0278232 0.0269953
0 0.10949 0.302971 0.026062 0.0255905
0 0.842337 0.809229 0.0588948 0.0582482
0 0.23003 0.872529 0.0536728 0.0522394
0 0.152329 0.509111 0.0306031 0.0296032
0 0.0864142 0.780747 0.0245516 0.0241332
0 0.2342 0.360078 0.026862 0.0261791
0 0.929548 0.139878 0.0263227 0.0249797
0 0.142886 0.431911 0.0250982 0.0246323
0 0.989397 0.960637 0.0211555 0.0307263
0 0.774942 0.604375 0.0261909 0.0251997
0 0.2831 0.52458 0.0345646 0.0336848
0 0.741249 0.23229 0.0311286 0.0296611
0 0.868693 0.948013 0.0369538 0.0369264
0 0.391565 0.567304 0.0366753 0.0360725
0 0.4427 0.6159 0.0459879 0.0445318
0 0.711442 0.785191 0.0434605 0.0420976
0 0.234791 0.123632 0.0330543 0.031943
0 0.983061 0.558143 0.0268826 0.0257655
0 0.807522 0.235696 0.0985722 0.091695
0 0.25666 0.243032 0.0323068 0.0310172
0 0.880495 0.896878 0.040976 0.0390092
0 0.459046 0.13765 0.0302952 0.029654
0 0.192619 0.592092 0.0355632 0.0348331
0 0.989999 0.471369 0.0199732 0.032618
0 0.648635 0.438555 0.0553946 0.0535464
0 0.492926 0.82336 0.0284349 0.0272334
0 0.153311 0.0885468 0.03214 0.0305377
0 0.888546 0.438304 0.038656 0.0379797
0 0.264968 0.277854 0.0276404 0.0266183
0 0.738906 0.506015 0.0238621 0.023545
0 0.312881 0.66823 0.0283486 0.0270476
0 0.437729 0.11727 0.0252056 0.0246097
0 0.321832 0.616272 0.0290436 0.0288291
0 0.588433 0.345225 0.032805 0.0311526
0 0.0231116 0.61582 0.0230564 0.0228667
0 0.0857901 0.513315 0.0288623 0.0281617
0 0.996094 0.745915 0.0078124 0.0262112
0 0.745217 0.680492 0.0362687 0.034342
0 0.800882 0.744946 0.0588411 0.0572941
0 0.446881 0.711519 0.0370213 0.0361698
0 0.605179 0.658857 0.0453725 0.0434964
0 0.528457 0.124187 0.0408294 0.0404512
0 0.00708379 0.827623 0.0141676 0.0253428
0 0.0298475 0.530218 0.0596684 0.0816208
0 0.499283 0.0467926 0.0665701 0.0659834
0 0.475071 0.73599 0.0405763 0.0394515
0 0.995377 0.374526 0.00924664 0.0458552
0 0.241952 0.141749 0.02986 0.0279389
0 0.148945 0.715466 0.0264101 0.0258563
0 0.294618 0.493372 0.0324497 0.0319682
0 0.588595 0.987041 0.0423933 0.0259188
0 0.420861 0.690153 0.0367872 0.0355069
0 0.00443737 0.968949 0.00887474 0.0333053
0 0.744821 0.526201 0.510359 0.568075
0 0.831433 0.646349 0.0305582 0.0292571
0 0.689645 0.470136 0.0494543 0.0482986
0 0.517427 0.940497 0.0259135 0.025325
0 0.372209 0.184256 0.0279202 0.0264132
0 0.189083 0.196702 0.0275113 0.0260629
0 0.817288 0.775527 0.0556099 0.0550946
0 0.929992 0.440061 0.0292074 0.0286212
0 0.817566 0.837698 0.0308266 0.0299894
0 0.595004 0.965225 0.0335619 0.0324173
0 0.374535 0.283526 0.0367196 0.0360129
0 0.214654 0.902044 0.0227795 0.0222878
0 0.0715821 0.5442 0.0339936 0.0337122
0 0.765945 0.847368 0.0286787 0.0279536
0 0.0875337 0.592478 0.0310133 0.0305953
0 0.424613 0.512902 0.106088 0.102688
0 0.216437 0.0903324 0.0394538 0.0378442
0 0.505314 0.560691 0.0324943 0.0310144
0 0.401152 0.516276 0.0236395 0.0233893
0 0.539624 0.609146 0.0247312 0.0241178
0 0.464944 0.658967 0.0521782 0.0509868
0 0.93131 0.469092 0.0323583 0.0315051
0 0.132563 0.102583 0.0276174 0.0263314
0 0.84422 0.686811 0.0303362 0.0295715
0 0.796623 0.993211 0.031617 0.0135783
0 0.777663 0.710165 0.0284577 0.0282506
0 0.880112 0.842882 0.0325086 0.0318453
0 0.522072 0.364807 0.0356547 0.0342338
0 0.476003 0.0262309 0.0230531 0.0227959
0 0.365173 0.155483 0.0245059 0.0237565
0 0.723454 0.203187 0.0463854 0.0444144
0 0.253624 0.29337 0.0273828 0.0261762
0 0.754414 0.0425262 0.0233852 0.0233157
0 0.0805735 0.709726 0.0246847 0.0239295
0 0.949847 0.287627 0.0992762 0.300447
0 0.86734 0.0807921 0.0237941 0.0229062
0 0.266982 0.726827 0.0277443 0.0273897
0 0.369179 0.660712 0.0269393 0.0259075
0 0.441102 0.426299 0.0310154 0.0295649
0 0.264945 0.0603302 0.0356157 0.0353028
0 0.478118 0.585759 0.0502834 0.0485325
0 0.960095 0.804148 0.0304132 0.0289342
0 0.3526 0.101864 0.0228841 0.0222888
0 0.961058 0.571974 0.0225776 0.0224101
0 0.149533 0.0630062 0.0258132 0.0240584
0 0.591554 0.203529 0.134559 0.122679
0 0.166841 0.040336 0.0278268 0.0268717
0 0.259766 0.975824 0.0251442 0.0239505
0 0.213706 0.797338 0.0519331 0.0500066
0 0.323822 0.116596 0.0450062 0.043408
0 0.496704 0.760996 0.024997 0.0246475
