0 0.450029 0.765348 0.460188 0.374455
0 0.130289 0.882593 0.102668 0.0874813
0 0.874586 0.0840799 0.109609 0.0893828
0 0.0737444 0.0991292 0.147082 0.180488
0 0.855721 0.713748 0.141382 0.119159
0 0.738224 0.74606 0.192136 0.160829
0 0.848115 0.513484 0.0495546 0.0413682
0 0.504416 0.143961 0.0359817 0.0296901
0 0.156304 0.761071 0.146865 0.123413
0 0.0949816 0.384619 0.189963 0.217163
0 0.164195 0.416864 0.0339671 0.0276079
0 0.0906913 0.44112 0.0308145 0.0255764
0 0.659494 0.493008 0.0458434 0.0374538
0 0.0902755 0.522282 0.0947585 0.078501
0 0.841962 0.25958 0.0323551 0.0263823
0 0.957365 0.948277 0.0304481 0.024666
0 0.339735 0.407184 0.0330184 0.0264652
0 0.265617 0.497496 0.0349566 0.0280179
0 0.895167 0.835912 0.112747 0.091779
0 0.582829 0.217318 0.0312054 0.0247046
0 0.0694124 0.650117 0.0308601 0.0256548
0 0.19608 0.267188 0.0297725 0.02442
0 0.943583 0.538703 0.0347272 0.0279152
0 0.637364 0.391357 0.0278087 0.0237892
0 0.716138 0.0472685 0.0272605 0.0227816
0 0.799239 0.0845229 0.0305319 0.0236738
0 0.934697 0.783134 0.087302 0.0691202
0 0.635575 0.552073 0.0275067 0.0235193
0 0.438852 0.204416 0.201821 0.158823
0 0.0476773 0.0598046 0.0260127 0.0219872
0 0.672024 0.91631 0.0807745 0.0658291
0 0.916905 0.659063 0.0391944 0.0319628
0 0.0442123 0.651259 0.0277204 0.0235744
0 0.235966 0.516368 0.0421163 0.0332923
0 0.976168 0.610421 0.0425681 0.0346684
0 0.337629 0.346198 0.137205 0.111821
0 0.159775 0.747 0.0283589 0.0235287
0 0.535684 0.147527 0.0256655 0.0214962
0 0.933258 0.0174671 0.0266449 0.0228172
0 0.644542 0.0247113 0.0256856 0.0215572
0 0.728645 0.495589 0.0259218 0.0224056
0 0.721614 0.977054 0.170963 0.0458018
0 0.881419 0.556445 0.0290203 0.024291
0 0.0539193 0.801765 0.0257949 0.0226622
0 0.879221 0.634044 0.0474596 0.0389514
0 0.352341 0.05838 0.0659702 0.0535915
0 0.951399 0.0369401 0.0887003 0.0707737
