0 0.882985 0.32257 0.0601982 0.0468535
0 0.949347 0.72811 0.0567051 0.0441605
0 0.979002 0.361426 0.041996 0.0462717
0 0.086725 0.392923 0.0628594 0.0528736
0 0.83488 0.251124 0.0428262 0.03307
0 0.972649 0.307594 0.0467022 0.0359433
0 0.906228 0.241738 0.0386492 0.0299642
0 0.528074 0.675278 0.0611047 0.0477049
0 0.426242 0.694229 0.0333168 0.0267725
0 0.196722 0.985744 0.0529031 0.0284915
0 0.885745 0.263171 0.0352712 0.0265117
0 0.983364 0.747058 0.0328922 0.0310093
0 0.0828004 0.483193 0.0392492 0.0309157
0 0.947887 0.370707 0.0318605 0.0242497
0 0.549429 0.779299 0.0384429 0.0300142
0 0.027504 0.248988 0.0402432 0.0332892
0 0.985551 0.122004 0.0283158 0.0238922
0 0.521215 0.396928 0.0309713 0.024519
0 0.501065 0.562184 0.0308135 0.0244181
0 0.783753 0.490453 0.0302491 0.0230845
0 0.306528 0.278789 0.182226 0.144728
0 0.966765 0.420197 0.0269421 0.0218328
0 0.922206 0.747675 0.0352405 0.0280724
0 0.178562 0.920473 0.0254144 0.0218458
0 0.538065 0.731085 0.0299424 0.0237119
