0 0.285783 0.721944 0.133654 0.11438
0 0.145821 0.713909 0.136389 0.11321
0 0.151074 0.30728 0.138466 0.115681
0 0.520168 0.280226 0.185193 0.159843
0 0.556189 0.494983 0.21123 0.191414
0 0.632985 0.395244 0.11045 0.0993463
0 0.0274714 0.625792 0.0549193 0.0515547
0 0.870124 0.0441592 0.0449169 0.0385027
0 0.836421 0.759629 0.0744519 0.0647642
0 0.163255 0.448065 0.0544853 0.0453361
0 0.886855 0.082749 0.0520693 0.0453319
0 0.709285 0.423033 0.0398587 0.0352796
0 0.627494 0.235538 0.0717027 0.0624977
0 0.701795 0.134839 0.0411575 0.0352694
0 0.783701 0.610349 0.0283294 0.0253755
0 0.0706771 0.732434 0.0750079 0.0593989
0 0.382752 0.0459027 0.0377926 0.0343283
0 0.120168 0.893381 0.0581703 0.0484911
0 0.0639447 0.611535 0.0377514 0.0315633
0 0.397033 0.0720259 0.0333728 0.0294844
0 0.713541 0.752779 0.0457331 0.0406489
0 0.704123 0.0361842 0.114035 0.0723474
0 0.200573 0.766753 0.11012 0.0933743
0 0.665477 0.901747 0.0291438 0.0252805
0 0.0686163 0.12251 0.0318199 0.0292472
0 0.228602 0.644949 0.0294035 0.0241857
0 0.215996 0.0682911 0.158516 0.135718
0 0.693082 0.824329 0.101626 0.08883
0 0.0983258 0.455721 0.0574194 0.047472
0 0.2254 0.476371 0.0748097 0.0625977
0 0.901858 0.685353 0.033473 0.0299133
0 0.765877 0.362369 0.0268312 0.0236386
0 0.85386 0.512525 0.056088 0.0512681
0 0.335969 0.297416 0.0426598 0.037166
0 0.793432 0.129927 0.0292316 0.0259451
0 0.889531 0.696061 0.0282056 0.0252938
0 0.310426 0.225374 0.0338794 0.0293442
0 0.888827 0.435923 0.0457352 0.042207
0 0.780175 0.179278 0.027411 0.0244617
0 0.953824 0.457365 0.0724554 0.0675785
0 0.204054 0.940978 0.161897 0.118044
0 0.236503 0.159187 0.0605922 0.0551389
0 0.72687 0.63165 0.0258031 0.0229062
0 0.431645 0.57815 0.0272492 0.0240362
0 0.2314 0.43741 0.028507 0.0244648
0 0.757113 0.735691 0.0461802 0.0414834
0 0.715987 0.837552 0.0397934 0.0359367
0 0.95201 0.400222 0.0959805 0.115283
0 0.799016 0.0609353 0.0299826 0.0263056
0 0.584959 0.211977 0.0399671 0.035035
0 0.80641 0.866797 0.0249279 0.0226558
0 0.434559 0.192794 0.0300105 0.0252671
0 0.949759 0.527238 0.0540556 0.0490108
0 0.936508 0.589075 0.0276025 0.0248804
0 0.114442 0.0792322 0.0306214 0.0280013
0 0.614376 0.0131631 0.123396 0.0263262
0 0.106065 0.175188 0.044994 0.0398402
0 0.759627 0.286973 0.0251102 0.0228881
0 0.989005 0.683509 0.0218976 0.021822
0 0.068352 0.18002 0.0304747 0.0270741
0 0.406491 0.305693 0.0251675 0.0225176
0 0.255878 0.915884 0.0623147 0.0531231
