0 0.371677 0.359297 0.136715 0.10472
0 0.44643 0.51291 0.19433 0.144258
0 0.116325 0.368623 0.0756883 0.0578734
0 0.287573 0.873767 0.266683 0.19654
0 0.256524 0.241433 0.149537 0.116411
0 0.294013 0.613181 0.103235 0.0783434
0 0.363953 0.717243 0.126603 0.0915059
0 0.195731 0.568086 0.103379 0.0806882
0 0.206851 0.335961 0.0968505 0.0752808
0 0.152547 0.503669 0.0799381 0.0586978
0 0.545108 0.455911 0.0795326 0.0602696
0 0.437669 0.641103 0.113642 0.0879034
0 0.210333 0.762988 0.0858739 0.0631036
0 0.105603 0.414077 0.0819828 0.0629404
0 0.359558 0.652014 0.084956 0.0649977
0 0.124121 0.643227 0.0519303 0.038318
0 0.114168 0.56571 0.0895668 0.0674242
0 0.216796 0.474885 0.0615865 0.0474056
0 0.533503 0.643807 0.0705698 0.053628
0 0.436207 0.449623 0.0304077 0.0237695
0 0.803346 0.496174 0.0581771 0.046984
0 0.221179 0.704129 0.0576407 0.0445819
0 0.4919 0.98847 0.0413604 0.0230593
0 0.649059 0.599563 0.056169 0.0437251
0 0.181746 0.713173 0.0457055 0.034634
0 0.180017 0.737097 0.0329036 0.0251641
0 0.00952515 0.628343 0.0190503 0.0484152
0 0.988862 0.503164 0.0222276 0.0243161
0 0.126044 0.0252507 0.0690855 0.0501237
0 0.158116 0.127407 0.0633947 0.0477385
0 0.0794757 0.453725 0.034251 0.026058
0 0.195218 0.412998 0.0531903 0.0406758
0 0.367432 0.428862 0.0762108 0.0531577
0 0.174818 0.872143 0.160729 0.121934
0 0.691369 0.234113 0.594541 0.464768
0 0.0221447 0.703392 0.0282606 0.0220175
0 0.047846 0.762559 0.055757 0.0426581
0 0.227611 0.623259 0.0497528 0.0388694
0 0.610237 0.587415 0.0286 0.0225751
0 0.335451 0.964453 0.132297 0.0710936
0 0.281494 0.795784 0.0808405 0.0573714
0 0.802992 0.643151 0.0273082 0.0224712
0 0.534304 0.590464 0.0596452 0.045135
0 0.44116 0.00632016 0.0406552 0.0126226
0 0.78333 0.34831 0.0282984 0.0229784
0 0.277025 0.403465 0.129217 0.100628
0 0.556339 0.615979 0.0622431 0.0488213
0 0.703819 0.285967 0.037298 0.0301418
0 0.748494 0.472078 0.0296288 0.0233479
0 0.303608 0.304324 0.0707206 0.0547739
0 0.0557077 0.365953 0.111415 0.124002
0 0.170065 0.459037 0.0482531 0.0385944
0 0.204137 0.672184 0.0371264 0.0283995
0 0.186391 0.635378 0.0540833 0.041851
