0 0.488358 0.962115 0.0781236 0.0746023
0 0.794089 0.532588 0.0831652 0.0799316
0 0.277213 0.773243 0.0913626 0.0875452
0 0.54554 0.956983 0.0474255 0.0449089
0 0.574197 0.506277 0.070041 0.0641945
0 0.756822 0.942208 0.100483 0.0965581
0 0.824551 0.0708703 0.0478401 0.0460537
0 0.859083 0.761468 0.058691 0.0561131
0 0.982657 0.599855 0.0346859 0.0489645
0 0.20995 0.569164 0.309227 0.280343
0 0.979286 0.826586 0.0350768 0.0336674
0 0.945532 0.410896 0.108937 0.186913
0 0.797918 0.380045 0.0444689 0.0430243
0 0.614384 0.322222 0.0633409 0.0599707
0 0.696138 0.697596 0.106159 0.103189
0 0.594725 0.461029 0.0309718 0.02985
0 0.790338 0.804695 0.0410599 0.0397277
0 0.704482 0.76569 0.0438719 0.0421441
0 0.651117 0.540728 0.0727315 0.0681809
0 0.521932 0.556104 0.0273192 0.0259798
0 0.481608 0.498664 0.107247 0.102617
0 0.469767 0.415209 0.0654593 0.0657353
0 0.620727 0.735364 0.0831229 0.077879
0 0.344537 0.934941 0.0274862 0.0270538
0 0.972878 0.508173 0.0277535 0.0271499
0 0.810864 0.732952 0.0623658 0.059981
0 0.509772 0.797446 0.0645981 0.0619376
0 0.837137 0.229445 0.325312 0.300939
0 0.399642 0.77036 0.171215 0.1563
0 0.845221 0.949794 0.0918366 0.0898312
0 0.869783 0.356409 0.0544548 0.0522748
0 0.704292 0.143426 0.0251508 0.024499
0 0.847824 0.0464466 0.0323546 0.0309637
0 0.585641 0.5576 0.0436363 0.0416511
0 0.946351 0.619804 0.0387402 0.0374304
0 0.908702 0.620492 0.0313763 0.0304633
0 0.928001 0.374264 0.0247916 0.0237362
0 0.358147 0.678766 0.0583898 0.0553985
0 0.883971 0.714526 0.0332559 0.032196
0 0.886123 0.311492 0.0321024 0.0307119
0 0.858933 0.607135 0.0271459 0.026369
0 0.831325 0.891766 0.0336208 0.0325928
0 0.896631 0.81467 0.0313911 0.0299247
0 0.0556155 0.500919 0.111231 0.245693
0 0.770907 0.0224345 0.0266273 0.0266367
0 0.843729 0.6961 0.0404692 0.039629
0 0.406553 0.851273 0.142339 0.133089
0 0.990955 0.28112 0.0179096 0.0267162
0 0.61235 0.674155 0.0432261 0.0402955
0 0.905092 0.671696 0.0913752 0.0882758
0 0.769584 0.630121 0.0263957 0.0256073
0 0.741104 0.576572 0.0240401 0.0231833
0 0.914222 0.933534 0.0519735 0.0504893
0 0.981471 0.418422 0.0274282 0.0265122
0 0.228982 0.0564924 0.414659 0.112206
0 0.978947 0.854182 0.0304255 0.0304024
0 0.534065 0.0230057 0.068451 0.0460115
0 0.664429 0.34972 0.0380885 0.0364561
0 0.909923 0.0344324 0.0265709 0.0263808
0 0.495996 0.152398 0.0545026 0.0533553
0 0.953318 0.733687 0.0718603 0.0673189
0 0.391223 0.47354 0.0764573 0.0728525
0 0.651997 0.376588 0.0456985 0.0440731
0 0.223616 0.987116 0.0453767 0.0257683
0 0.513006 0.35833 0.0734677 0.0725675
0 0.598161 0.809053 0.0431099 0.0419511
0 0.693691 0.67756 0.0338147 0.0338194
0 0.524732 0.0260008 0.0369911 0.0356986
0 0.60871 0.212941 0.0318429 0.0303335
0 0.645197 0.639239 0.0602762 0.0578663
0 0.797807 0.650892 0.0325484 0.0313697
0 0.744614 0.33625 0.0380549 0.0369738
0 0.505773 0.626723 0.0497809 0.0464187
0 0.974438 0.909735 0.0256853 0.0250726
0 0.566898 0.992552 0.0353451 0.0148955
