0 0.725992 0.197258 0.101796 0.0784802
0 0.786735 0.617539 0.0742458 0.0550416
0 0.371919 0.490805 0.0459449 0.0335127
0 0.359063 0.0121306 0.0499403 0.0242295
0 0.291385 0.640058 0.0619979 0.047798
0 0.724334 0.362071 0.0400045 0.0299394
0 0.239522 0.504974 0.0467079 0.0354978
0 0.543895 0.766035 0.061813 0.0457034
0 0.0535168 0.329518 0.0448435 0.0334931
0 0.282987 0.0560621 0.0329723 0.0251624
0 0.903562 0.295076 0.0606378 0.0467286
0 0.613168 0.0835417 0.0530152 0.0400553
0 0.39313 0.0372861 0.0446408 0.0352465
0 0.688942 0.0874832 0.0354011 0.0279848
0 0.907929 0.610263 0.0448852 0.0321527
0 0.876993 0.725932 0.0532132 0.0396137
0 0.805734 0.286931 0.04626 0.0359095
0 0.593723 0.23446 0.197664 0.154239
0 0.971526 0.162145 0.0565104 0.0582013
0 0.928516 0.423973 0.0421958 0.0308744
0 0.875244 0.547462 0.0768112 0.0554449
0 0.570819 0.055916 0.0903182 0.0686751
0 0.295737 0.742956 0.030394 0.022584
0 0.892134 0.432491 0.0433213 0.0319225
0 0.752431 0.0594469 0.0467459 0.0362082
0 0.326229 0.670932 0.0326625 0.025331
0 0.925774 0.0814788 0.108353 0.0834726
0 0.461404 0.0680721 0.115081 0.0889357
0 0.787611 0.678951 0.0578784 0.0423141
0 0.240261 0.754396 0.0396872 0.0309514
0 0.882963 0.256031 0.0491282 0.0382838
0 0.237731 0.77321 0.0403739 0.0310292
0 0.360408 0.701571 0.0355082 0.0270076
0 0.445817 0.00713666 0.0342718 0.0141662
0 0.307277 0.584403 0.0400397 0.0309281
0 0.0900908 0.378186 0.0374071 0.0274394
0 0.0267341 0.240331 0.0427213 0.0323999
0 0.879581 0.588628 0.0330737 0.0256673
0 0.915158 0.653408 0.0418721 0.0309164
0 0.851484 0.152383 0.0496354 0.0394142
0 0.72564 0.129949 0.0413434 0.0318851
0 0.231767 0.0132617 0.0660063 0.0264733
0 0.614631 0.551162 0.029307 0.0225391
0 0.852716 0.553294 0.0403559 0.0308531
0 0.967248 0.0640007 0.0261674 0.0214906
0 0.00709999 0.120622 0.0142 0.0548565
0 0.770451 0.52197 0.0314017 0.0238164
0 0.224997 0.381568 0.0352495 0.0271007
0 0.0521207 0.0666727 0.0320594 0.0248499
0 0.98561 0.518876 0.0287794 0.0338329
