0 0.709134 0.532648 0.106885 0.0803379
0 0.590695 0.0297802 0.0943692 0.0592661
0 0.930006 0.193598 0.0844881 0.0649139
0 0.0716025 0.731257 0.109873 0.0790893
0 0.132615 0.581697 0.0525576 0.037977
0 0.0898804 0.309769 0.0554822 0.0420679
0 0.226608 0.433518 0.0699071 0.0507843
0 0.937904 0.719372 0.0417658 0.030549
0 0.153693 0.626356 0.049594 0.0371635
0 0.840641 0.479588 0.0510184 0.0406365
0 0.792469 0.511748 0.0830318 0.0627398
0 0.570279 0.608812 0.042891 0.0326278
0 0.234435 0.636844 0.0382562 0.0284473
0 0.611023 0.234569 0.0398247 0.0306254
0 0.420685 0.410512 0.0405681 0.0298467
0 0.49554 0.382948 0.0363842 0.0273982
0 0.234032 0.699425 0.043093 0.0325473
0 0.402486 0.512129 0.0469351 0.0343773
0 0.0349911 0.712471 0.0699821 0.0734224
0 0.825499 0.45476 0.0438452 0.0334898
0 0.635477 0.785166 0.0356195 0.0272846
0 0.124559 0.138001 0.0381812 0.0297421
0 0.288976 0.460277 0.0309892 0.0238786
0 0.521595 0.119392 0.0360041 0.0277573
0 0.0176851 0.450269 0.033663 0.0250894
0 0.455136 0.202557 0.0369748 0.0285405
0 0.282866 0.39397 0.0395275 0.030707
0 0.897438 0.55114 0.0314191 0.0235496
0 0.614371 0.424125 0.0349315 0.0266344
0 0.011722 0.668616 0.023444 0.0236352
0 0.953422 0.0614915 0.0336554 0.0261295
0 0.214813 0.010779 0.0446609 0.0215214
0 0.532085 0.252018 0.0307907 0.0245846
0 0.471918 0.36268 0.0358416 0.0264644
0 0.394228 0.27202 0.0606671 0.0473641
0 0.976742 0.125198 0.0459083 0.0367481
0 0.339865 0.424759 0.0330511 0.0251773
0 0.316804 0.277331 0.037153 0.0273284
0 0.64548 0.584267 0.0407596 0.0300221
0 0.657527 0.715182 0.0353305 0.0259949
0 0.736879 0.44223 0.0391564 0.0304979
0 0.882912 0.437507 0.0294456 0.0230428
0 0.134441 0.165707 0.0318975 0.0247776
0 0.679645 0.61566 0.0308211 0.0230958
0 0.264448 0.524693 0.0320143 0.0239682
0 0.173257 0.702695 0.0401485 0.0304214
0 0.702671 0.177874 0.0300038 0.0235723
0 0.770055 0.10371 0.0329407 0.0255342
0 0.355918 0.690122 0.0463418 0.0345329
0 0.558999 0.384185 0.0303521 0.0225735
0 0.664028 0.690418 0.0325898 0.0244427
0 0.050313 0.12776 0.100544 0.255519
0 0.932677 0.0118237 0.0323598 0.0233165
0 0.742561 0.481569 0.0363396 0.028388
0 0.427451 0.671045 0.0295191 0.0224384
0 0.881765 0.278106 0.195201 0.145721
0 0.782018 0.35647 0.0286044 0.0221058
0 0.336119 0.71759 0.0341555 0.025373
0 0.542299 0.146113 0.0286946 0.022936
0 0.305524 0.683597 0.039506 0.0305305
0 0.694843 0.330088 0.0286896 0.0229449
0 0.778555 0.760614 0.0298765 0.0221705
0 0.0734844 0.34008 0.0338276 0.0251515
0 0.199579 0.684711 0.0309325 0.0232189
0 0.306254 0.332778 0.088432 0.0657199
0 0.0414451 0.487911 0.028298 0.0220424
0 0.235663 0.213928 0.0290218 0.0226489
0 0.816708 0.78644 0.030014 0.0232146
0 0.429313 0.0345409 0.033839 0.0267556
0 0.880015 0.0615143 0.0281387 0.0218226
0 0.038436 0.332607 0.0394266 0.030284
