0 0.201677 0.522589 0.22901 0.231724
0 0.625363 0.929568 0.0775058 0.073592
0 0.511077 0.690923 0.0922254 0.0888386
0 0.175146 0.184592 0.350292 0.367289
0 0.174816 0.101839 0.036481 0.0359212
0 0.282897 0.982166 0.0428078 0.0355575
0 0.876297 0.214862 0.0713862 0.0719875
0 0.637441 0.0856698 0.38334 0.17134
0 0.388711 0.239939 0.0385016 0.0373315
0 0.864939 0.465707 0.0321609 0.0312328
0 0.732039 0.487139 0.0334415 0.0322614
0 0.118499 0.982925 0.0451295 0.0339293
0 0.453309 0.121509 0.0349947 0.0348869
0 0.82049 0.985808 0.0819398 0.0283841
0 0.0646169 0.914371 0.0336095 0.032902
0 0.749751 0.87912 0.0345433 0.0336792
0 0.915325 0.309056 0.0343593 0.0335194
0 0.490219 0.512186 0.0279714 0.0269996
0 0.226939 0.358637 0.0253781 0.0250974
0 0.923641 0.986586 0.0585257 0.0268035
0 0.750779 0.905567 0.0279093 0.0272036
0 0.235422 0.987304 0.0319875 0.0253094
0 0.97367 0.0204267 0.0259085 0.0253643
0 0.598977 0.319229 0.04016 0.039508
0 0.798084 0.0838898 0.0263721 0.0256987
0 0.340527 0.228392 0.0296669 0.0291695
0 0.0616069 0.953238 0.0242307 0.0238962
0 0.876291 0.00806037 0.0310252 0.0160505
0 0.125671 0.398471 0.0301173 0.0285157
0 0.685385 0.355039 0.0260712 0.0253872
0 0.881302 0.103326 0.0250937 0.02479
0 0.736552 0.00837746 0.025202 0.0167411
0 0.444976 0.230636 0.025692 0.024693
0 0.62627 0.304714 0.0229111 0.0228133
0 0.371349 0.975227 0.0377976 0.0374601
0 0.447514 0.282894 0.0251696 0.0245442
0 0.635974 0.374174 0.0241244 0.0236601
0 0.101019 0.766774 0.0241778 0.0241084
0 0.401711 0.312816 0.0287344 0.0277613
0 0.109665 0.54526 0.219268 0.472811
0 0.451745 0.954607 0.0250623 0.0245502
0 0.739236 0.926908 0.0257335 0.0252658
0 0.702746 0.985431 0.0246424 0.0244474
0 0.477756 0.106965 0.0252355 0.0246007
0 0.906396 0.0656858 0.0242982 0.0235432
0 0.643595 0.395184 0.0261308 0.0252174
0 0.755246 0.803134 0.0278599 0.0266068
0 0.446401 0.9889 0.0290217 0.0222001
0 0.830935 0.0334646 0.0235653 0.0232182
0 0.141117 0.708615 0.0255912 0.0249884
0 0.976485 0.306194 0.0261769 0.0256615
0 0.610088 0.314119 0.0298419 0.0282873
0 0.3897 0.192979 0.0239228 0.0236875
0 0.0874887 0.378607 0.023402 0.0232133
0 0.0647307 0.368501 0.024123 0.0235708
0 0.0851504 0.748491 0.0272267 0.0267165
0 0.81473 0.926674 0.208474 0.146653
0 0.132352 0.685603 0.0268311 0.0254951
0 0.506669 0.963671 0.0267301 0.0259579
0 0.460914 0.164032 0.0218568 0.0216589
0 0.834554 0.653783 0.0244422 0.0235159
