0 0.373764 0.522798 0.0956172 0.0932704
0 0.294519 0.239695 0.054883 0.0532038
0 0.473332 0.356898 0.0511407 0.0494903
0 0.154568 0.106564 0.0544923 0.0527337
0 0.0445092 0.677756 0.0339301 0.0330591
0 0.687046 0.456712 0.0344493 0.0347183
0 0.21585 0.645622 0.0370904 0.0367675
0 0.488511 0.658477 0.0417179 0.040781
0 0.951962 0.203767 0.0295269 0.0293312
0 0.314663 0.685155 0.0342157 0.0334659
0 0.660917 0.140378 0.48665 0.27608
0 0.78508 0.637083 0.0368009 0.0362935
0 0.806636 0.48336 0.374682 0.414288
0 0.94326 0.276398 0.0255276 0.0249707
0 0.990875 0.292465 0.0182494 0.025578
0 0.902647 0.625102 0.0387489 0.0375741
0 0.803891 0.789872 0.0266744 0.02435
0 0.398181 0.0150421 0.0329685 0.0299608
0 0.520371 0.37477 0.274143 0.274172
0 0.977111 0.228831 0.0224366 0.022018
0 0.0456064 0.410371 0.0232903 0.0231452
0 0.980758 0.0325073 0.0279463 0.0274995
0 0.200241 0.760826 0.0232842 0.023726
0 0.766897 0.306159 0.0245567 0.0244091
0 0.104272 0.164208 0.0245046 0.0239612
0 0.722504 0.0364444 0.0235333 0.0231398
0 0.181797 0.0228206 0.0234893 0.023038
0 0.487723 0.0951026 0.0230634 0.02281
0 0.293564 0.564074 0.0436781 0.0425018
0 0.577146 0.0420293 0.0426927 0.0425044
0 0.260021 0.678572 0.0237287 0.0228193
0 0.71638 0.666514 0.0240527 0.0234056
0 0.625455 0.0307404 0.0262736 0.0259339
0 0.6225 0.0107491 0.0244005 0.0214983
0 0.694315 0.224904 0.114817 0.110096
0 0.715308 0.734288 0.0292768 0.0282228
0 0.276483 0.407309 0.023864 0.0240066
0 0.744035 0.29243 0.0241623 0.0236858
0 0.753066 0.170682 0.0248275 0.0245545
0 0.0885865 0.148057 0.0235417 0.0235544
