0 0.781178 0.384664 0.390883 0.375801
0 0.889042 0.959485 0.173113 0.0808847
0 0.349273 0.794961 0.0378481 0.0365982
0 0.957526 0.744146 0.0849487 0.118539
0 0.605075 0.0835363 0.240068 0.167073
0 0.526513 0.674959 0.0560974 0.0542276
0 0.257197 0.839243 0.0284632 0.0280268
0 0.54613 0.717783 0.0462196 0.0449824
0 0.55046 0.897239 0.0554084 0.0536852
0 0.332734 0.66012 0.0604486 0.0592426
0 0.612251 0.953143 0.0451035 0.0435767
0 0.366339 0.0536975 0.23483 0.107395
0 0.261399 0.779083 0.0655472 0.0643857
0 0.885927 0.885563 0.0358121 0.0353696
0 0.43614 0.786628 0.0482527 0.0480516
0 0.617977 0.635427 0.068385 0.0669804
0 0.814182 0.715508 0.0999629 0.0966721
0 0.604367 0.699655 0.0416007 0.0406608
0 0.788459 0.799615 0.0402999 0.0401576
0 0.811962 0.825275 0.0364108 0.0355268
0 0.221527 0.265719 0.0460825 0.0430724
0 0.683177 0.90476 0.0325498 0.03209
0 0.205333 0.58148 0.0784253 0.0755424
0 0.602021 0.215529 0.173776 0.166503
0 0.864277 0.674333 0.0711821 0.0688567
0 0.304197 0.629813 0.0305829 0.0296886
0 0.419613 0.651197 0.142139 0.142366
0 0.102353 0.104842 0.204706 0.209581
0 0.151342 0.51753 0.0657455 0.0638336
0 0.0226675 0.949158 0.0452871 0.0550614
0 0.0440197 0.851571 0.0877061 0.126387
0 0.974318 0.614858 0.0371422 0.0363469
0 0.680138 0.973934 0.0336548 0.0330507
0 0.433863 0.992707 0.0481054 0.0145739
0 0.525875 0.876312 0.0310973 0.0307618
0 0.228232 0.949071 0.0302542 0.0294318
0 0.0365622 0.760579 0.0609156 0.0590065
0 0.984869 0.673067 0.0302616 0.0518969
0 0.398944 0.209479 0.0321874 0.0310091
0 0.414823 0.109787 0.0344144 0.0332173
0 0.265097 0.616814 0.0475757 0.0459428
0 0.253089 0.0670814 0.0649691 0.0629551
0 0.481543 0.843316 0.0603285 0.0578764
0 0.449092 0.733827 0.0288607 0.0284298
0 0.394799 0.675029 0.0713477 0.0686393
0 0.478278 0.718256 0.0260407 0.0260885
0 0.365432 0.627294 0.0333852 0.0331072
0 0.363426 0.712547 0.0424148 0.0414512
0 0.331747 0.831007 0.0354998 0.0344312
0 0.723209 0.173334 0.0851366 0.0793823
0 0.929891 0.671946 0.0564434 0.0556662
0 0.532154 0.598397 0.0299632 0.0294969
