0 0.0180836 0.816051 0.0361672 0.0401896
0 0.878943 0.254855 0.0592556 0.0553198
0 0.695054 0.573795 0.0675335 0.0637022
0 0.609904 0.901345 0.0581194 0.0547936
0 0.0953838 0.373715 0.051418 0.0488853
0 0.773336 0.315316 0.0374285 0.0357992
0 0.157246 0.0309469 0.0432318 0.0402979
0 0.94936 0.152835 0.0434715 0.0409624
0 0.600166 0.344626 0.0375609 0.0363634
0 0.43584 0.704912 0.0351335 0.034277
0 0.948389 0.206721 0.0330247 0.031252
0 0.758281 0.969342 0.0369133 0.03578
0 0.48531 0.0296845 0.0479287 0.0464563
0 0.606861 0.856137 0.0253551 0.0242971
0 0.650548 0.860298 0.0287304 0.0277822
0 0.967862 0.745451 0.0248801 0.0237703
0 0.535796 0.0498348 0.0383306 0.0368049
0 0.138013 0.287089 0.0329631 0.0310107
0 0.190318 0.233134 0.0253445 0.0240502
0 0.144423 0.161985 0.0339348 0.0318813
0 0.816678 0.761288 0.028183 0.027226
0 0.272323 0.435981 0.0270494 0.0257628
0 0.711464 0.508824 0.0322854 0.0307556
0 0.813933 0.230849 0.0324653 0.0299647
0 0.707563 0.914254 0.0241314 0.0231848
0 0.992541 0.703405 0.0149185 0.0233455
0 0.981656 0.775268 0.0256066 0.0243912
0 0.21935 0.344646 0.0244088 0.0230216
0 0.267679 0.793853 0.0268261 0.0257618
0 0.213387 0.216334 0.0309991 0.0283746
0 0.0233278 0.717229 0.0241557 0.0231697
0 0.622243 0.389455 0.0244491 0.0230796
0 0.289406 0.744439 0.0303167 0.0293224
0 0.770084 0.233602 0.0256438 0.0245608
0 0.929032 0.345201 0.0250149 0.0240239
0 0.932234 0.498694 0.0526214 0.0513835
0 0.33384 0.149419 0.0256332 0.0242117
0 0.369379 0.214997 0.0245535 0.0235664
0 0.542895 0.711166 0.0276623 0.0269616
0 0.637805 0.33354 0.0310867 0.0294587
0 0.653742 0.317987 0.0249496 0.0237355
0 0.267452 0.40642 0.0243076 0.0234213
0 0.565231 0.672739 0.0238865 0.0230307
0 0.843261 0.297718 0.0250994 0.0234411
0 0.721556 0.840834 0.0244075 0.0234609
0 0.656868 0.839719 0.026896 0.0258546
0 0.549744 0.916811 0.04495 0.0432386
0 0.124661 0.435099 0.0254425 0.0241052
0 0.0157813 0.521088 0.0315627 0.0650029
0 0.932579 0.257167 0.022835 0.022085
0 0.605234 0.623899 0.0232287 0.0225949
0 0.27866 0.926377 0.0304544 0.0293014
0 0.547596 0.468673 0.032285 0.0320714
0 0.770818 0.85831 0.0259194 0.0244438
0 0.453741 0.345664 0.0236019 0.0228741
0 0.397937 0.980279 0.0263617 0.0258865
0 0.672658 0.822969 0.0287316 0.0275621
0 0.461493 0.373141 0.0228331 0.0221908
0 0.298367 0.897535 0.035473 0.0346279
0 0.262732 0.327692 0.0260487 0.0254382
0 0.595004 0.280434 0.0233392 0.0222281
0 0.0628298 0.244379 0.0370254 0.0354831
0 0.459163 0.0635122 0.0234141 0.0227132
0 0.527104 0.468148 0.0262192 0.0255623
0 0.701678 0.833419 0.0243671 0.0239191
0 0.112731 0.185644 0.0234886 0.022267
