0 0.109594 0.55145 0.109122 0.086539
0 0.646666 0.811301 0.0714483 0.058132
0 0.487851 0.655694 0.0443529 0.0352726
0 0.0897615 0.392999 0.0361224 0.0285695
0 0.603077 0.00875128 0.0443034 0.0174084
0 0.517612 0.15247 0.0348363 0.0272918
0 0.127459 0.850267 0.035062 0.0272725
0 0.325301 0.212408 0.0339924 0.0266674
0 0.165701 0.0937061 0.0347726 0.0272566
0 0.5199 0.00708966 0.0338035 0.0141723
0 0.194348 0.605906 0.162077 0.124946
0 0.133746 0.7093 0.0352863 0.0262667
0 0.750213 0.475037 0.0326753 0.0256851
0 0.875519 0.847851 0.0298079 0.0252293
0 0.430257 0.357371 0.0302201 0.0244771
0 0.202277 0.9871 0.0369698 0.0257473
0 0.0166557 0.794739 0.0311833 0.0236991
0 0.167986 0.390361 0.0281307 0.0225029
0 0.0101279 0.092594 0.0202481 0.0284905
0 0.394555 0.728575 0.0383934 0.0303726
0 0.0490221 0.768621 0.0323918 0.0253348
0 0.723167 0.515805 0.0284219 0.0228
0 0.417319 0.111192 0.0277294 0.0213697
0 0.902798 0.634257 0.0492338 0.0394305
0 0.472878 0.688824 0.0378872 0.030679
0 0.26374 0.867386 0.52748 0.265227
0 0.850211 0.50052 0.0268754 0.0217261
0 0.233555 0.887584 0.0278331 0.0221221
0 0.5985 0.0898387 0.0271994 0.0220961
0 0.933976 0.887976 0.0273943 0.0226472
0 0.298158 0.925244 0.0377323 0.0298482
