0 0.309145 0.562425 0.0755579 0.0712377
0 0.298384 0.362672 0.142629 0.135883
0 0.163565 0.294315 0.128966 0.125559
0 0.627147 0.712939 0.114049 0.110904
0 0.620006 0.625714 0.0991764 0.0950589
0 0.148715 0.0558856 0.167015 0.111771
0 0.637988 0.472005 0.0773103 0.0735634
0 0.125953 0.189472 0.108083 0.101673
0 0.389483 0.416817 0.0748803 0.072736
0 0.651215 0.906888 0.0811651 0.0791306
0 0.0964173 0.829569 0.0481921 0.046314
0 0.0492792 0.0547487 0.0984858 0.109497
0 0.0814465 0.152969 0.0472951 0.0450565
0 0.302849 0.418075 0.043368 0.0431016
0 0.57365 0.451977 0.0747878 0.0716315
0 0.284009 0.505048 0.0526033 0.050686
0 0.194064 0.411206 0.0755019 0.0736425
0 0.915642 0.491093 0.0426671 0.0417884
0 0.203635 0.675857 0.0351268 0.033953
0 0.552439 0.905146 0.0365912 0.0356755
0 0.348458 0.478727 0.0723846 0.0702027
0 0.864872 0.136536 0.0629011 0.0621994
0 0.30949 0.648466 0.0373938 0.0353189
0 0.791003 0.549866 0.0329082 0.032517
0 0.497524 0.870381 0.0279403 0.027283
0 0.723048 0.309192 0.0320067 0.0303204
0 0.13855 0.591861 0.0334692 0.0322492
0 0.541322 0.84439 0.0339358 0.0331017
0 0.444694 0.833933 0.0298778 0.0292085
0 0.392445 0.270074 0.0272874 0.0266384
0 0.898762 0.522022 0.0291377 0.0287166
0 0.15559 0.479528 0.0426269 0.040798
0 0.968144 0.469229 0.0296694 0.0290246
0 0.966101 0.385347 0.0278878 0.0270924
0 0.771017 0.441917 0.0325012 0.0316569
0 0.217559 0.512451 0.0340282 0.0330898
0 0.424706 0.818331 0.0265 0.0259362
0 0.0821237 0.254412 0.0593501 0.0570214
0 0.0122125 0.755404 0.0242057 0.0253195
0 0.00687179 0.693222 0.0137436 0.060307
0 0.749337 0.140567 0.0320988 0.0313144
0 0.407771 0.516557 0.0637813 0.0619707
0 0.52992 0.952559 0.229349 0.0944924
0 0.340643 0.948677 0.023953 0.0237902
0 0.495073 0.349745 0.0285591 0.0274621
0 0.285733 0.308267 0.0667717 0.0653723
0 0.466174 0.59353 0.100699 0.0938027
0 0.0911224 0.648912 0.0256301 0.0246566
0 0.249669 0.252718 0.0757977 0.0731732
0 0.784084 0.926029 0.0874572 0.0869684
0 0.962582 0.624918 0.0748352 0.223461
0 0.138106 0.730253 0.131052 0.120789
0 0.727476 0.279405 0.0239018 0.0232322
0 0.930538 0.158048 0.0238962 0.0234835
0 0.381794 0.39532 0.0329224 0.0321002
0 0.727946 0.476826 0.0336879 0.0325699
0 0.884512 0.914177 0.230976 0.170514
0 0.407274 0.682436 0.0239199 0.0233324
0 0.920562 0.0879649 0.0514883 0.0496553
0 0.974238 0.294109 0.0509596 0.0626627
0 0.00354981 0.803164 0.00709962 0.0326586
0 0.675978 0.620997 0.0231175 0.0232001
0 0.926152 0.582951 0.102905 0.101511
0 0.213398 0.803986 0.022665 0.0222087
0 0.616134 0.214612 0.0228276 0.0225829
0 0.695424 0.571348 0.0909362 0.0886605
0 0.826198 0.0728333 0.240568 0.145328
0 0.316372 0.448878 0.068585 0.0658511
0 0.922305 0.569157 0.1212 0.123983
0 0.252889 0.458386 0.0334523 0.031664
0 0.387153 0.345803 0.05017 0.0491966
0 0.864252 0.250554 0.0372398 0.0362894
0 0.0360049 0.206796 0.0719453 0.143718
0 0.0411066 0.514034 0.0236522 0.0229411
0 0.841983 0.500511 0.02843 0.027816
0 0.593477 0.54827 0.0992055 0.0914288
0 0.969551 0.807875 0.0246535 0.0238183
0 0.339689 0.671695 0.0598345 0.057542
