0 0.458638 0.230451 0.0393329 0.0309724
0 0.0132834 0.990542 0.0265668 0.0189165
0 0.06743 0.611697 0.0339321 0.0271654
0 0.971169 0.674302 0.0385933 0.0317953
0 0.618193 0.0835397 0.10917 0.0895762
0 0.923468 0.106044 0.0461679 0.0386254
0 0.94979 0.134683 0.0483031 0.0407882
0 0.945005 0.210992 0.041183 0.0342704
0 0.42873 0.956462 0.0290159 0.0251725
0 0.396955 0.973222 0.0369542 0.0307515
0 0.150264 0.91271 0.0298427 0.0237157
0 0.937341 0.181401 0.0500069 0.040534
0 0.914322 0.946053 0.0692798 0.0544451
0 0.412049 0.527944 0.559574 0.575667
0 0.472068 0.037747 0.0278919 0.0224405
0 0.989724 0.648962 0.0205528 0.0243515
