0 0.106736 0.129069 0.212493 0.257356
0 0.303415 0.542391 0.138143 0.126879
0 0.33045 0.154256 0.217734 0.197542
0 0.194292 0.75405 0.388122 0.401907
0 0.719881 0.225961 0.0629826 0.0568795
0 0.121494 0.385477 0.0839139 0.0750182
0 0.813807 0.768274 0.0906443 0.0821314
0 0.536106 0.795024 0.0780394 0.0686912
0 0.132373 0.859519 0.0495017 0.0457623
0 0.561669 0.864896 0.0808513 0.0726447
0 0.468224 0.237939 0.0415373 0.0376236
0 0.653464 0.708051 0.0568995 0.0513339
0 0.615705 0.836198 0.0652156 0.0581839
0 0.799959 0.978085 0.074925 0.0433955
0 0.349861 0.94562 0.178562 0.108761
0 0.744878 0.614126 0.0536857 0.0495064
0 0.776491 0.506667 0.0460782 0.0422914
0 0.461256 0.42213 0.0356054 0.032479
0 0.890954 0.949338 0.0556418 0.0490537
0 0.953163 0.568973 0.090242 0.084596
0 0.765366 0.434192 0.0369389 0.0340126
0 0.890786 0.855586 0.0329222 0.0295229
0 0.902916 0.518818 0.0629603 0.0580678
0 0.622248 0.391726 0.0496247 0.0454731
0 0.683903 0.652631 0.0807288 0.072638
0 0.348787 0.0370291 0.0265281 0.0249488
0 0.0217465 0.438297 0.0434816 0.0817198
0 0.678399 0.559451 0.0506229 0.0455687
0 0.0113774 0.338428 0.0227548 0.0534944
0 0.525477 0.451637 0.0457138 0.041441
0 0.802002 0.134834 0.0330052 0.0291418
0 0.92975 0.817282 0.0636516 0.0577345
0 0.488005 0.604924 0.0284513 0.0253205
0 0.778929 0.385921 0.0250497 0.0238141
0 0.807252 0.190621 0.0435089 0.039365
0 0.251128 0.33752 0.0300487 0.0278699
0 0.969205 0.810159 0.044559 0.040156
0 0.988441 0.424122 0.023117 0.033474
0 0.427399 0.645785 0.0453521 0.0392532
0 0.586654 0.367989 0.0370526 0.0340955
0 0.897284 0.463118 0.0257483 0.0240952
0 0.512966 0.0234827 0.0339782 0.0296172
0 0.312893 0.384665 0.114998 0.102719
0 0.435795 0.487904 0.0319938 0.0288045
0 0.454794 0.298826 0.0241725 0.0229877
0 0.883832 0.619213 0.0591664 0.0560476
0 0.495918 0.115888 0.0273759 0.0256997
0 0.671327 0.937181 0.0599751 0.0532303
0 0.742185 0.396493 0.0239091 0.0225461
0 0.994728 0.127709 0.0105444 0.0250918
0 0.699843 0.488651 0.051182 0.0463359
0 0.477214 0.921599 0.0979384 0.0853433
0 0.945632 0.628812 0.0554633 0.0514505
0 0.721507 0.944463 0.0561085 0.0503643
0 0.760401 0.247486 0.0350931 0.0317405
0 0.631071 0.558009 0.0327415 0.0289631
0 0.325715 0.325668 0.0570989 0.0524154
0 0.325874 0.0251617 0.0368003 0.0333524
0 0.175362 0.0495845 0.304896 0.099169
0 0.842493 0.546412 0.126237 0.11602
0 0.619683 0.201669 0.0268007 0.024036
0 0.589234 0.270542 0.0424994 0.0372731
0 0.521556 0.243722 0.0253114 0.0233081
0 0.0238211 0.990442 0.0240869 0.0190735
0 0.932223 0.167469 0.029419 0.0259022
0 0.263432 0.441294 0.0757606 0.0701626
0 0.838186 0.865855 0.12702 0.114855
0 0.234108 0.641732 0.0326989 0.0309056
0 0.620034 0.91621 0.049336 0.0428797
0 0.180652 0.3785 0.0311061 0.0295285
0 0.519648 0.267976 0.0265088 0.0240364
