0 0.836974 0.301843 0.0399215 0.0338755
0 0.675222 0.628576 0.0486948 0.0423446
0 0.776904 0.209721 0.0307547 0.0250672
0 0.0644838 0.739952 0.0321997 0.0282159
0 0.333071 0.0205617 0.0347279 0.0297158
0 0.272441 0.0590297 0.0331203 0.0287142
0 0.592698 0.942853 0.10226 0.0868182
0 0.419718 0.393594 0.033611 0.0288298
0 0.525654 0.450456 0.0339223 0.0293084
0 0.049894 0.77559 0.0295752 0.0257835
0 0.122299 0.598169 0.0301004 0.0258212
0 0.814904 0.493374 0.0292988 0.0261075
0 0.506338 0.479294 0.0321908 0.0276756
0 0.0728204 0.803627 0.0286697 0.0253762
0 0.0906727 0.634582 0.0687662 0.060767
0 0.353813 0.00433772 0.0301558 0.00862734
0 0.800092 0.628016 0.07759 0.0673174
0 0.634166 0.605488 0.0336664 0.0288137
0 0.138596 0.192164 0.0820179 0.0707198
0 0.205376 0.0732133 0.0274667 0.0232276
0 0.379942 0.361897 0.0496154 0.0427822
0 0.317647 0.137206 0.0295562 0.0256908
0 0.294862 0.822955 0.0313612 0.0268129
0 0.516124 0.938026 0.047797 0.0402189
0 0.139744 0.981914 0.0297361 0.0264346
0 0.0309796 0.804848 0.0255972 0.0239129
0 0.704748 0.892011 0.123135 0.101117
0 0.444078 0.949768 0.0657601 0.05397
0 0.0745951 0.996343 0.0347768 0.00731468
