0 0.415103 0.0629884 0.144708 0.125842
0 0.333194 0.136899 0.12934 0.119809
0 0.476327 0.798161 0.058961 0.0557367
0 0.63562 0.570183 0.0487645 0.047372
0 0.645587 0.175601 0.0410295 0.039666
0 0.0498519 0.763596 0.0316048 0.0286837
0 0.140802 0.481631 0.0381864 0.0344752
0 0.797172 0.813495 0.0345149 0.0324046
0 0.901062 0.945913 0.037409 0.0344097
0 0.959056 0.678936 0.0249374 0.0237869
0 0.983352 0.680166 0.0268593 0.0254309
0 0.796718 0.168413 0.228407 0.200572
0 0.178913 0.439779 0.0296375 0.0263335
0 0.804164 0.125329 0.0261436 0.0250291
0 0.422438 0.263935 0.030547 0.0298468
0 0.0337132 0.601899 0.0273048 0.0243196
0 0.528523 0.352857 0.0276234 0.0264435
0 0.684083 0.980933 0.0461233 0.0381344
0 0.25473 0.424856 0.0251027 0.0228927
0 0.208874 0.355933 0.0251966 0.0229568
0 0.828712 0.878413 0.0239546 0.0226999
0 0.246713 0.451962 0.0295965 0.0266747
0 0.82417 0.904549 0.0568352 0.0541804
0 0.434811 0.382128 0.0273604 0.0257587
0 0.0419912 0.139477 0.0241467 0.0234561
0 0.970198 0.963706 0.0243871 0.0223851
0 0.0210389 0.189418 0.0249643 0.0238197
0 0.775302 0.986765 0.0240726 0.0225586
0 0.313934 0.27329 0.0422066 0.039397
