0 0.7819 0.829059 0.0436171 0.0345526
0 0.984406 0.142047 0.0311885 0.0284669
0 0.77867 0.0634616 0.045095 0.0356433
0 0.261263 0.134483 0.0403298 0.0337918
0 0.439632 0.213355 0.030351 0.0248062
0 0.742395 0.425105 0.15828 0.120024
0 0.553547 0.919874 0.0367708 0.028341
0 0.532893 0.771786 0.0288668 0.0222797
0 0.132185 0.343026 0.0329155 0.0265521
0 0.808477 0.513003 0.0339179 0.026078
0 0.995234 0.743417 0.00953274 0.0266277
0 0.273512 0.491561 0.125978 0.09989
0 0.700689 0.550291 0.0410015 0.032727
0 0.801083 0.0355689 0.0427155 0.0337779
0 0.210446 0.156547 0.050109 0.0407211
