0 0.860372 0.917711 0.0655007 0.0645959
0 0.731715 0.205908 0.0619725 0.0601818
0 0.571287 0.349844 0.0503252 0.0483011
0 0.853848 0.447228 0.2816 0.270777
0 0.311773 0.0691056 0.0470339 0.0453704
0 0.970951 0.681778 0.058029 0.0809307
0 0.338552 0.245597 0.0349539 0.0342113
0 0.0936001 0.0612863 0.1498 0.122573
0 0.83939 0.066871 0.0319998 0.0314009
0 0.0234808 0.973065 0.0383157 0.0371809
0 0.0197882 0.410577 0.0347781 0.0337439
0 0.604601 0.641877 0.0396702 0.0389487
0 0.242674 0.626082 0.0321077 0.0312185
0 0.869737 0.838339 0.049542 0.0487123
0 0.683335 0.646837 0.0766854 0.0746391
0 0.581884 0.525268 0.0287676 0.0284768
0 0.965234 0.271162 0.0407022 0.0389826
0 0.142749 0.232694 0.0286394 0.0271582
0 0.295447 0.902807 0.0551988 0.052917
0 0.95012 0.376093 0.0425057 0.0412874
0 0.0718803 0.554139 0.0323668 0.031933
0 0.14224 0.772828 0.27932 0.26786
0 0.0742635 0.341838 0.0303424 0.0294922
0 0.729728 0.108362 0.0412667 0.0404831
0 0.402206 0.0917669 0.0535667 0.0519503
0 0.675804 0.0848652 0.0259987 0.0254918
0 0.323805 0.117473 0.0284427 0.0272898
0 0.704695 0.386617 0.0268955 0.0261008
0 0.60824 0.327096 0.179325 0.173401
0 0.681197 0.888825 0.0306339 0.0291948
0 0.411452 0.187284 0.333472 0.279727
0 0.39854 0.0248153 0.0263073 0.0254856
0 0.229428 0.531763 0.0687216 0.0672099
0 0.974721 0.521495 0.0416721 0.0398033
0 0.596298 0.909353 0.240807 0.180676
0 0.379105 0.478102 0.320741 0.308061
0 0.547209 0.47214 0.0254474 0.0250698
0 0.254461 0.411301 0.0298239 0.028437
0 0.0987261 0.838998 0.0334368 0.0319159
0 0.498331 0.290331 0.0374131 0.036497
0 0.0472809 0.992406 0.0265633 0.0151877
0 0.964789 0.202979 0.0374417 0.0369709
0 0.26378 0.436658 0.0261488 0.0256658
0 0.166652 0.513508 0.0485966 0.0476941
0 0.465314 0.0928247 0.0397219 0.0386088
0 0.607014 0.226676 0.0248313 0.0245463
0 0.514222 0.0161906 0.0547619 0.032227
0 0.745773 0.05887 0.027167 0.0263967
0 0.0464371 0.17055 0.0243685 0.0232405
0 0.892639 0.158326 0.0245183 0.0243421
0 0.987287 0.165062 0.0254257 0.0336348
0 0.986495 0.359688 0.0237136 0.0233284
0 0.903163 0.0308095 0.0286682 0.0280403
0 0.889399 0.79185 0.0574625 0.0557978
0 0.908323 0.257008 0.183355 0.325688
0 0.775085 0.327378 0.0412915 0.0404904
0 0.809126 0.236833 0.0242989 0.0246224
0 0.0328647 0.503178 0.039991 0.0395443
0 0.653195 0.706914 0.0509167 0.049016
0 0.609503 0.849901 0.0234289 0.0229353
0 0.812153 0.526106 0.0481026 0.0455525
0 0.576236 0.449711 0.0439246 0.0424643
0 0.918168 0.0123798 0.0269095 0.0245278
0 0.105689 0.657931 0.0331358 0.0328193
0 0.53416 0.0757986 0.0556133 0.0545616
0 0.679604 0.726725 0.023674 0.0228455
0 0.826179 0.728772 0.0235901 0.0231851
0 0.555236 0.422048 0.0235692 0.0236374
0 0.772604 0.871665 0.15858 0.156238
0 0.990122 0.0342094 0.0197562 0.0309401
0 0.27206 0.856942 0.024254 0.0238898
0 0.106678 0.489127 0.0299563 0.0290047
0 0.896661 0.590312 0.0235909 0.0232485
0 0.214625 0.681215 0.077635 0.0780525
0 0.485914 0.402642 0.0886307 0.0846542
0 0.961805 0.130829 0.028769 0.0286901
0 0.0332746 0.378056 0.0322516 0.0309335
0 0.494221 0.229059 0.0270951 0.0266222
0 0.0124165 0.246813 0.0248329 0.0552235
0 0.493946 0.66836 0.176114 0.165276
0 0.288457 0.692638 0.0281433 0.027365
0 0.718627 0.525651 0.0233598 0.0228662
0 0.41821 0.77894 0.331006 0.349652
0 0.894202 0.75413 0.0275085 0.0266085
0 0.159618 0.41293 0.0224229 0.0215709
0 0.365583 0.182366 0.0220377 0.021602
0 0.206991 0.259326 0.0226049 0.0216576
0 0.571293 0.0182044 0.0622923 0.0364088
