0 0.952703 0.688691 0.059788 0.0464823
0 0.611712 0.638745 0.0351075 0.0262452
0 0.168435 0.723077 0.0648673 0.0505876
0 0.452002 0.0992139 0.0331177 0.0264255
0 0.605704 0.483028 0.0763497 0.0593728
0 0.130499 0.539383 0.0582351 0.044437
0 0.230513 0.777349 0.0424377 0.0326965
0 0.986758 0.0731092 0.0262964 0.0236033
0 0.569174 0.780643 0.0718577 0.0467054
0 0.384581 0.526521 0.572565 0.56948
0 0.806168 0.679216 0.226075 0.175454
0 0.0250212 0.77593 0.0500424 0.0492045
0 0.843451 0.537379 0.0604536 0.0459404
0 0.155945 0.492556 0.0274074 0.0218855
0 0.174837 0.169475 0.179528 0.132267
0 0.883497 0.45783 0.153471 0.11747
