0 0.27169 0.745399 0.0473788 0.0351639
0 0.175812 0.701869 0.0339676 0.0260911
0 0.414191 0.102703 0.0538091 0.0404721
0 0.655597 0.0937951 0.0509103 0.038343
0 0.770063 0.0837056 0.0322704 0.0250168
0 0.133544 0.517762 0.0586601 0.0436977
0 0.0469533 0.386691 0.03463 0.0259206
0 0.113795 0.15257 0.0575609 0.0456606
0 0.279868 0.195175 0.032192 0.0256522
0 0.61932 0.744089 0.0364234 0.026957
0 0.912889 0.421064 0.041012 0.0327872
0 0.532571 0.709364 0.0306751 0.0235809
0 0.206421 0.291601 0.0338011 0.025979
0 0.640442 0.121044 0.0408022 0.0298633
0 0.0202309 0.688132 0.0288896 0.0219178
0 0.666626 0.125378 0.0301311 0.0237929
0 0.744219 0.0628848 0.0285678 0.0228101
0 0.803466 0.625433 0.0624063 0.04718
0 0.914549 0.508057 0.0296948 0.0226045
0 0.253111 0.321822 0.0320477 0.0249617
0 0.100521 0.714988 0.0670842 0.0503213
0 0.717769 0.218164 0.0375858 0.0305934
0 0.284243 0.393488 0.0418418 0.032805
0 0.822342 0.592449 0.03473 0.0269821
0 0.095292 0.746194 0.0295821 0.0223765
0 0.139548 0.173599 0.0525685 0.0401438
0 0.162597 0.0228822 0.227528 0.0456232
0 0.894517 0.625543 0.0281937 0.0220957
0 0.618591 0.0906681 0.0362198 0.0279948
0 0.864013 0.769565 0.036281 0.0274968
0 0.0885487 0.559932 0.172905 0.128692
0 0.876076 0.590853 0.0466314 0.0347039
