0 0.434121 0.747558 0.0766917 0.0596884
0 0.674907 0.636807 0.041846 0.0302708
0 0.723516 0.954189 0.0512621 0.0408344
0 0.673139 0.188566 0.0385394 0.0307806
0 0.516611 0.84107 0.0505764 0.0386286
0 0.158909 0.283198 0.0317686 0.0258874
0 0.141569 0.491759 0.0443716 0.0343876
0 0.0991162 0.504574 0.0413764 0.0312473
0 0.281873 0.927605 0.0394627 0.0321833
0 0.13228 0.955228 0.118115 0.0895434
0 0.551801 0.0375594 0.0305544 0.0254445
0 0.350928 0.553797 0.0487154 0.0388045
0 0.85035 0.909343 0.0303421 0.0246616
0 0.552731 0.819762 0.036807 0.0288365
0 0.392789 0.322511 0.0317538 0.0244048
0 0.638118 0.64521 0.0347483 0.0255687
0 0.275455 0.073263 0.0273896 0.0233252
0 0.619706 0.727771 0.0310681 0.0238945
0 0.963337 0.8367 0.0277299 0.0225674
0 0.744657 0.563889 0.0293617 0.0222757
0 0.680044 0.889372 0.0292737 0.0230913
0 0.623205 0.63216 0.0312834 0.0249058
0 0.944193 0.864234 0.0319543 0.0261796
0 0.601561 0.517307 0.028079 0.0224352
0 0.647855 0.880557 0.0303547 0.0234954
0 0.802293 0.940115 0.0276471 0.0221803
0 0.499057 0.443348 0.05501 0.0461966
0 0.101437 0.00981612 0.0273009 0.019572
0 0.1862 0.14834 0.0302862 0.0258836
0 0.848933 0.890901 0.0261192 0.0220981
0 0.767473 0.966138 0.0359015 0.029242
