0 0.216899 0.973834 0.0637841 0.0522174
0 0.0731164 0.885122 0.034969 0.0328193
0 0.885163 0.519511 0.0362978 0.0346174
0 0.593711 0.76405 0.0297484 0.0285778
0 0.930923 0.623319 0.0261703 0.0250616
0 0.0652266 0.955266 0.0281209 0.0270491
0 0.353163 0.70936 0.0342269 0.0328848
0 0.534705 0.918078 0.0373415 0.0356559
0 0.272297 0.854211 0.0305236 0.0290987
0 0.340311 0.692803 0.0297012 0.0284209
0 0.228629 0.140023 0.0327907 0.0308439
0 0.397849 0.555522 0.0419326 0.0393596
0 0.873508 0.831514 0.0404453 0.0395288
0 0.610785 0.948281 0.0259166 0.0252151
0 0.954209 0.401405 0.0515021 0.048727
0 0.942064 0.64606 0.0233658 0.0230217
0 0.586428 0.908114 0.0249444 0.0243709
0 0.502536 0.831005 0.024798 0.0235964
0 0.709565 0.728952 0.0249986 0.0245674
0 0.840591 0.272819 0.0351148 0.0304269
0 0.0842484 0.973032 0.0258442 0.0248724
0 0.185732 0.292217 0.0859655 0.0810393
0 0.614283 0.785216 0.0271115 0.0261686
0 0.275636 0.874285 0.023053 0.0225692
0 0.0576237 0.757126 0.0273556 0.0251372
