0 0.679628 0.709929 0.0444963 0.0443283
0 0.769614 0.917951 0.0329885 0.0319861
0 0.910114 0.614611 0.0280769 0.0275037
0 0.760679 0.305822 0.0298643 0.0288645
0 0.936246 0.642723 0.0287335 0.0278141
0 0.592126 0.881965 0.0260739 0.0253468
0 0.041633 0.210513 0.0281109 0.0260636
0 0.300988 0.208832 0.0244704 0.023649
0 0.860854 0.276359 0.0286932 0.0269638
0 0.824474 0.313161 0.0405765 0.0384246
0 0.872693 0.929899 0.023159 0.0225328
0 0.842903 0.292368 0.0295015 0.0275142
0 0.945763 0.882532 0.023834 0.0231128
0 0.0876295 0.00580482 0.0238987 0.0115202
0 0.345463 0.253878 0.0236814 0.0234848
0 0.157446 0.491077 0.0229836 0.0223699
0 0.928894 0.993892 0.0235262 0.0122162
