0 0.309816 0.336768 0.506148 0.371449
0 0.138382 0.542128 0.0737082 0.0563345
0 0.308256 0.714225 0.226954 0.179714
0 0.858847 0.823699 0.181525 0.132228
0 0.240295 0.950349 0.0667688 0.0521389
0 0.829499 0.497416 0.0494375 0.0373876
0 0.419041 0.950816 0.0734899 0.0554934
0 0.944293 0.331217 0.0406861 0.029786
0 0.97108 0.317902 0.05784 0.0471742
0 0.79494 0.898565 0.0992884 0.0764397
0 0.0300729 0.990223 0.0318624 0.0195546
0 0.0277102 0.891614 0.0554205 0.0923392
0 0.0102684 0.153933 0.0205255 0.0251497
0 0.0606487 0.171383 0.120766 0.104893
0 0.135206 0.101494 0.0342279 0.0273394
0 0.810888 0.970351 0.0927076 0.0592987
0 0.547088 0.106976 0.0281022 0.0227941
0 0.0305344 0.373736 0.0610138 0.0635641
0 0.0543528 0.794994 0.104734 0.0833835
0 0.190859 0.503503 0.0509224 0.0397496
0 0.277604 0.978637 0.0360472 0.0285231
0 0.0235374 0.258688 0.0457383 0.0368515
0 0.701894 0.635176 0.0311531 0.0246079
0 0.665024 0.902853 0.238119 0.190672
0 0.0127592 0.229346 0.0255184 0.0269356
0 0.13277 0.587735 0.0351015 0.0275415
0 0.557337 0.455605 0.0782649 0.0575625
0 0.388042 0.347105 0.0277637 0.0215916
0 0.756919 0.864456 0.203215 0.167348
