0 0.804957 0.212397 0.111387 0.108269
0 0.0787511 0.563211 0.15718 0.215654
0 0.332634 0.7761 0.0484546 0.0470123
0 0.644415 0.0889628 0.186132 0.175933
0 0.705601 0.764647 0.0830287 0.0817218
0 0.252412 0.0919598 0.0416672 0.0389683
0 0.93286 0.302033 0.0327253 0.0317843
0 0.459197 0.297739 0.0405713 0.0379896
0 0.787705 0.274266 0.035006 0.0341249
0 0.421242 0.13863 0.0293053 0.0284824
0 0.350423 0.750871 0.0257875 0.0250871
0 0.240471 0.0664303 0.0322426 0.0311244
0 0.599698 0.808581 0.0340266 0.0327854
0 0.534261 0.198469 0.0267768 0.0256423
0 0.393462 0.28468 0.0313555 0.0296588
0 0.0896896 0.236724 0.0255346 0.0249911
0 0.167218 0.0295278 0.0348328 0.0340071
0 0.150009 0.373462 0.0309864 0.0293063
0 0.369293 0.467518 0.0350357 0.0322678
0 0.153194 0.833302 0.0286622 0.0281446
0 0.0832895 0.0109825 0.0311073 0.021965
0 0.22696 0.312687 0.0342333 0.0330255
0 0.800008 0.942025 0.286186 0.115802
0 0.609401 0.991439 0.0285179 0.0170516
0 0.518792 0.328808 0.0265422 0.0255445
0 0.943026 0.91107 0.113949 0.176868
0 0.0194837 0.23088 0.0389674 0.0921918
0 0.375781 0.374708 0.0261544 0.0251251
0 0.236687 0.35431 0.0524793 0.0508476
0 0.652578 0.968555 0.0280042 0.0278283
0 0.640743 0.434161 0.0246736 0.0237999
0 0.17983 0.296911 0.0300606 0.0289347
0 0.09525 0.162404 0.0766537 0.0726154
0 0.484896 0.753746 0.055153 0.0529938
0 0.208546 0.291331 0.0244177 0.0240031
0 0.996376 0.12514 0.00724878 0.032107
0 0.381139 0.569282 0.275375 0.267361
0 0.0765307 0.302246 0.0385827 0.03736
0 0.661102 0.821958 0.0735638 0.0721036
0 0.865659 0.106806 0.0253451 0.0242497
0 0.483208 0.901441 0.0521077 0.0501656
0 0.0766364 0.0358242 0.0349859 0.033896
0 0.481131 0.372013 0.0475698 0.0441545
0 0.550879 0.00876397 0.0269537 0.0175279
0 0.0531182 0.211687 0.0318205 0.0302731
0 0.0524956 0.017964 0.0237905 0.0230943
0 0.92785 0.811491 0.0732183 0.0695642
0 0.41619 0.358617 0.0227883 0.0223328
0 0.439974 0.931277 0.0438482 0.0420072
0 0.00932062 0.117667 0.0186412 0.126145
0 0.935171 0.0390431 0.129659 0.0780862
0 0.0446889 0.353596 0.0231294 0.0232047
0 0.202843 0.677587 0.0228604 0.0228164
0 0.0416382 0.386095 0.0382728 0.0368207
0 0.453567 0.695251 0.0698411 0.0681852
