0 0.747609 0.0653016 0.150356 0.128435
0 0.341613 0.326162 0.0846848 0.0743034
0 0.104697 0.43952 0.155308 0.129872
0 0.958962 0.53102 0.0423489 0.0350924
0 0.508866 0.222234 0.143662 0.122146
0 0.929799 0.889418 0.0475011 0.0408091
0 0.219125 0.561971 0.0378022 0.0309755
0 0.57522 0.387187 0.037863 0.0324218
0 0.647816 0.445908 0.0363274 0.0306811
0 0.388387 0.220066 0.0956342 0.0849031
0 0.857948 0.958623 0.0343587 0.029866
0 0.300617 0.674084 0.0314885 0.0262405
0 0.973927 0.480522 0.0306349 0.0246743
0 0.179604 0.00722588 0.0341755 0.0143894
0 0.856056 0.909176 0.0271025 0.0234193
0 0.742374 0.623648 0.0281115 0.0235743
0 0.237088 0.22016 0.138123 0.11387
0 0.103788 0.143347 0.133899 0.117727
0 0.0987141 0.50384 0.0279344 0.0241032
0 0.492182 0.949163 0.0296233 0.0245143
0 0.180678 0.294835 0.0286924 0.0252545
0 0.444087 0.277613 0.0614614 0.0530227
0 0.72703 0.630773 0.0285707 0.0240013
0 0.871484 0.789842 0.0259285 0.0222452
0 0.867627 0.330264 0.0304262 0.024516
0 0.0304565 0.405611 0.060826 0.169728
0 0.264288 0.851652 0.0263259 0.0226924
0 0.959651 0.0486339 0.0287282 0.0254536
0 0.394579 0.288523 0.0572523 0.0498014
0 0.821782 0.876666 0.0300327 0.0261598
0 0.640918 0.0238059 0.142446 0.0475317
0 0.346069 0.225906 0.0804268 0.0706682
0 0.073916 0.359712 0.0546752 0.0479791
0 0.153841 0.845084 0.0250242 0.0212376
0 0.902201 0.263679 0.0263616 0.0227538
0 0.0443264 0.987848 0.0554406 0.0241939
