0 0.148956 0.746583 0.296992 0.276734
0 0.481303 0.686445 0.448074 0.407674
0 0.163628 0.268112 0.194791 0.173969
0 0.115647 0.543517 0.178004 0.146619
0 0.222042 0.0145392 0.0356068 0.0290767
0 0.522887 0.158994 0.125961 0.0994468
0 0.944329 0.041735 0.063188 0.0506441
0 0.301643 0.412125 0.038865 0.0333871
0 0.810313 0.0724239 0.0336895 0.0258387
0 0.909598 0.489192 0.0911208 0.0740581
0 0.808104 0.212253 0.0508611 0.0406255
0 0.602293 0.171034 0.0318777 0.0260769
0 0.461432 0.324073 0.0343401 0.0270879
0 0.471561 0.115229 0.0903426 0.0735832
0 0.399424 0.931135 0.054848 0.0446124
0 0.976921 0.327889 0.0391026 0.0309486
0 0.788538 0.911027 0.0262955 0.0231478
0 0.292451 0.0150391 0.129512 0.0300337
0 0.951137 0.759303 0.0255014 0.0227156
0 0.784522 0.0329767 0.0439973 0.0362777
0 0.211932 0.610948 0.0283163 0.0242783
0 0.724659 0.87484 0.550681 0.249018
0 0.681461 0.55567 0.0264339 0.0220182
0 0.82165 0.0518939 0.0311174 0.0255047
0 0.930205 0.753617 0.139589 0.227329
