0 0.493357 0.352476 0.294052 0.287838
0 0.738729 0.288288 0.20568 0.194437
0 0.699535 0.748611 0.175985 0.178438
0 0.894571 0.062692 0.0855082 0.0845596
0 0.762441 0.025743 0.0621674 0.0514176
0 0.911239 0.939258 0.0608323 0.060133
0 0.134376 0.424666 0.268296 0.378661
0 0.597103 0.870378 0.250424 0.243709
0 0.269099 0.76146 0.0594289 0.0588126
0 0.430714 0.537463 0.0860264 0.0817084
0 0.643673 0.0545303 0.0394404 0.0386931
0 0.0380351 0.918743 0.0759921 0.159573
0 0.530248 0.671503 0.219474 0.223003
0 0.661521 0.452876 0.173085 0.163896
0 0.988766 0.0956028 0.0224681 0.0659832
0 0.755334 0.980931 0.0973837 0.0381372
0 0.928617 0.115642 0.0336413 0.0333226
0 0.555566 0.992017 0.0481524 0.0159609
0 0.797008 0.0970769 0.0351082 0.0343535
0 0.857212 0.733729 0.0393791 0.0392518
0 0.45806 0.854426 0.066566 0.0650163
0 0.72233 0.949297 0.0414178 0.0401943
0 0.90267 0.906683 0.0272688 0.0275424
0 0.821163 0.733552 0.0242865 0.0243808
0 0.573217 0.798912 0.032506 0.0319837
0 0.584858 0.522053 0.0278802 0.0275243
0 0.812481 0.174964 0.0393255 0.039411
0 0.710911 0.0418817 0.0679102 0.0680973
0 0.868172 0.93748 0.0258529 0.0257353
0 0.135246 0.937955 0.0441722 0.0432837
0 0.60007 0.206786 0.0253329 0.0248651
0 0.988908 0.583787 0.0220298 0.0423627
0 0.575279 0.0870546 0.0459369 0.0449245
0 0.769601 0.692177 0.0257694 0.0250294
0 0.953167 0.682968 0.0364991 0.0359866
0 0.359705 0.88579 0.03529 0.0334852
0 0.79513 0.927717 0.0767499 0.0763122
0 0.900388 0.859543 0.0280589 0.0275609
0 0.584975 0.65678 0.322103 0.301378
0 0.445963 0.792363 0.0693682 0.0662023
0 0.834574 0.876387 0.0568076 0.0563432
0 0.898827 0.289894 0.152291 0.144035
0 0.227484 0.798353 0.025526 0.0253925
0 0.96315 0.869767 0.0269208 0.0271624
0 0.860513 0.402796 0.0512306 0.0502495
0 0.931068 0.978114 0.0971713 0.0437714
0 0.905204 0.100228 0.0230258 0.0235442
0 0.167213 0.114 0.32514 0.228
0 0.905295 0.884955 0.0228424 0.022624
0 0.518868 0.172525 0.0262583 0.0256581
0 0.401694 0.483833 0.0469436 0.0451241
0 0.978612 0.699869 0.0248111 0.0239186
0 0.5689 0.904404 0.0246795 0.0244509
0 0.235918 0.615884 0.408579 0.382567
0 0.494486 0.941597 0.0415885 0.0389492
0 0.489623 0.937754 0.0497521 0.0467844
0 0.986681 0.285188 0.0265948 0.0469173
0 0.761146 0.391163 0.0226951 0.0230841
0 0.126887 0.699235 0.141321 0.136959
0 0.285081 0.802215 0.0350323 0.0337683
0 0.901192 0.79304 0.0223124 0.0223144
0 0.428565 0.619106 0.0334153 0.0325753
0 0.339348 0.725524 0.0234141 0.0230479
0 0.921817 0.738801 0.0233967 0.0229948
