0 0.689809 0.416169 0.218839 0.154351
0 0.619229 0.714479 0.176513 0.131618
0 0.236098 0.525568 0.0597119 0.044428
0 0.364864 0.279944 0.05774 0.043785
0 0.522633 0.592951 0.060423 0.0450347
0 0.187071 0.211186 0.048092 0.0352888
0 0.119099 0.454533 0.0434374 0.0324917
0 0.852578 0.575365 0.0355706 0.026859
0 0.914497 0.528736 0.04543 0.0340832
0 0.17376 0.408057 0.0369804 0.0273005
0 0.762698 0.216073 0.0401367 0.0303322
0 0.713786 0.582942 0.0481669 0.0374481
0 0.0204752 0.165576 0.0310095 0.0229403
0 0.0595304 0.398752 0.0338194 0.0254379
0 0.377164 0.742568 0.0309799 0.0225935
0 0.310796 0.280719 0.0312002 0.0230328
0 0.957746 0.419879 0.0342185 0.0254716
0 0.581169 0.310011 0.0310178 0.0229038
0 0.758419 0.324076 0.0862543 0.0627445
0 0.327026 0.437456 0.0419228 0.0320037
0 0.425239 0.147089 0.356443 0.218266
0 0.894477 0.748936 0.0323121 0.0253587
0 0.729827 0.616013 0.0328441 0.0255614
0 0.421021 0.491462 0.0298544 0.0230102
0 0.25748 0.485007 0.0562185 0.042709
0 0.924178 0.722608 0.14188 0.112226
0 0.623781 0.0552142 0.0279602 0.0213077
0 0.0127203 0.735689 0.0254405 0.0562315
0 0.691649 0.5252 0.0285432 0.0211868
0 0.81097 0.200508 0.075039 0.0559726
0 0.934946 0.375019 0.0283229 0.0213285
0 0.11374 0.204176 0.227479 0.218502
0 0.879416 0.355496 0.241169 0.31413
0 0.737842 0.114577 0.0486397 0.0360678
0 0.645816 0.0112751 0.0263295 0.0211408
0 0.0132588 0.0807803 0.0265176 0.0283028
0 0.698412 0.61625 0.0359092 0.0275781
0 0.15443 0.45779 0.0282209 0.021992
