0 0.308719 0.243119 0.0438898 0.038956
0 0.283337 0.506821 0.0426813 0.0376745
0 0.479928 0.377539 0.0408074 0.0362026
0 0.496721 0.329156 0.0500005 0.0449395
0 0.42417 0.215266 0.0307117 0.0266514
0 0.350108 0.423691 0.0445216 0.038679
0 0.31252 0.429201 0.0321299 0.0284332
0 0.444617 0.981071 0.0387233 0.0332298
0 0.433617 0.805713 0.0305471 0.0255249
0 0.152352 0.974622 0.0300095 0.024997
0 0.0429678 0.735956 0.0298894 0.0259951
0 0.0370214 0.25988 0.0293875 0.0256743
0 0.554251 0.523188 0.0267961 0.0242643
0 0.223234 0.646605 0.0282225 0.024835
0 0.243695 0.738576 0.0260047 0.0227386
0 0.0424372 0.88429 0.0318476 0.0271742
0 0.532566 0.0854669 0.0455524 0.0408565
0 0.280152 0.344139 0.0258203 0.0234454
0 0.278261 0.485902 0.0263604 0.0231521
0 0.5788 0.424633 0.0241701 0.0220485
0 0.478369 0.441551 0.0239776 0.0220727
0 0.0661198 0.650904 0.027163 0.0242758
0 0.364319 0.947075 0.0273164 0.0234259
0 0.029822 0.347279 0.059644 0.0763629
0 0.592938 0.445499 0.0246315 0.0299969
0 0.385742 0.0969744 0.0246776 0.0235807
0 0.280503 0.92661 0.130637 0.112687
0 0.507761 0.450624 0.0233349 0.0215003
0 0.348519 0.441399 0.0262769 0.0230649
0 0.230191 0.325675 0.0748675 0.0674295
0 0.195702 0.419188 0.0241985 0.0222687
