0 0.373424 0.655238 0.0936098 0.0797961
0 0.168168 0.367617 0.0976731 0.0852698
0 0.864995 0.961046 0.0668587 0.0621483
0 0.185074 0.307715 0.0595504 0.052051
0 0.0832605 0.913399 0.0754541 0.0624426
0 0.543159 0.556495 0.0921428 0.0768916
0 0.318166 0.264547 0.0517356 0.045001
0 0.286922 0.335104 0.0583524 0.0516316
0 0.783091 0.282536 0.0869694 0.0728679
0 0.404211 0.842439 0.0947919 0.0783565
0 0.597252 0.641995 0.0508687 0.0434677
0 0.859457 0.262394 0.0621769 0.0532324
0 0.490239 0.599122 0.0652686 0.0545185
0 0.857687 0.332322 0.0947187 0.0788099
0 0.713152 0.838916 0.0530488 0.0467896
0 0.0823855 0.117464 0.0568043 0.0485814
0 0.744663 0.357266 0.0535178 0.04627
0 0.0830163 0.979219 0.0579935 0.0414114
0 0.442677 0.747355 0.0739037 0.0601909
0 0.710206 0.402584 0.0802474 0.0666245
0 0.0865564 0.271 0.0386228 0.0334829
0 0.35852 0.443697 0.0379713 0.033211
0 0.571707 0.163792 0.0759733 0.0641771
0 0.730264 0.661413 0.0497103 0.0424869
0 0.400181 0.36866 0.0308409 0.0272972
0 0.351266 0.845931 0.0761423 0.0639521
0 0.0660516 0.0384145 0.0635954 0.0541556
0 0.0328934 0.738223 0.0336455 0.0282527
0 0.541634 0.43412 0.0508668 0.043376
0 0.313353 0.384829 0.0292445 0.0256033
0 0.681139 0.752487 0.0429909 0.0373578
0 0.801994 0.87509 0.0319469 0.0295308
0 0.353502 0.980753 0.0343807 0.0293099
0 0.810924 0.123422 0.373317 0.246322
0 0.712937 0.696959 0.0370005 0.0325868
0 0.642767 0.395101 0.0351817 0.0306909
0 0.467286 0.145054 0.0404188 0.034226
0 0.605585 0.386084 0.0353527 0.0304921
0 0.899669 0.346686 0.0273868 0.0237044
0 0.455725 0.207918 0.0338697 0.0299534
0 0.581572 0.483542 0.0628967 0.0543522
0 0.722867 0.468743 0.0985432 0.0824462
0 0.973063 0.229836 0.0527273 0.0437254
0 0.756283 0.556308 0.035284 0.0294582
0 0.269338 0.376814 0.0258161 0.023326
0 0.42034 0.557249 0.0280448 0.0238528
0 0.694355 0.72414 0.0417296 0.0359905
0 0.671864 0.31981 0.0498975 0.044045
0 0.591566 0.261296 0.0327759 0.028881
0 0.772361 0.956078 0.0270183 0.0249767
0 0.0528646 0.0875682 0.0416859 0.0358045
0 0.0898272 0.242071 0.0273875 0.0236115
0 0.975549 0.195343 0.0386935 0.0314235
0 0.687121 0.233547 0.0299875 0.0258853
0 0.10957 0.912826 0.0278694 0.023952
0 0.513816 0.4011 0.0518917 0.0441748
0 0.406817 0.155268 0.0245627 0.0225411
0 0.694371 0.355514 0.0367291 0.0320028
0 0.76911 0.079315 0.0273032 0.0231276
0 0.640694 0.211874 0.0603261 0.0508876
0 0.026742 0.346569 0.053484 0.0614792
0 0.81926 0.7187 0.0281465 0.0263131
0 0.00733706 0.982126 0.0146741 0.0346247
0 0.759049 0.203286 0.0560842 0.0463027
0 0.865002 0.718601 0.0274529 0.0251139
0 0.626248 0.259126 0.0436893 0.0384222
0 0.110067 0.652382 0.0248344 0.0217648
0 0.273391 0.286595 0.0247095 0.0222381
0 0.598639 0.701385 0.0463603 0.0386135
0 0.825963 0.86403 0.0313967 0.0287041
0 0.567191 0.00836441 0.0440259 0.0167288
0 0.65558 0.370133 0.041559 0.0353244
0 0.64786 0.930342 0.0901817 0.0802705
0 0.348489 0.593213 0.0509182 0.042829
0 0.806564 0.826255 0.0251484 0.0223021
0 0.391335 0.327085 0.0706471 0.0616083
0 0.441544 0.658206 0.0421801 0.0364208
0 0.141719 0.0705677 0.0274725 0.0242079
0 0.923337 0.279591 0.0252159 0.0216243
0 0.615637 0.438175 0.0328064 0.0288219
0 0.404478 0.248253 0.0434865 0.0372686
0 0.52717 0.300906 0.0247781 0.0222324
