0 0.193566 0.626536 0.190149 0.15883
0 0.53389 0.0489512 0.0487505 0.0405179
0 0.324095 0.968988 0.0453025 0.0377765
0 0.708577 0.610004 0.0417641 0.0362716
0 0.535687 0.843985 0.0381671 0.033971
0 0.16799 0.121811 0.0345636 0.0298752
0 0.826185 0.593929 0.0316097 0.0270098
0 0.909926 0.137711 0.0302233 0.0260922
0 0.495027 0.813437 0.0481248 0.0414834
0 0.0410613 0.537877 0.0332172 0.0283798
0 0.519012 0.24647 0.0344377 0.0276213
0 0.152936 0.212155 0.0287172 0.024591
0 0.484094 0.577814 0.0398512 0.0358093
0 0.183016 0.72241 0.0394159 0.0322268
0 0.681565 0.498321 0.0322156 0.0280018
0 0.646443 0.173809 0.0286356 0.0238579
0 0.867099 0.985278 0.0369895 0.0290472
0 0.83281 0.900717 0.0276716 0.0242157
0 0.266142 0.591322 0.0454892 0.0394685
0 0.0604566 0.884447 0.0309236 0.0243298
0 0.38337 0.217153 0.0292667 0.0241904
0 0.735213 0.0428764 0.405558 0.0857529
0 0.139433 0.903621 0.236865 0.177069
0 0.297138 0.402862 0.02684 0.0233417
0 0.937663 0.364314 0.0265686 0.0237013
0 0.110338 0.131958 0.0255738 0.0226226
0 0.98775 0.747497 0.0245004 0.0272907
0 0.755557 0.737833 0.0455124 0.0380015
0 0.383561 0.408258 0.0319169 0.0277281
0 0.712149 0.556202 0.0466859 0.0404228
0 0.570844 0.36299 0.0283317 0.0240023
0 0.404375 0.203205 0.0290365 0.0244521
0 0.0330485 0.493097 0.0433433 0.0378137
0 0.98069 0.245346 0.0384837 0.0912242
0 0.428513 0.0717137 0.0307516 0.0251483
0 0.467042 0.364794 0.0292109 0.0241198
0 0.395198 0.223423 0.226376 0.179615
0 0.318154 0.287172 0.0299998 0.0254152
0 0.54286 0.566761 0.0435534 0.0391158
0 0.350527 0.547875 0.0288147 0.0254167
0 0.0094378 0.251947 0.0188756 0.0262353
0 0.388098 0.602281 0.0452875 0.0410082
0 0.840379 0.984801 0.0245399 0.0224887
0 0.428254 0.27451 0.0406766 0.0336581
0 0.603176 0.777114 0.0292914 0.0253179
0 0.838048 0.828234 0.0248647 0.0220242
0 0.458107 0.924434 0.0697764 0.0605127
0 0.280643 0.687056 0.076802 0.0632728
