0 0.084927 0.419206 0.0489984 0.0477595
0 0.309227 0.228726 0.0497349 0.0487247
0 0.11347 0.0297674 0.0414816 0.0404838
0 0.19194 0.116646 0.0337033 0.0327832
0 0.542389 0.747328 0.0447998 0.04393
0 0.540044 0.566795 0.0344752 0.0339127
0 0.799446 0.016507 0.0319846 0.0311998
0 0.843301 0.929658 0.0467229 0.0451674
0 0.646328 0.46554 0.0295933 0.0289521
0 0.0158356 0.171064 0.0316503 0.0553443
0 0.611668 0.6559 0.034388 0.033339
0 0.630098 0.576218 0.030204 0.0291312
0 0.360413 0.24602 0.048455 0.0473642
0 0.136817 0.462084 0.0364827 0.0356937
0 0.61829 0.725927 0.0380957 0.0376115
0 0.35509 0.199755 0.0382786 0.0377663
0 0.00978182 0.0989308 0.0195032 0.0357429
0 0.0614004 0.881146 0.0308465 0.0299177
0 0.425267 0.071385 0.031402 0.0308233
0 0.401797 0.27459 0.0341203 0.0330538
0 0.555285 0.681891 0.0322003 0.0318974
0 0.134519 0.153846 0.0353124 0.034836
0 0.576825 0.831521 0.0302221 0.0295197
0 0.660781 0.513179 0.0341512 0.0326589
0 0.681086 0.612832 0.0290359 0.0283479
0 0.611292 0.790707 0.0297575 0.0291199
0 0.543325 0.776385 0.0285833 0.0280843
0 0.522783 0.86068 0.0279505 0.0274739
0 0.806658 0.802942 0.0328713 0.0321791
0 0.742472 0.0459777 0.0297626 0.0290393
0 0.244893 0.846649 0.0317065 0.0302143
0 0.184135 0.414101 0.0296934 0.0285912
0 0.882821 0.270417 0.0317516 0.0313718
0 0.424016 0.76376 0.0260939 0.0255837
0 0.306818 0.0588701 0.0285222 0.0284512
0 0.7874 0.538595 0.0271675 0.0262329
0 0.128876 0.0820877 0.0288829 0.0281473
0 0.439229 0.127511 0.0255852 0.0247746
0 0.288143 0.00778144 0.0433754 0.0155375
0 0.610151 0.54314 0.0274127 0.0264223
0 0.785438 0.220913 0.0280435 0.0273573
0 0.722534 0.841153 0.0304403 0.029797
0 0.212351 0.186614 0.0282213 0.0279442
0 0.794563 0.282357 0.0250806 0.0244993
0 0.398015 0.285808 0.459733 0.571615
0 0.13999 0.647006 0.0238495 0.0231175
0 0.730731 0.479143 0.025346 0.0246192
0 0.879366 0.880585 0.0249813 0.0245463
0 0.0258698 0.218396 0.0258724 0.0255488
0 0.659419 0.560377 0.0239266 0.0230783
0 0.0983924 0.134235 0.024684 0.024556
0 0.0223951 0.796275 0.0243641 0.0240229
0 0.986123 0.946604 0.0240412 0.0237145
0 0.967352 0.193499 0.065297 0.215256
0 0.11531 0.853119 0.0656918 0.0632664
0 0.601581 0.816156 0.0236205 0.0232052
0 0.583935 0.360076 0.0434701 0.0415384
0 0.472903 0.288238 0.0233435 0.0235353
0 0.791103 0.470024 0.0326075 0.0317572
0 0.163693 0.86995 0.023791 0.023245
0 0.853338 0.893034 0.0245843 0.0243692
0 0.565078 0.807136 0.0228791 0.0222295
0 0.220072 0.641223 0.0473846 0.046334
0 0.89791 0.431825 0.0245883 0.0239885
0 0.0459649 0.9803 0.025523 0.0248568
0 0.397928 0.546063 0.049744 0.0494469
0 0.19002 0.237334 0.0248434 0.02439
0 0.506805 0.82354 0.0229565 0.022305
0 0.544626 0.941655 0.0229925 0.0230048
0 0.0371507 0.895252 0.0231015 0.0222795
0 0.211453 0.860116 0.0245299 0.023854
0 0.637294 0.176264 0.0241491 0.0236682
0 0.687663 0.125811 0.0243967 0.0243426
0 0.0875001 0.989196 0.0240372 0.02156
0 0.97213 0.840749 0.0238176 0.0233282
0 0.0325647 0.720853 0.0217243 0.0217601
0 0.212129 0.248501 0.0229796 0.022564
0 0.956345 0.0705121 0.0284209 0.0271646
0 0.593013 0.619242 0.0325425 0.0311284
0 0.468983 0.193351 0.0227359 0.0225306
0 0.749049 0.40766 0.0228346 0.0225664
0 0.894097 0.528303 0.0644357 0.0639687
0 0.606888 0.567217 0.0233188 0.0231149
0 0.486794 0.929764 0.0231163 0.0230721
