0 0.262788 0.231458 0.450536 0.45732
0 0.921754 0.477678 0.104161 0.0993749
0 0.585239 0.588662 0.0566216 0.0555306
0 0.0318342 0.5323 0.0480979 0.0467561
0 0.854271 0.367285 0.065537 0.0644338
0 0.807739 0.973999 0.0406841 0.0402085
0 0.889713 0.55308 0.0754815 0.0732927
0 0.824652 0.216635 0.0395659 0.0388906
0 0.920192 0.702142 0.0564814 0.0557981
0 0.893582 0.916656 0.0417695 0.0410764
0 0.933462 0.866207 0.0398614 0.0390987
0 0.735923 0.448799 0.0311041 0.0300847
0 0.816275 0.936735 0.0308863 0.0305527
0 0.887513 0.650394 0.0266145 0.0267155
0 0.971831 0.676587 0.0270961 0.0266497
0 0.351846 0.583284 0.0290908 0.0283539
0 0.990518 0.88555 0.0189648 0.0400577
0 0.848943 0.943365 0.0276604 0.0266289
0 0.513734 0.537511 0.0259962 0.0257452
0 0.643614 0.169032 0.0246325 0.0245199
0 0.645294 0.898382 0.0311356 0.0300363
0 0.973635 0.702682 0.0251704 0.0247114
0 0.902427 0.848042 0.0288319 0.0285742
0 0.662589 0.760745 0.0264575 0.0253814
0 0.752793 0.627911 0.107398 0.10275
0 0.379097 0.91576 0.0261005 0.0253052
0 0.673218 0.532113 0.0256391 0.0253649
0 0.292895 0.464238 0.0256367 0.0255569
0 0.613705 0.717027 0.0355353 0.0342383
0 0.757262 0.681168 0.0262233 0.0254922
0 0.810054 0.685765 0.0296581 0.0291848
0 0.780265 0.125019 0.0235984 0.0233901
0 0.932366 0.984299 0.0271673 0.0271542
0 0.630776 0.630891 0.0794656 0.0766959
0 0.262802 0.824824 0.0235798 0.0235271
0 0.838272 0.657915 0.0513258 0.0492214
0 0.0404892 0.427043 0.0229414 0.0225727
0 0.682157 0.700748 0.122064 0.120476
0 0.647201 0.00610652 0.0232356 0.012213
0 0.816152 0.568823 0.0711769 0.070116
0 0.413497 0.447311 0.0290836 0.0283698
0 0.743864 0.502059 0.0456309 0.045174
0 0.692754 0.751855 0.0245592 0.0244052
0 0.328607 0.595473 0.0256354 0.0256732
0 0.359482 0.0271055 0.0249561 0.0240456
0 0.829431 0.899778 0.0282338 0.027249
0 0.943301 0.900019 0.0249677 0.0245878
0 0.956927 0.252286 0.0226812 0.023319
0 0.854289 0.653248 0.0902429 0.0863256
0 0.68545 0.794069 0.0251015 0.0246831
