0 0.667803 0.189986 0.333717 0.296425
0 0.067866 0.916444 0.135732 0.148215
0 0.571118 0.595355 0.119164 0.108808
0 0.673701 0.168101 0.0377603 0.0344377
0 0.878051 0.920395 0.243898 0.158781
0 0.0412705 0.297597 0.0397253 0.0346592
0 0.368221 0.13267 0.0480546 0.0438949
0 0.984883 0.87832 0.0302342 0.0401888
0 0.338911 0.358606 0.0359234 0.0324267
0 0.797025 0.448861 0.214375 0.195929
0 0.766575 0.0310506 0.119272 0.0621011
0 0.223711 0.594666 0.0469478 0.0417025
0 0.568426 0.505988 0.0349669 0.0317813
0 0.364457 0.856595 0.0268048 0.0246332
0 0.868118 0.351404 0.033961 0.0328825
0 0.0115173 0.792156 0.023007 0.0340084
0 0.0916898 0.673927 0.0791465 0.0702422
0 0.494637 0.44798 0.0408481 0.0345453
0 0.961552 0.595375 0.0764173 0.258646
0 0.704171 0.0200763 0.0467465 0.0400615
0 0.738846 0.553601 0.0337987 0.0307682
0 0.66838 0.531343 0.0851316 0.0747932
0 0.8791 0.288958 0.0267609 0.0257548
0 0.0263628 0.628201 0.0523276 0.0499735
0 0.667882 0.0320349 0.0518404 0.0487733
0 0.414224 0.533324 0.0266206 0.0242762
0 0.446225 0.243159 0.048346 0.0442971
0 0.193723 0.521063 0.0302998 0.0267556
0 0.929547 0.753267 0.0260949 0.0242748
0 0.0504027 0.81528 0.0905966 0.0807219
0 0.488041 0.576139 0.027914 0.0247463
0 0.742461 0.765589 0.0756574 0.0683076
0 0.926866 0.367195 0.027324 0.025918
0 0.605825 0.0260837 0.0272872 0.0265523
0 0.315759 0.522949 0.202647 0.198472
0 0.0842473 0.620537 0.0401729 0.0365853
0 0.909818 0.435503 0.0263582 0.0252006
0 0.87955 0.60005 0.0337882 0.0312645
0 0.367714 0.227219 0.0327131 0.0307359
0 0.035434 0.842614 0.0559394 0.0499334
0 0.922986 0.0262794 0.0236861 0.022366
0 0.857539 0.67437 0.284923 0.302082
0 0.667001 0.746655 0.0782081 0.0705742
0 0.857306 0.0213281 0.0243181 0.0233989
0 0.239715 0.0126427 0.221252 0.0251398
0 0.725828 0.347482 0.0541773 0.0494567
0 0.181487 0.559184 0.0312616 0.0280499
0 0.652514 0.807912 0.0263454 0.024234
0 0.155475 0.703719 0.0562879 0.0514832
0 0.888845 0.650237 0.0233492 0.0222214
0 0.41596 0.0987092 0.0279121 0.0266368
0 0.592768 0.493967 0.0814307 0.0721252
0 0.352968 0.560963 0.0540882 0.0483448
0 0.433434 0.55224 0.0912942 0.0819428
