0 0.775058 0.639393 0.0518567 0.0477395
0 0.797876 0.404424 0.0739136 0.0679379
0 0.104905 0.200357 0.0573904 0.0545253
0 0.692101 0.946639 0.108068 0.0993967
0 0.716607 0.546124 0.0412173 0.0380112
0 0.587555 0.517227 0.0504065 0.0458817
0 0.114077 0.41705 0.0445749 0.0395579
0 0.333907 0.438023 0.0388064 0.0361393
0 0.111845 0.819369 0.0329455 0.0313511
0 0.53532 0.285173 0.0356416 0.0342919
0 0.621224 0.669042 0.0370393 0.0348659
0 0.161637 0.628905 0.0370282 0.0344322
0 0.849193 0.195141 0.027982 0.0262409
0 0.970295 0.961391 0.0512195 0.0457978
0 0.793097 0.744525 0.0292446 0.027051
0 0.409717 0.698172 0.0305692 0.0286655
0 0.176143 0.5898 0.0300098 0.0269961
0 0.273621 0.990717 0.0263147 0.018496
0 0.340835 0.483592 0.0348665 0.0312845
0 0.441012 0.0198993 0.0268926 0.0256659
0 0.24436 0.76865 0.026432 0.0259287
0 0.87131 0.91154 0.0285881 0.0253127
0 0.644282 0.948873 0.0638639 0.0563393
0 0.495026 0.765037 0.0263425 0.0246795
0 0.213864 0.00773404 0.0372196 0.0154481
0 0.913902 0.944743 0.0724327 0.0633614
0 0.135415 0.65229 0.0313852 0.0288582
0 0.89341 0.666711 0.0254655 0.0233846
0 0.777372 0.78933 0.124066 0.111154
0 0.458673 0.118602 0.0297719 0.0284935
0 0.893788 0.260153 0.212424 0.230717
0 0.352599 0.130337 0.0430568 0.0410054
0 0.259284 0.229368 0.082388 0.0766406
0 0.974032 0.419636 0.0518899 0.0844228
0 0.362991 0.0617902 0.338677 0.12257
0 0.369609 0.376596 0.031314 0.0295792
0 0.184722 0.221983 0.0241335 0.0234199
0 0.737034 0.696468 0.025079 0.0235608
0 0.898559 0.910691 0.02758 0.0255507
0 0.371016 0.730552 0.0247821 0.0235155
0 0.550582 0.405399 0.0238311 0.0226299
0 0.00693204 0.542786 0.0138641 0.0234403
0 0.141017 0.0936013 0.155567 0.1414
0 0.106771 0.00952497 0.0481772 0.0189944
0 0.824548 0.115213 0.0654345 0.060864
0 0.593889 0.796394 0.0252717 0.0231535
0 0.282331 0.355314 0.0696889 0.0660621
0 0.431502 0.064221 0.0225116 0.0220818
0 0.728457 0.888371 0.0326299 0.0294797
0 0.31532 0.743512 0.0437996 0.0404563
0 0.961854 0.0845217 0.0631027 0.0590419
0 0.419798 0.60161 0.240588 0.216518
0 0.347935 0.760254 0.0241925 0.0224795
0 0.261856 0.791301 0.143115 0.130183
0 0.802912 0.965506 0.029428 0.026484
0 0.179482 0.401734 0.0258945 0.0237317
0 0.472277 0.0927747 0.027155 0.0262459
0 0.0191314 0.164142 0.0380723 0.0452938
0 0.0677134 0.992254 0.0268571 0.0154923
0 0.228827 0.865545 0.0267598 0.0258106
0 0.891049 0.970058 0.217902 0.0598532
0 0.275846 0.766996 0.177928 0.174532
0 0.42003 0.796843 0.0546273 0.0502035
0 0.155769 0.702742 0.0245781 0.022855
0 0.463434 0.583074 0.0338894 0.0305383
0 0.757963 0.974046 0.0396156 0.0356578
0 0.986912 0.184248 0.0261475 0.0425496
0 0.965129 0.711403 0.0257904 0.024096
0 0.276193 0.736231 0.153046 0.133814
