0 0.463315 0.224574 0.137336 0.128634
0 0.695399 0.0835617 0.119057 0.111269
0 0.0569232 0.772328 0.067132 0.0633507
0 0.914985 0.18249 0.111492 0.103361
0 0.858738 0.0952874 0.108408 0.0995634
0 0.819413 0.955933 0.0532556 0.047973
0 0.732931 0.935889 0.0545507 0.0498213
0 0.772747 0.515682 0.139309 0.12217
0 0.270955 0.0718036 0.0414068 0.0397631
0 0.224669 0.508348 0.0477071 0.0454906
0 0.904069 0.445842 0.0451537 0.0404257
0 0.587037 0.107749 0.0595419 0.0555575
0 0.745468 0.866029 0.0584879 0.0542511
0 0.674746 0.156075 0.0486448 0.0463835
0 0.0782516 0.425844 0.156079 0.289857
0 0.566106 0.77505 0.0432944 0.040525
0 0.0730524 0.958091 0.0350978 0.0340153
0 0.302452 0.756946 0.256901 0.243998
0 0.590865 0.788019 0.11762 0.111553
0 0.869157 0.616558 0.0569344 0.0519036
0 0.0992233 0.825145 0.0275936 0.0266266
0 0.587933 0.975623 0.163403 0.0485444
0 0.332104 0.892608 0.3327 0.213864
0 0.654064 0.0321117 0.135506 0.0640766
0 0.773644 0.751157 0.0622445 0.059046
0 0.176825 0.670128 0.0627613 0.0593393
0 0.0537841 0.979817 0.0263098 0.0257687
0 0.720031 0.670624 0.0281081 0.0264695
0 0.857101 0.25849 0.0488108 0.0448101
0 0.118918 0.891854 0.0253993 0.0245509
0 0.886625 0.954704 0.0684655 0.0643967
0 0.624193 0.145121 0.0779954 0.0736726
0 0.0952998 0.871222 0.0262496 0.0249858
0 0.686152 0.984702 0.0271139 0.0253623
0 0.332408 0.207016 0.0354172 0.0348246
0 0.28603 0.23456 0.034066 0.032291
0 0.686935 0.739149 0.0270972 0.0251897
0 0.779303 0.207122 0.0294641 0.0268834
0 0.33802 0.176015 0.0330446 0.0334255
0 0.682943 0.378682 0.0240561 0.0232059
0 0.956459 0.496841 0.0263776 0.0228004
0 0.888238 0.946983 0.080341 0.0747809
0 0.976054 0.521498 0.0466275 0.0437102
0 0.893639 0.926028 0.0514343 0.0471349
0 0.00381887 0.508428 0.00763774 0.0254447
0 0.0183848 0.91237 0.0365961 0.0451722
0 0.0145568 0.17843 0.0290822 0.138628
0 0.0541689 0.814978 0.022967 0.0217832
0 0.245838 0.0319657 0.0230369 0.0221463
0 0.35202 0.00418902 0.0239726 0.00833317
0 0.00337892 0.785872 0.00675784 0.0272799
0 0.570529 0.356079 0.0599934 0.0551662
0 0.878679 0.848271 0.242642 0.301902
0 0.700747 0.867609 0.0306317 0.0286632
0 0.26294 0.182767 0.0220449 0.0213666
