0 0.942992 0.449644 0.0655386 0.0610324
0 0.0730067 0.947582 0.0681866 0.0634143
0 0.341469 0.448947 0.0454587 0.0437064
0 0.146917 0.041759 0.0460555 0.0441959
0 0.0155633 0.513023 0.0311266 0.0385865
0 0.968337 0.593068 0.0333562 0.0305545
0 0.52753 0.982698 0.0488289 0.0344959
0 0.11132 0.506027 0.0333469 0.0312956
0 0.602381 0.98472 0.120642 0.0305591
0 0.59912 0.0429792 0.0307465 0.028217
0 0.271341 0.598891 0.0306036 0.0295217
0 0.872105 0.836286 0.0273415 0.0257518
0 0.285706 0.0237385 0.0249308 0.023675
0 0.844238 0.406381 0.0247647 0.023609
0 0.353848 0.712017 0.173659 0.162973
0 0.987889 0.636395 0.0237754 0.023682
0 0.891288 0.565835 0.0245961 0.0228915
0 0.973078 0.538701 0.0260215 0.0234878
0 0.887239 0.522904 0.0253407 0.0240965
0 0.385317 0.376732 0.0305394 0.0292226
0 0.147941 0.779535 0.024193 0.0231435
0 0.476425 0.697006 0.052248 0.0492722
0 0.428384 0.175451 0.0236176 0.0219569
0 0.231805 0.218423 0.0235141 0.0228328
0 0.0497007 0.0898136 0.023525 0.0227295
0 0.788019 0.832774 0.0244112 0.0227464
0 0.44182 0.993514 0.0421245 0.012972
