0 0.837856 0.774225 0.0881605 0.0837801
0 0.132939 0.142536 0.226621 0.227014
0 0.72109 0.895392 0.079859 0.0757006
0 0.580447 0.251765 0.0545943 0.0526817
0 0.52466 0.827888 0.0756159 0.0673797
0 0.384201 0.707474 0.124099 0.112052
0 0.0832376 0.842555 0.0804987 0.073925
0 0.153903 0.610667 0.228913 0.214582
0 0.520179 0.27524 0.0720254 0.0682964
0 0.320802 0.939907 0.178977 0.120186
0 0.734907 0.184036 0.0604568 0.0600972
0 0.614166 0.974095 0.052605 0.0496454
0 0.607495 0.681826 0.0462433 0.0437937
0 0.636407 0.630354 0.0424913 0.0403077
0 0.271161 0.649605 0.0961063 0.0910506
0 0.787609 0.0806111 0.0449371 0.0434853
0 0.427391 0.456557 0.0275171 0.0265299
0 0.50993 0.985356 0.0418877 0.0292884
0 0.252795 0.797594 0.0303729 0.0284913
0 0.0242335 0.441936 0.0484589 0.0735765
0 0.761782 0.812263 0.0340955 0.032438
0 0.915119 0.138455 0.0279257 0.027416
0 0.324373 0.167917 0.0544897 0.0527468
0 0.766033 0.164386 0.0398216 0.0390272
0 0.367561 0.0439741 0.0284641 0.0276363
0 0.89532 0.9928 0.0324035 0.0143994
0 0.555703 0.350924 0.0352883 0.0344752
0 0.578016 0.895956 0.0837622 0.0758889
0 0.837578 0.207807 0.0285583 0.0282733
0 0.568376 0.48348 0.0260834 0.0246236
0 0.331226 0.789775 0.0620291 0.0570213
0 0.857067 0.517472 0.19641 0.184143
0 0.365693 0.644567 0.103471 0.0968226
0 0.626327 0.336917 0.02554 0.0255399
0 0.339177 0.147138 0.0332086 0.0328478
0 0.687478 0.432077 0.0305128 0.0286073
0 0.0395084 0.689701 0.0790168 0.0920367
0 0.443741 0.23355 0.054812 0.0529867
0 0.736918 0.633005 0.040711 0.0387423
0 0.299972 0.58923 0.0607337 0.0560484
0 0.471905 0.176279 0.0607097 0.057645
0 0.248731 0.0560885 0.0234202 0.0231855
0 0.785927 0.275595 0.203636 0.187098
0 0.27499 0.147019 0.0610649 0.0600222
0 0.631921 0.477456 0.265403 0.266513
0 0.443106 0.830158 0.0777223 0.0691068
0 0.706929 0.349266 0.0298689 0.0292195
0 0.762613 0.371736 0.0396762 0.0386757
0 0.501033 0.871636 0.0730125 0.0668462
0 0.0971728 0.466324 0.0397329 0.0373055
0 0.145956 0.507068 0.043864 0.0419996
0 0.991224 0.163781 0.0175526 0.0344616
0 0.0944461 0.904023 0.0261378 0.0251333
0 0.904745 0.285945 0.0244147 0.0238776
0 0.880666 0.544458 0.0330374 0.0316168
0 0.0183952 0.39083 0.0266741 0.0256201
0 0.93203 0.0439138 0.073652 0.0731737
0 0.757297 0.346519 0.0233642 0.0231588
0 0.50337 0.597583 0.0304237 0.0287774
0 0.313099 0.118259 0.0242851 0.0241993
0 0.708104 0.604113 0.0344672 0.0312428
0 0.978556 0.101789 0.0427637 0.0478427
0 0.394175 0.21826 0.548124 0.435496
0 0.665127 0.510823 0.0259548 0.0256768
0 0.0721935 0.484783 0.0260589 0.0246017
0 0.630652 0.924269 0.0254276 0.023829
0 0.703382 0.272438 0.023667 0.0232803
0 0.532746 0.101196 0.02973 0.0292462
0 0.0227497 0.815438 0.0454994 0.0704157
0 0.672708 0.66878 0.0282947 0.0261515
0 0.982885 0.812939 0.0341949 0.268348
0 0.670632 0.234293 0.0270044 0.0267772
0 0.303216 0.819849 0.0260453 0.0245501
0 0.915018 0.649707 0.0767157 0.0726134
