0 0.647061 0.243725 0.0657661 0.0560734
0 0.22455 0.69072 0.0596889 0.0512515
0 0.851483 0.499199 0.0479549 0.0402993
0 0.385491 0.832487 0.0514709 0.0439855
0 0.273484 0.0449495 0.0532457 0.0437093
0 0.0210064 0.327415 0.0420128 0.0532545
0 0.106477 0.878759 0.0438784 0.0363665
0 0.193229 0.399601 0.0328148 0.0280878
0 0.269332 0.558635 0.0434649 0.0373699
0 0.886627 0.0513427 0.0358284 0.0281929
0 0.601465 0.349883 0.0375321 0.0320355
0 0.545276 0.334157 0.0282382 0.0243526
0 0.329623 0.0697695 0.0291169 0.0250912
0 0.906037 0.968804 0.0328498 0.0281541
0 0.716861 0.493662 0.0307052 0.0262688
0 0.568422 0.259318 0.0363795 0.0305045
0 0.809755 0.197699 0.0332229 0.0275168
0 0.203829 0.138381 0.0297782 0.0248449
0 0.565903 0.14958 0.0328926 0.0272676
0 0.242191 0.943746 0.0306415 0.0252091
0 0.847933 0.424838 0.02714 0.0232212
0 0.192755 0.698851 0.0416052 0.0359516
0 0.35605 0.421029 0.0259452 0.0224882
0 0.707627 0.382689 0.0272012 0.0232009
0 0.37855 0.0858924 0.028152 0.0236863
0 0.312829 0.978882 0.0374523 0.0316186
0 0.395222 0.675568 0.0309277 0.0273243
0 0.499253 0.282797 0.0274204 0.0233518
0 0.845802 0.682109 0.0291011 0.0244509
0 0.444868 0.833267 0.0287361 0.0255705
0 0.753189 0.771803 0.0409901 0.0345546
0 0.735402 0.692779 0.0247078 0.0213108
