0 0.188403 0.782779 0.341456 0.302195
0 0.831408 0.193354 0.14901 0.132325
0 0.269749 0.352242 0.137245 0.124655
0 0.539537 0.0392251 0.129151 0.0783259
0 0.702143 0.499358 0.124612 0.114481
0 0.460519 0.923682 0.0545666 0.046556
0 0.937114 0.184723 0.12506 0.126754
0 0.0943814 0.951283 0.187749 0.0974339
0 0.603784 0.89524 0.0299841 0.0276192
0 0.682309 0.63674 0.0445001 0.0388815
0 0.178733 0.448003 0.0650637 0.0603197
0 0.375814 0.362317 0.0822646 0.0744755
0 0.685123 0.504153 0.0272047 0.025412
0 0.467653 0.597281 0.0287364 0.0269775
0 0.0744123 0.647788 0.036378 0.0334028
0 0.15382 0.214862 0.0345574 0.0304284
0 0.589567 0.198317 0.0355919 0.0313022
0 0.196053 0.466982 0.0324335 0.0301523
0 0.744117 0.313088 0.0276106 0.0249677
0 0.65743 0.105841 0.0324679 0.0290912
0 0.517957 0.166057 0.0311882 0.0272548
0 0.477162 0.718291 0.0252075 0.024236
0 0.912982 0.0386729 0.0372868 0.0344998
0 0.344687 0.293849 0.0544403 0.0484089
0 0.609455 0.403459 0.0476584 0.041021
0 0.173721 0.328947 0.0274266 0.0253631
0 0.141186 0.0738694 0.0390211 0.0349977
0 0.282554 0.226527 0.0744381 0.0662155
0 0.431772 0.145812 0.0318011 0.0289373
0 0.643485 0.711923 0.0285031 0.0253845
0 0.0304208 0.345267 0.0261876 0.0242376
0 0.0374855 0.115141 0.0301634 0.0264808
0 0.619629 0.0291963 0.02729 0.0239357
0 0.402387 0.133225 0.0268171 0.0240884
0 0.789234 0.554086 0.0719605 0.0653734
0 0.920938 0.459463 0.0701054 0.0633155
0 0.982766 0.765379 0.0344687 0.0654163
0 0.768933 0.779747 0.0299408 0.0268803
0 0.981877 0.0735319 0.0280013 0.0251406
0 0.467808 0.299854 0.143116 0.128228
0 0.537106 0.137828 0.0265508 0.0239516
0 0.0339357 0.315468 0.027827 0.0254007
0 0.613472 0.436338 0.0345085 0.0302733
0 0.958313 0.714242 0.0269593 0.0241227
0 0.0342034 0.687825 0.0259268 0.0232978
0 0.530522 0.974264 0.202701 0.0514668
0 0.19834 0.295362 0.0459763 0.0413459
0 0.422708 0.407583 0.0987188 0.0887981
0 0.0853252 0.331206 0.0566086 0.0516663
0 0.226043 0.217821 0.0417057 0.0372708
0 0.381565 0.558262 0.0276109 0.0255518
0 0.352786 0.219969 0.0237442 0.0220342
0 0.278985 0.273698 0.0267069 0.0243821
0 0.0706735 0.543006 0.078562 0.0735893
0 0.250264 0.956176 0.147777 0.0873394
0 0.555468 0.901162 0.0268375 0.0239381
0 0.923517 0.295861 0.0763364 0.0689994
0 0.407259 0.672399 0.0244834 0.0233066
0 0.0544162 0.370472 0.0567073 0.0514609
0 0.202617 0.394963 0.0245358 0.0229871
0 0.0994405 0.393306 0.0228878 0.0219366
0 0.627691 0.77048 0.575711 0.45904
0 0.441705 0.109875 0.0274615 0.0248729
0 0.17784 0.627251 0.0518104 0.047225
0 0.114659 0.214103 0.024713 0.0228634
0 0.0717396 0.566756 0.11768 0.111053
0 0.144806 0.512902 0.0424986 0.0388985
0 0.165006 0.0200513 0.0631259 0.0400667
0 0.137242 0.552945 0.040883 0.0382558
