0 0.536762 0.552463 0.275595 0.256478
0 0.212887 0.878908 0.0825171 0.0693691
0 0.129608 0.93243 0.0614941 0.0534401
0 0.537956 0.798934 0.0556142 0.0498133
0 0.96548 0.227097 0.0371268 0.0344507
0 0.0315794 0.362058 0.0631435 0.149237
0 0.24782 0.470673 0.224743 0.200666
0 0.963238 0.598125 0.0693154 0.0624948
0 0.950278 0.865055 0.0468092 0.0411623
0 0.906484 0.0940996 0.0272338 0.0261445
0 0.810633 0.227004 0.0344703 0.0323049
0 0.690378 0.247736 0.0335302 0.0312378
0 0.884733 0.331845 0.0392962 0.0363576
0 0.740914 0.555709 0.0322633 0.0294247
0 0.728077 0.892201 0.0344741 0.0311982
0 0.73837 0.753034 0.0392485 0.0359893
0 0.551176 0.394797 0.0334203 0.0307696
0 0.557715 0.868092 0.0453403 0.0426216
0 0.880768 0.209579 0.0312943 0.0296709
0 0.260772 0.139158 0.0349735 0.032166
0 0.189809 0.455294 0.0461018 0.0417743
0 0.308162 0.840202 0.0282012 0.0242698
0 0.343736 0.0264095 0.0276682 0.0263229
0 0.902687 0.486477 0.0384458 0.0348021
0 0.958247 0.432436 0.034187 0.0309105
0 0.206489 0.153923 0.0334899 0.0309888
0 0.989981 0.295184 0.0199725 0.0330129
0 0.707986 0.192309 0.0308607 0.028412
0 0.260344 0.771458 0.520687 0.457084
0 0.940419 0.452716 0.0509947 0.0466224
0 0.741436 0.654153 0.0292397 0.026756
0 0.695218 0.0589736 0.0256534 0.0240023
0 0.940037 0.480872 0.0257769 0.0239015
0 0.419327 0.0119038 0.0647603 0.0238077
0 0.652547 0.12902 0.0245705 0.0234004
0 0.0631998 0.00778843 0.0262231 0.0154232
0 0.142836 0.862121 0.0278212 0.0243974
0 0.080287 0.163258 0.0252463 0.0239184
0 0.967078 0.121477 0.023797 0.0228042
0 0.909302 0.305332 0.0300146 0.0288012
0 0.657693 0.924966 0.0248251 0.0233054
0 0.951549 0.0810162 0.0234509 0.0225016
0 0.710573 0.732564 0.0257783 0.0247455
0 0.923085 0.213591 0.0237287 0.0220505
0 0.110593 0.0556767 0.21943 0.111275
0 0.435943 0.154617 0.0260361 0.0240751
0 0.521165 0.763739 0.0298088 0.0258253
0 0.602539 0.873255 0.0262148 0.0241432
0 0.621132 0.934 0.0230394 0.0220193
0 0.331214 0.254784 0.0248939 0.0229753
0 0.45896 0.0234777 0.0245353 0.0237195
0 0.109285 0.192511 0.0249519 0.0232425
0 0.572943 0.807764 0.0278296 0.0254555
0 0.713239 0.972919 0.0241803 0.0227763
0 0.180223 0.00569888 0.0468371 0.0113253
0 0.997247 0.275046 0.00550566 0.0246627
0 0.940606 0.251557 0.0237865 0.0222124
0 0.393655 0.672754 0.0262426 0.0228849
0 0.83964 0.628183 0.280868 0.254534
