0 0.381105 0.844997 0.349108 0.310006
0 0.386915 0.618389 0.258963 0.240006
0 0.889745 0.146358 0.22051 0.235143
0 0.70486 0.482225 0.0529101 0.0504788
0 0.932921 0.355375 0.0635109 0.0620089
0 0.323253 0.837973 0.0449319 0.043983
0 0.500121 0.257302 0.0513778 0.0491375
0 0.822771 0.714868 0.0327746 0.0322552
0 0.897389 0.438083 0.0470423 0.0455421
0 0.584803 0.41332 0.0463382 0.0448228
0 0.714505 0.0879433 0.0588205 0.0579045
0 0.311594 0.0812883 0.0803038 0.0780575
0 0.781298 0.423193 0.0331697 0.0323722
0 0.264083 0.442389 0.098696 0.0965792
0 0.685216 0.63427 0.0858284 0.0821543
0 0.0810984 0.177947 0.0553271 0.0537138
0 0.847987 0.417026 0.0329191 0.0316612
0 0.741865 0.841377 0.0272169 0.0268744
0 0.149301 0.148267 0.10373 0.100654
0 0.888958 0.583877 0.0288739 0.0283475
0 0.864962 0.686586 0.0325855 0.0316243
0 0.238578 0.316109 0.0376021 0.0368789
0 0.771738 0.275306 0.112168 0.107448
0 0.834909 0.642313 0.0273358 0.026547
0 0.412865 0.0578684 0.0350698 0.0348232
0 0.878429 0.48931 0.0332214 0.0325895
0 0.668021 0.283422 0.104956 0.100599
0 0.425933 0.713515 0.0484608 0.0466628
0 0.501102 0.478586 0.0404164 0.039166
0 0.270649 0.535848 0.0677091 0.0652909
0 0.845375 0.0375032 0.229331 0.0748762
0 0.0555802 0.0773469 0.111147 0.147797
0 0.076837 0.924178 0.03231 0.0312297
0 0.522651 0.29472 0.032532 0.0311163
0 0.133164 0.705212 0.0543113 0.0535455
0 0.590173 0.219524 0.0275762 0.0267988
0 0.474887 0.12901 0.0300747 0.0293545
0 0.320922 0.734947 0.109539 0.105708
0 0.548082 0.161096 0.0262933 0.0257968
0 0.569222 0.150012 0.0303909 0.0298209
0 0.669268 0.204431 0.0375125 0.0362014
0 0.241415 0.146001 0.0342208 0.0335911
0 0.886154 0.0837943 0.0292799 0.0286404
0 0.500226 0.637663 0.0283318 0.026756
0 0.588619 0.362441 0.0276673 0.0268565
0 0.820906 0.377756 0.0281167 0.0269075
0 0.773817 0.711315 0.0231266 0.0229204
0 0.980709 0.551467 0.0374985 0.0383928
0 0.956964 0.98612 0.0404627 0.0275347
0 0.548815 0.312067 0.0344377 0.0330988
0 0.0141027 0.225631 0.0278848 0.0289202
0 0.00479426 0.878449 0.00958852 0.0356604
0 0.518723 0.979419 0.0619297 0.0408449
0 0.667238 0.0752714 0.0271202 0.0259882
0 0.636014 0.609486 0.184498 0.181359
0 0.923638 0.280932 0.0577211 0.0553169
0 0.69262 0.0326422 0.0304428 0.0288318
0 0.753106 0.211512 0.0245652 0.0240234
0 0.386556 0.474274 0.0820746 0.0783732
0 0.382737 0.867476 0.0244542 0.0235463
0 0.653821 0.722133 0.0385213 0.0373235
0 0.249897 0.276263 0.0283561 0.0271986
0 0.76998 0.528452 0.0497715 0.0484655
0 0.956531 0.483708 0.0257333 0.0249925
0 0.0849395 0.0142341 0.0751028 0.0284296
0 0.589914 0.502882 0.0289254 0.0282525
0 0.863652 0.255327 0.0314691 0.0304687
0 0.173647 0.200536 0.11911 0.112194
0 0.741116 0.311257 0.122029 0.117764
0 0.24604 0.122679 0.0951579 0.0931501
0 0.304152 0.156448 0.0244792 0.0241336
0 0.89105 0.6288 0.024834 0.0245193
0 0.125413 0.0444178 0.0237951 0.0231494
0 0.219583 0.168007 0.0278008 0.0270109
0 0.926198 0.852715 0.0494145 0.0475345
0 0.935282 0.461133 0.0399685 0.037686
0 0.48763 0.515152 0.0312098 0.0304754
0 0.0271985 0.20788 0.0543969 0.0729438
0 0.719846 0.989569 0.0267158 0.0208614
0 0.865774 0.931395 0.0254365 0.0254517
0 0.680472 0.415833 0.0227696 0.0226814
0 0.871125 0.401042 0.0272264 0.0265561
0 0.750155 0.417511 0.0243193 0.0233612
0 0.634314 0.595267 0.0224612 0.0220874
0 0.775389 0.537083 0.0358605 0.0342041
0 0.684472 0.338477 0.0420942 0.0410012
0 0.00618172 0.476598 0.0123634 0.0365348
0 0.73377 0.0388821 0.0397378 0.0390489
0 0.446314 0.499132 0.0376505 0.0363865
0 0.856585 0.379128 0.0219094 0.0216302
0 0.597773 0.0892579 0.0763793 0.0749175
0 0.58389 0.0323584 0.0673927 0.06306
0 0.107052 0.305802 0.0246816 0.0239409
0 0.159889 0.973582 0.0271186 0.0261669
0 0.519648 0.133485 0.0543618 0.0535754
0 0.308863 0.0122118 0.0781458 0.0242291
0 0.665187 0.116705 0.0655208 0.0644449
0 0.351168 0.0275096 0.0368879 0.0364757
