0 0.570155 0.101724 0.242282 0.201694
0 0.159426 0.518301 0.173656 0.168921
0 0.302663 0.392796 0.0552055 0.0539204
0 0.179458 0.853431 0.0543044 0.0533369
0 0.980826 0.090942 0.0383465 0.0418822
0 0.239203 0.704157 0.0431292 0.0426574
0 0.967939 0.395064 0.0630507 0.0638971
0 0.286873 0.282897 0.0747968 0.0726815
0 0.0224768 0.649036 0.0449537 0.0562621
0 0.707292 0.194802 0.0671446 0.0659103
0 0.91004 0.554686 0.0390878 0.0381625
0 0.941153 0.924896 0.0402116 0.0395627
0 0.0259855 0.923127 0.0387795 0.0380537
0 0.831798 0.0165795 0.056715 0.033159
0 0.172982 0.687428 0.0298276 0.0287919
0 0.225163 0.797117 0.0442154 0.042536
0 0.220922 0.765211 0.0304302 0.0297014
0 0.314541 0.789983 0.0391974 0.0386205
0 0.0993898 0.0745661 0.0570674 0.0554361
0 0.0564521 0.540238 0.0309777 0.0295484
0 0.477564 0.676752 0.0255347 0.0248406
0 0.267026 0.165014 0.0301905 0.0294417
0 0.737414 0.981701 0.0343065 0.0340932
0 0.745515 0.812685 0.256221 0.241996
0 0.613181 0.730692 0.0387247 0.0383439
0 0.819369 0.17039 0.0298884 0.029431
0 0.589168 0.767881 0.0292492 0.0286293
0 0.340839 0.815051 0.0332866 0.0324764
0 0.889429 0.204032 0.0260101 0.0252111
0 0.189961 0.77055 0.0353656 0.0348897
0 0.113495 0.984162 0.0289671 0.0281349
0 0.791075 0.180654 0.0311539 0.0306529
0 0.196958 0.826605 0.0311741 0.0302285
0 0.275633 0.123273 0.0251284 0.024718
0 0.975373 0.509224 0.0240725 0.023444
0 0.705863 0.916158 0.0502904 0.0499148
0 0.96202 0.642146 0.025906 0.0256758
0 0.895417 0.6786 0.0238348 0.0233886
0 0.554955 0.305245 0.0237816 0.0233485
0 0.350177 0.786244 0.0343145 0.0338652
0 0.0373818 0.140686 0.0747636 0.121351
0 0.850456 0.133521 0.0242322 0.0238637
0 0.754495 0.399961 0.0471709 0.0471944
0 0.98806 0.530765 0.0235508 0.0259301
0 0.435631 0.585949 0.0248458 0.0241924
0 0.95865 0.362943 0.0378287 0.0377723
0 0.777489 0.323497 0.0269444 0.0265091
0 0.0418936 0.493975 0.0712883 0.0667459
0 0.962223 0.324196 0.0249923 0.0245748
0 0.55763 0.991789 0.0245237 0.0164225
0 0.287176 0.805076 0.0231348 0.022751
0 0.0503404 0.912758 0.0441048 0.0431161
0 0.754128 0.246265 0.051281 0.0507553
0 0.406465 0.812606 0.0368464 0.0359247
0 0.772311 0.434422 0.0241834 0.0239827
0 0.319587 0.489413 0.0391976 0.0385051
0 0.562698 0.853218 0.0262248 0.0258656
0 0.496182 0.904407 0.149085 0.149249
0 0.0245652 0.794531 0.0462374 0.0448859
0 0.290762 0.57484 0.0232745 0.0228375
0 0.135669 0.138649 0.0398249 0.0399312
0 0.164695 0.327874 0.32939 0.387733
0 0.742512 0.596325 0.0223425 0.0219862
0 0.00600471 0.681599 0.0120094 0.0450929
0 0.358066 0.496299 0.0277189 0.0270624
0 0.814668 0.139295 0.0230821 0.0229506
0 0.183475 0.620221 0.033126 0.0319786
0 0.341187 0.512928 0.0223774 0.0218217
0 0.628595 0.302525 0.0232601 0.023195
0 0.551451 0.819282 0.027738 0.0270109
0 0.285329 0.468668 0.0268614 0.0266664
0 0.192308 0.660132 0.0381705 0.0370226
0 0.946454 0.587549 0.0229255 0.022799
0 0.992686 0.436388 0.0146278 0.0494961
0 0.239995 0.942441 0.0232031 0.0233283
0 0.447771 0.704106 0.0821664 0.0804274
0 0.155043 0.938777 0.0494019 0.0508559
0 0.932475 0.0876207 0.0244811 0.024265
