0 0.616574 0.616664 0.162614 0.148773
0 0.252249 0.265775 0.092964 0.0869265
0 0.435618 0.279213 0.199785 0.182828
0 0.859977 0.846459 0.0918756 0.0862559
0 0.448889 0.885362 0.102994 0.0950966
0 0.542041 0.11571 0.0869518 0.0813544
0 0.328777 0.960581 0.0970071 0.0783792
0 0.183031 0.688153 0.114106 0.107483
0 0.973459 0.682866 0.0530259 0.0600737
0 0.187623 0.880839 0.0527671 0.0501971
0 0.738232 0.266212 0.11611 0.106896
0 0.250412 0.52807 0.0437709 0.0417077
0 0.745846 0.0276815 0.0737453 0.0553163
0 0.365454 0.646404 0.0474151 0.0448731
0 0.284554 0.450601 0.0444145 0.0422338
0 0.562961 0.926774 0.0779293 0.0734198
0 0.594455 0.779351 0.0646071 0.0606434
0 0.840354 0.133389 0.0383415 0.0360021
0 0.751301 0.658467 0.0497339 0.0467978
0 0.761912 0.479816 0.0587252 0.0553535
0 0.948828 0.891063 0.0326508 0.0308437
0 0.30444 0.657286 0.0558778 0.0536051
0 0.0483911 0.89955 0.0430037 0.0404449
0 0.174226 0.500271 0.0770618 0.0737527
0 0.61368 0.956922 0.0435066 0.0403414
0 0.757948 0.560982 0.0453069 0.0436362
0 0.523717 0.869154 0.0635994 0.0591561
0 0.300507 0.810147 0.104744 0.0977577
0 0.482967 0.740374 0.0468775 0.0432172
0 0.0138417 0.802161 0.0276833 0.0407812
0 0.58127 0.8771 0.0382607 0.0351818
0 0.888329 0.0230293 0.0774579 0.0460586
0 0.845072 0.0997642 0.0519577 0.0483692
0 0.372386 0.136664 0.0451871 0.0423336
0 0.27151 0.0256703 0.0364445 0.0348386
0 0.726813 0.130726 0.0322317 0.0298105
0 0.633431 0.838396 0.0258064 0.0244338
0 0.058301 0.762128 0.0627646 0.0609709
0 0.089218 0.836769 0.0338981 0.0325999
0 0.956421 0.956909 0.0349886 0.0323612
0 0.107076 0.955932 0.0404442 0.0392842
0 0.376306 0.422606 0.0712524 0.0670164
0 0.558574 0.741525 0.0341942 0.0327898
0 0.707949 0.791191 0.0336424 0.0314831
0 0.011701 0.751804 0.023402 0.0258095
0 0.281288 0.704997 0.0241454 0.0241959
0 0.00895643 0.989625 0.0178803 0.0206659
0 0.348544 0.802822 0.0270737 0.0253341
0 0.852944 0.904532 0.0288062 0.0278535
0 0.58756 0.716203 0.0444366 0.0420506
0 0.53279 0.676952 0.0270335 0.0254781
0 0.486179 0.669061 0.0290685 0.0273781
0 0.892175 0.4185 0.215651 0.463226
0 0.802669 0.299293 0.0417738 0.0390652
0 0.223427 0.817114 0.0487403 0.0459516
0 0.256289 0.0718666 0.0305617 0.0285262
0 0.941433 0.839196 0.0660184 0.0631033
0 0.918893 0.342773 0.0302625 0.0278409
0 0.634191 0.0631194 0.047508 0.0429733
0 0.695106 0.878574 0.0297511 0.0284487
0 0.120498 0.912716 0.0465468 0.044513
0 0.553579 0.949956 0.0240376 0.0230272
0 0.699557 0.363426 0.0348144 0.0325403
0 0.869791 0.723763 0.0239962 0.023284
0 0.264325 0.408969 0.0394148 0.0364592
0 0.778081 0.580036 0.0373241 0.0349126
0 0.448369 0.383712 0.0677849 0.0643769
0 0.833445 0.762873 0.0305157 0.0285627
0 0.603655 0.463624 0.0538282 0.0516167
0 0.0311856 0.0122409 0.0623712 0.0244818
0 0.425457 0.0930052 0.0600053 0.0547956
0 0.519693 0.463649 0.0746874 0.068995
0 0.0640123 0.274909 0.0408666 0.0399908
0 0.118152 0.308259 0.0241094 0.0228781
0 0.452984 0.312505 0.0269383 0.0258665
0 0.270609 0.823398 0.033741 0.0324801
0 0.0879567 0.108402 0.0338845 0.0321912
0 0.119036 0.0530761 0.0252918 0.0245923
0 0.373565 0.0795608 0.0439814 0.042239
0 0.103201 0.2774 0.0344728 0.0328698
0 0.195649 0.837805 0.0260459 0.0245383
0 0.737683 0.691319 0.0307987 0.0289286
0 0.207471 0.75464 0.036599 0.0357335
0 0.156272 0.765467 0.029546 0.0279395
0 0.369493 0.480253 0.0487375 0.0462087
0 0.0785079 0.788602 0.0477927 0.0462713
0 0.0369205 0.541194 0.073841 0.349779
0 0.645227 0.146071 0.0276558 0.0260253
0 0.261775 0.955206 0.0399441 0.0376884
0 0.0691899 0.0246409 0.0282278 0.0276315
0 0.404268 0.956126 0.0523809 0.0498677
0 0.0948842 0.0428435 0.024553 0.0238927
0 0.978496 0.866676 0.0392962 0.0383113
0 0.97224 0.173772 0.0552421 0.0647705
0 0.21473 0.551155 0.0679387 0.0649934
0 0.670117 0.719304 0.102791 0.0947274
0 0.14072 0.945157 0.0297712 0.0290141
0 0.989264 0.121318 0.0214722 0.0230458
0 0.337506 0.0325116 0.0857681 0.0649324
0 0.629198 0.897797 0.0329828 0.0310717
0 0.769295 0.0956878 0.0244604 0.0232356
0 0.16929 0.0847344 0.0325125 0.0313614
0 0.995266 0.906004 0.00946808 0.0375857
0 0.551468 0.99272 0.0315793 0.0145601
0 0.342503 0.0110254 0.0309455 0.021888
0 0.656284 0.470354 0.0407972 0.0384807
0 0.621661 0.507776 0.0686906 0.0641034
0 0.203626 0.992285 0.0510008 0.0153942
0 0.151164 0.973991 0.0354087 0.0342782
0 0.101164 0.558504 0.0241035 0.0236478
0 0.266487 0.339193 0.0232245 0.0222235
0 0.796031 0.133272 0.031645 0.0303977
0 0.774364 0.120458 0.0260917 0.0249269
0 0.1386 0.794484 0.0250328 0.0245299
0 0.280131 0.929807 0.0239303 0.02316
0 0.139902 0.0723039 0.0239882 0.0232298
0 0.983912 0.809476 0.0321753 0.0855852
0 0.691471 0.478618 0.0246196 0.0234069
0 0.805017 0.714208 0.0225656 0.0216887
0 0.293779 0.73706 0.029356 0.0286876
0 0.632677 0.319872 0.0258239 0.0238739
0 0.633429 0.766953 0.0288744 0.026573
0 0.43433 0.409412 0.0293921 0.0287523
0 0.0763609 0.511158 0.0263618 0.0254068
0 0.371092 0.689276 0.0439326 0.0413081
0 0.537775 0.36988 0.0836171 0.0760076
0 0.660789 0.11969 0.0259655 0.024001
0 0.634915 0.977273 0.0251451 0.0237295
0 0.599715 0.0886366 0.0274146 0.0251342
0 0.499657 0.923811 0.0345667 0.0319264
