0 0.461454 0.801619 0.162127 0.158043
0 0.286044 0.426581 0.140972 0.137769
0 0.466951 0.390335 0.136429 0.134593
0 0.60134 0.852678 0.0836387 0.0811584
0 0.168654 0.755295 0.215511 0.204856
0 0.348128 0.666869 0.209344 0.211493
0 0.375426 0.877178 0.0840069 0.0806766
0 0.144702 0.518965 0.0522649 0.051764
0 0.592415 0.608744 0.0450869 0.0438893
0 0.607312 0.562783 0.0483874 0.0476496
0 0.912384 0.823585 0.0455826 0.0444664
0 0.475229 0.279453 0.0621745 0.0606916
0 0.239628 0.478095 0.0479309 0.0470634
0 0.710628 0.436804 0.0358116 0.0350217
0 0.821158 0.337618 0.0326423 0.0322856
0 0.476815 0.103725 0.0417235 0.0398382
0 0.385616 0.255229 0.0452399 0.0441501
0 0.469274 0.491023 0.0301049 0.0296466
0 0.865289 0.207555 0.0426148 0.0412106
0 0.467438 0.193947 0.0453887 0.0440785
0 0.0424481 0.809605 0.035215 0.0345051
0 0.358847 0.77545 0.035248 0.0351693
0 0.322768 0.361318 0.0398072 0.0384591
0 0.0276482 0.416599 0.0393452 0.0387242
0 0.825874 0.673349 0.0368419 0.0360727
0 0.242712 0.986747 0.0273179 0.0259282
0 0.442475 0.133 0.0370723 0.0363173
0 0.172015 0.990243 0.053461 0.0195139
0 0.200368 0.531726 0.0330053 0.0321996
0 0.508204 0.447044 0.0376021 0.0374108
0 0.526982 0.600907 0.0476975 0.0469464
0 0.883338 0.0945875 0.0369643 0.0361765
0 0.348433 0.591448 0.0238256 0.0236722
0 0.11066 0.377238 0.0409364 0.0390331
0 0.769503 0.283126 0.0263076 0.0266865
0 0.256943 0.27794 0.0350354 0.0338858
0 0.461571 0.966823 0.0303193 0.0296844
0 0.883855 0.730372 0.0306623 0.0296168
0 0.877773 0.774478 0.0907685 0.0879971
0 0.930276 0.728542 0.0444841 0.0433222
0 0.590538 0.0876746 0.0257474 0.0249976
0 0.667657 0.58371 0.0252177 0.0253034
0 0.900133 0.329939 0.0250402 0.0248311
0 0.988749 0.259038 0.0224714 0.027288
0 0.428059 0.0304486 0.0239386 0.0235373
0 0.10178 0.394073 0.0230402 0.0222276
0 0.0343473 0.986769 0.0251448 0.0245016
0 0.968395 0.0317173 0.0245208 0.0242704
0 0.10218 0.651658 0.0252966 0.0250499
0 0.56289 0.820884 0.0459974 0.0458615
0 0.637141 0.25661 0.0827869 0.0788565
0 0.545818 0.924396 0.137389 0.135079
0 0.470183 0.0616628 0.0326591 0.0322974
0 0.341224 0.0117797 0.0252007 0.0233806
0 0.150438 0.0536516 0.300877 0.107303
0 0.15007 0.712401 0.0430069 0.0421412
0 0.762371 0.634764 0.0324628 0.0317411
0 0.856253 0.695424 0.0691576 0.068104
0 0.867784 0.606871 0.120332 0.11099
0 0.451437 0.608943 0.0362851 0.0353251
0 0.755829 0.848255 0.0500307 0.0493943
0 0.061919 0.428977 0.0302647 0.029686
0 0.874193 0.23551 0.0250981 0.0245331
0 0.658808 0.845609 0.0375559 0.0364194
0 0.444243 0.542489 0.0239543 0.0237311
0 0.663593 0.952413 0.24197 0.0951731
0 0.275672 0.729145 0.0758929 0.0744678
0 0.885874 0.293793 0.0261086 0.0255805
0 0.0768461 0.593755 0.0283557 0.0280463
0 0.516266 0.0401149 0.0235193 0.0231459
0 0.272091 0.820962 0.023829 0.0240188
0 0.55734 0.494224 0.0240145 0.0236733
0 0.31224 0.214841 0.0281522 0.0277987
0 0.836506 0.978798 0.0247499 0.0238853
0 0.129904 0.990448 0.0308415 0.0190336
0 0.28765 0.331089 0.0273665 0.0271716
0 0.78204 0.791742 0.0383387 0.0373711
0 0.502869 0.226842 0.0289636 0.0277887
0 0.656652 0.762137 0.0389512 0.0378556
0 0.455961 0.0852097 0.0235063 0.0229089
0 0.0069822 0.451167 0.0139644 0.0326015
0 0.407587 0.336286 0.0248094 0.0246518
0 0.772449 0.874129 0.268602 0.250768
0 0.272061 0.313424 0.027046 0.0267357
0 0.520502 0.527863 0.031189 0.0299315
0 0.00359496 0.721397 0.00718992 0.0272079
0 0.023081 0.439443 0.0219475 0.0216183
0 0.650892 0.87821 0.0243487 0.0236084
0 0.622037 0.0136145 0.041693 0.0271329
0 0.782679 0.409926 0.0303633 0.030129
0 0.308098 0.829341 0.131737 0.123061
0 0.177745 0.371124 0.02874 0.0286664
