0 0.901836 0.0842301 0.0809352 0.0785842
0 0.478645 0.139543 0.074621 0.0722597
0 0.0506397 0.175566 0.0718698 0.0676526
0 0.357887 0.0202665 0.0542846 0.0404531
0 0.251537 0.0943611 0.0354855 0.0343891
0 0.837647 0.0744429 0.0334267 0.0326167
0 0.357554 0.202821 0.0327885 0.0317454
0 0.936999 0.117078 0.0251133 0.0244128
0 0.803614 0.338506 0.0376476 0.036884
0 0.300551 0.180346 0.0415399 0.0405171
0 0.457702 0.0442805 0.0929876 0.0881359
0 0.406346 0.804175 0.0266093 0.0260957
0 0.965909 0.153759 0.0269222 0.026251
0 0.301787 0.627417 0.0317715 0.0311275
0 0.337884 0.793582 0.0249113 0.0243743
0 0.516855 0.633509 0.0241067 0.0237823
0 0.192002 0.03406 0.0497437 0.0483901
0 0.298315 0.343775 0.0318729 0.0311325
0 0.50197 0.0135326 0.0627062 0.0270653
0 0.0220658 0.0792624 0.0308163 0.0283254
0 0.382649 0.460798 0.0271733 0.0267302
0 0.839952 0.985532 0.0440957 0.0289363
0 0.435371 0.0962559 0.0255884 0.0247141
0 0.0671951 0.112464 0.0231113 0.022208
0 0.773853 0.585718 0.0970948 0.0957417
0 0.147349 0.904253 0.0264341 0.0256525
0 0.365291 0.106998 0.03511 0.0348453
0 0.119481 0.992173 0.0301916 0.0156536
0 0.197845 0.0287115 0.0625064 0.0559956
0 0.304685 0.00523187 0.0221363 0.010424
0 0.654301 0.70186 0.0802084 0.0792064
0 0.0231808 0.209272 0.046227 0.0489426
0 0.897847 0.268953 0.0938778 0.0890617
0 0.438198 0.568462 0.0248744 0.0240653
