0 0.0690448 0.0514549 0.13809 0.102879
0 0.620107 0.668426 0.0747069 0.0581377
0 0.903109 0.143982 0.0598126 0.0476127
0 0.745854 0.113454 0.0473092 0.0371058
0 0.975926 0.329428 0.0479443 0.0410651
0 0.811336 0.937207 0.046603 0.0370216
0 0.631783 0.206897 0.0650496 0.0504959
0 0.232737 0.37748 0.0369991 0.0287727
0 0.702721 0.0740628 0.0433538 0.0331566
0 0.410516 0.428058 0.0384793 0.0297562
0 0.558907 0.156833 0.0412205 0.0323972
0 0.843415 0.20694 0.0444524 0.0350595
0 0.386248 0.462752 0.0313543 0.0242291
0 0.469722 0.948981 0.0538572 0.0447847
0 0.44751 0.671936 0.0340924 0.0276329
0 0.47386 0.174044 0.0348521 0.0267796
0 0.616432 0.495842 0.0344633 0.0257233
0 0.785037 0.121283 0.0436201 0.0342517
0 0.880017 0.382841 0.0303371 0.0243379
0 0.939853 0.221721 0.0369274 0.0296088
0 0.892664 0.897509 0.0791476 0.0607278
0 0.8819 0.833285 0.0492058 0.0386751
0 0.611412 0.186596 0.0501239 0.0395894
0 0.833731 0.784502 0.0302615 0.023299
0 0.927834 0.257397 0.0365533 0.0291085
0 0.197403 0.628842 0.029105 0.0232606
0 0.0166023 0.638187 0.0332046 0.0306787
0 0.962675 0.933654 0.074517 0.0706337
0 0.3766 0.874959 0.0473028 0.0376245
0 0.599657 0.327843 0.0295681 0.022812
0 0.490295 0.667923 0.0412316 0.0352217
0 0.506236 0.808537 0.15653 0.128209
0 0.598082 0.244266 0.0285592 0.0225586
0 0.838342 0.0665363 0.0326582 0.0261228
0 0.282069 0.949854 0.0414274 0.0342817
0 0.142755 0.617965 0.0317955 0.024734
0 0.870188 0.0855998 0.0299749 0.0236557
0 0.957079 0.356202 0.0309807 0.0248702
0 0.432647 0.0606187 0.0282443 0.0222942
0 0.83354 0.494999 0.0277328 0.0222025
0 0.109402 0.980386 0.0758732 0.0391224
0 0.9412 0.102096 0.049547 0.0402507
0 0.967495 0.28281 0.0518404 0.0424341
0 0.691653 0.923121 0.0484424 0.0384092
0 0.664031 0.332234 0.0396981 0.0302632
0 0.178754 0.457783 0.0710467 0.0573815
0 0.504505 0.696668 0.0852809 0.0708825
0 0.802349 0.618656 0.03252 0.0257446
0 0.212662 0.974242 0.065685 0.0510118
0 0.0112074 0.199412 0.0224148 0.0217982
0 0.265857 0.984052 0.0487139 0.0318971
