0 0.513518 0.270388 0.0498604 0.0456143
0 0.172073 0.623558 0.0392833 0.035227
0 0.711306 0.268619 0.0409563 0.0373745
0 0.704343 0.544112 0.0406647 0.0376399
0 0.0343544 0.43353 0.0364074 0.0323939
0 0.897765 0.931675 0.0303211 0.0281
0 0.507105 0.562289 0.030854 0.028615
0 0.874591 0.895825 0.0306377 0.0284309
0 0.120972 0.363002 0.030376 0.0280497
0 0.598994 0.886039 0.0275526 0.0252159
0 0.470551 0.65904 0.028252 0.0255648
0 0.626591 0.182041 0.0275931 0.0264683
0 0.335945 0.248514 0.0268448 0.0251003
0 0.283494 0.188847 0.0285282 0.0267897
0 0.546008 0.523337 0.027194 0.0253892
0 0.58178 0.701688 0.0260211 0.0235985
0 0.176458 0.120943 0.0276857 0.0260046
0 0.118594 0.306701 0.025814 0.0240007
0 0.26881 0.267277 0.0287908 0.0262688
0 0.0231585 0.490582 0.026086 0.0238375
0 0.718072 0.646312 0.0251459 0.0239579
0 0.111836 0.835242 0.0269166 0.0239222
0 0.528394 0.542462 0.0255213 0.0237067
0 0.765094 0.187724 0.0252709 0.0236609
0 0.843289 0.28153 0.0243737 0.0227802
0 0.564216 0.102125 0.0247936 0.0239383
0 0.146914 0.763302 0.0246133 0.0227728
0 0.231765 0.242998 0.028807 0.02642
0 0.331419 0.919229 0.0255988 0.0230885
0 0.196986 0.0892482 0.0252357 0.0235682
0 0.448626 0.21581 0.0241022 0.0227302
0 0.228784 0.977673 0.0252099 0.0234236
0 0.0120106 0.279385 0.0239058 0.0268389
0 0.115019 0.209237 0.0239568 0.0224134
0 0.248369 0.283904 0.0262768 0.0243065
0 0.00743206 0.322584 0.0148641 0.0234365
0 0.357573 0.029574 0.0239357 0.0231559
0 0.733984 0.855131 0.0232743 0.0221934
0 0.925372 0.924761 0.0233932 0.0220442
0 0.483806 0.700023 0.0236939 0.0223247
0 0.463298 0.262427 0.0234065 0.0221453
0 0.577468 0.838771 0.0231259 0.021615
0 0.241225 0.993929 0.0295849 0.0121413
0 0.772144 0.620048 0.0231481 0.0218022
0 0.00424578 0.400504 0.00849156 0.0255947
0 0.0959191 0.502031 0.023019 0.0212235
0 0.142901 0.486007 0.0239498 0.0219214
0 0.0700664 0.510095 0.0253574 0.022979
0 0.75887 0.33013 0.024071 0.0224825
0 0.195255 0.504372 0.0232968 0.021457
