0 0.503828 0.261542 0.132714 0.111491
0 0.579034 0.350137 0.161845 0.13462
0 0.0492054 0.807652 0.0984109 0.107678
0 0.82378 0.620386 0.126438 0.110362
0 0.918036 0.86186 0.163818 0.221163
0 0.930016 0.405494 0.11908 0.102843
0 0.762979 0.549186 0.200501 0.170124
0 0.6595 0.0928704 0.184817 0.14216
0 0.887936 0.960086 0.0548183 0.0453885
0 0.922771 0.219623 0.0708914 0.0590534
0 0.26688 0.0571186 0.0510052 0.0424678
0 0.114861 0.696636 0.0575675 0.0486298
0 0.700096 0.646436 0.0676206 0.0560699
0 0.33253 0.980681 0.0628196 0.0384076
0 0.272041 0.775612 0.0504422 0.0419059
0 0.5904 0.671424 0.0573699 0.0463014
0 0.120993 0.523475 0.0399629 0.0343482
0 0.657739 0.577764 0.0356703 0.0288599
0 0.694263 0.550442 0.0674064 0.0556026
0 0.278919 0.901744 0.0525257 0.0437902
0 0.885978 0.712621 0.0441471 0.0395229
0 0.786867 0.985363 0.0302365 0.0262325
0 0.685858 0.470158 0.117422 0.0968574
0 0.452724 0.765685 0.0390226 0.0317357
0 0.864844 0.988502 0.0284904 0.0225654
0 0.31876 0.84471 0.0620272 0.05179
0 0.330184 0.598028 0.106613 0.0883956
0 0.990924 0.0335768 0.0180991 0.0592724
0 0.992417 0.868582 0.0148879 0.0232573
0 0.815188 0.131113 0.0367816 0.0318993
0 0.413637 0.755397 0.0966681 0.0801725
0 0.95075 0.190024 0.0413623 0.0337777
0 0.0588164 0.684295 0.0904282 0.0771383
0 0.61422 0.643345 0.0549837 0.0469129
0 0.899781 0.37672 0.0634381 0.0535216
0 0.0486552 0.42296 0.0275504 0.0245062
0 0.790652 0.30779 0.0274849 0.0237318
0 0.76628 0.543627 0.026223 0.0225487
0 0.874767 0.16158 0.0315243 0.0269573
0 0.577605 0.608788 0.055044 0.045582
0 0.260376 0.93111 0.0250021 0.022271
