0 0.355439 0.872998 0.23728 0.215167
0 0.239761 0.753873 0.103982 0.0941279
0 0.197269 0.49563 0.0613264 0.0579216
0 0.931186 0.330305 0.137209 0.141251
0 0.0286767 0.785128 0.0573534 0.0707059
0 0.657171 0.841438 0.0727808 0.0625815
0 0.724605 0.244013 0.0605485 0.0549138
0 0.463509 0.768271 0.0811167 0.0722017
0 0.399748 0.643146 0.0732915 0.0665569
0 0.892205 0.891199 0.214693 0.217408
0 0.748129 0.417565 0.0528734 0.0480173
0 0.631219 0.971675 0.0822336 0.0564175
0 0.27822 0.407419 0.0349535 0.0335667
0 0.225717 0.706352 0.0427634 0.0394292
0 0.575918 0.794702 0.0373432 0.0332844
0 0.33241 0.630117 0.0825404 0.0779088
0 0.246162 0.195635 0.0339647 0.0317717
0 0.509349 0.25062 0.0566267 0.0524856
0 0.290992 0.226701 0.0313116 0.0297785
0 0.0115894 0.679493 0.0231739 0.0252702
0 0.703157 0.203116 0.033728 0.0302438
0 0.889108 0.0154823 0.0318143 0.0294428
0 0.459648 0.974101 0.0344341 0.0320926
0 0.388434 0.973227 0.0327744 0.0299096
0 0.0887076 0.708521 0.039878 0.0372653
0 0.138716 0.617936 0.0460852 0.0427651
0 0.497379 0.593236 0.129228 0.118866
0 0.183946 0.682276 0.0680202 0.0640944
0 0.0341713 0.887019 0.03596 0.0331583
0 0.762405 0.926535 0.0363421 0.0320469
0 0.510169 0.746031 0.0377321 0.0342805
0 0.146611 0.650364 0.0284957 0.0266889
0 0.674069 0.159675 0.0247836 0.0229073
0 0.244347 0.6463 0.0674624 0.0651603
0 0.58787 0.887446 0.0300972 0.0263522
0 0.676399 0.523793 0.0369661 0.03536
0 0.2714 0.306057 0.0256535 0.0242903
0 0.42897 0.550132 0.0254729 0.0244119
0 0.620871 0.433465 0.0448041 0.0417066
0 0.0239815 0.477187 0.0236167 0.0224991
0 0.256095 0.614996 0.0613727 0.0570113
0 0.182023 0.353573 0.110643 0.103484
0 0.0817533 0.586881 0.0307931 0.0293589
0 0.327078 0.554327 0.0326537 0.0316379
0 0.711174 0.995438 0.0284071 0.00912428
0 0.547008 0.0445488 0.024857 0.0228711
0 0.296849 0.669642 0.0442729 0.0425284
0 0.586118 0.367265 0.0244135 0.0227378
0 0.410488 0.766527 0.0415642 0.038273
0 0.248933 0.0209111 0.0250692 0.0231515
0 0.217185 0.252377 0.0264449 0.0250144
0 0.0513271 0.38425 0.0495664 0.0482554
0 0.603404 0.0877931 0.0373139 0.0338537
0 0.516232 0.446681 0.0429676 0.0411538
0 0.163313 0.0341913 0.0276716 0.0259197
0 0.028154 0.111719 0.0563079 0.0818925
0 0.659307 0.78 0.0313275 0.0278684
0 0.534379 0.0775822 0.0253057 0.0237617
0 0.346837 0.541437 0.028399 0.0270532
0 0.955734 0.725036 0.0253534 0.0240815
0 0.832648 0.197198 0.0257772 0.0237537
0 0.0287309 0.309379 0.0225502 0.0217072
0 0.405738 0.495173 0.0429147 0.041893
0 0.468781 0.515376 0.0908786 0.0851742
0 0.11766 0.984344 0.0881414 0.030823
0 0.580494 0.884949 0.0637777 0.0564339
0 0.327452 0.378126 0.0230356 0.0219618
0 0.751751 0.882341 0.0244582 0.0223584
0 0.373371 0.568145 0.112357 0.102701
0 0.92107 0.211966 0.0312964 0.0281344
0 0.407228 0.290217 0.0237009 0.0229665
0 0.818773 0.311506 0.0524204 0.0487219
0 0.0107355 0.183062 0.021369 0.0219521
