0 0.482702 0.883515 0.385199 0.232116
0 0.823881 0.0696084 0.226599 0.139217
0 0.402596 0.523115 0.0769631 0.0606892
0 0.180084 0.0842707 0.354081 0.168541
0 0.0175671 0.453814 0.0351342 0.0363391
0 0.155159 0.939638 0.0803393 0.0653963
0 0.778963 0.745706 0.0395282 0.0315523
0 0.95648 0.00781186 0.0427493 0.0155702
0 0.901524 0.141549 0.0409203 0.0330659
0 0.460797 0.018914 0.0297181 0.0248167
0 0.0160326 0.481488 0.0320651 0.0336144
0 0.354951 0.352597 0.0597306 0.0488204
0 0.0637004 0.171983 0.0440573 0.0352776
0 0.0477225 0.930962 0.0314796 0.0245988
0 0.0203339 0.166064 0.040315 0.0351923
0 0.761597 0.342203 0.0313094 0.0250471
0 0.125178 0.313935 0.0296847 0.0245167
0 0.230856 0.923792 0.0840354 0.0659436
0 0.482861 0.672123 0.18943 0.135579
0 0.775768 0.583196 0.0827756 0.066744
0 0.99561 0.0766319 0.00877933 0.0252431
0 0.0225249 0.532865 0.0321172 0.0261133
0 0.0229987 0.674437 0.0290485 0.0229516
0 0.753445 0.494946 0.0532026 0.0419231
0 0.781302 0.537007 0.0859423 0.0669727
0 0.80061 0.761713 0.0286918 0.0226564
0 0.576714 0.026067 0.0274186 0.0235485
0 0.62228 0.433156 0.144326 0.114971
0 0.6244 0.594687 0.034288 0.02568
0 0.914052 0.705494 0.0884638 0.0691389
0 0.362107 0.085762 0.0289668 0.0250962
0 0.0371338 0.100732 0.0741651 0.170945
0 0.0617977 0.947436 0.123595 0.105037
0 0.99051 0.0048493 0.0189795 0.0096986
