0 0.269623 0.454558 0.110141 0.1083
0 0.452708 0.295295 0.194571 0.187003
0 0.417847 0.668956 0.0776324 0.0762463
0 0.708077 0.179303 0.0585759 0.0583802
0 0.369415 0.416486 0.070287 0.0686203
0 0.360505 0.539006 0.0722128 0.0712722
0 0.690727 0.257017 0.0567334 0.0570433
0 0.111632 0.906605 0.0676398 0.0647642
0 0.895314 0.521613 0.0607029 0.0594918
0 0.438035 0.73462 0.059186 0.0586793
0 0.207818 0.335763 0.0454679 0.044195
0 0.371935 0.339504 0.057284 0.0554606
0 0.676695 0.889674 0.0417573 0.040606
0 0.138761 0.77652 0.0419487 0.0405474
0 0.692517 0.716012 0.0460703 0.0446575
0 0.671473 0.0659835 0.0429396 0.0423942
0 0.917231 0.66443 0.0440206 0.0433264
0 0.116882 0.621128 0.0716716 0.0709682
0 0.161023 0.952362 0.0636438 0.0612931
0 0.246849 0.805002 0.0596539 0.0586896
0 0.740376 0.474334 0.0450344 0.0446093
0 0.0190207 0.823821 0.0365452 0.0358045
0 0.441526 0.4961 0.0401818 0.0392251
0 0.751353 0.509285 0.0366359 0.0362113
0 0.184378 0.633501 0.040856 0.0397765
0 0.0998111 0.177326 0.0351111 0.0340806
0 0.0117133 0.681951 0.0234043 0.0293222
0 0.488731 0.139605 0.0364392 0.035774
0 0.158356 0.834076 0.0335042 0.0326326
0 0.900882 0.0465726 0.0801921 0.0821638
0 0.307381 0.842038 0.0564218 0.0541953
0 0.333027 0.595481 0.0281168 0.0275528
0 0.853139 0.220498 0.0446035 0.0437697
0 0.88342 0.241458 0.056082 0.0542584
0 0.284559 0.0346979 0.029272 0.0279837
0 0.114169 0.313266 0.0264763 0.0258299
0 0.863434 0.788212 0.0345884 0.033588
0 0.175407 0.0538092 0.0274962 0.0265305
0 0.598087 0.670914 0.0317159 0.0313083
0 0.334832 0.470348 0.0262406 0.0260355
0 0.90064 0.631982 0.0348231 0.0347486
0 0.891843 0.107347 0.0365778 0.0355278
0 0.387481 0.861364 0.0275609 0.0266058
0 0.674405 0.364105 0.0363867 0.0357865
0 0.205758 0.153007 0.0269769 0.0255334
0 0.590163 0.466395 0.027606 0.0273343
0 0.616866 0.822869 0.0271214 0.0262856
0 0.358991 0.640461 0.0255444 0.0251333
0 0.50184 0.197395 0.0464821 0.0445753
0 0.753072 0.609708 0.0732561 0.0706706
0 0.0160085 0.907934 0.0319332 0.113448
0 0.191588 0.830135 0.0252451 0.0246928
0 0.10376 0.84758 0.0299376 0.029057
0 0.163868 0.278423 0.0247205 0.0239735
0 0.24306 0.554803 0.0249351 0.0249365
0 0.706966 0.683652 0.0265213 0.025767
0 0.581873 0.527242 0.0283472 0.0276308
0 0.637728 0.705401 0.0270011 0.0263591
0 0.246463 0.737722 0.202162 0.191975
0 0.704813 0.828552 0.0233326 0.0231414
0 0.440098 0.552124 0.0258138 0.025234
0 0.490438 0.923971 0.054593 0.0527995
0 0.532538 0.770838 0.025326 0.0249968
0 0.266021 0.227759 0.135956 0.124679
0 0.534193 0.211496 0.0528651 0.0521009
0 0.3128 0.628464 0.0409261 0.0405931
0 0.892538 0.137173 0.0234969 0.0230004
0 0.799601 0.0159158 0.0292115 0.0289391
0 0.0641928 0.167433 0.0250643 0.0238612
0 0.163744 0.139301 0.0235396 0.0228054
0 0.541689 0.633108 0.0242679 0.0241253
0 0.130264 0.799143 0.0250921 0.0245838
0 0.341584 0.320533 0.0243322 0.0238649
0 0.41718 0.886752 0.0233177 0.022834
0 0.593515 0.223257 0.023794 0.0238285
0 0.424846 0.123824 0.093015 0.0901877
0 0.0696215 0.227791 0.029279 0.0275808
0 0.247177 0.578907 0.0486022 0.0474086
0 0.321377 0.142619 0.0244151 0.0235117
0 0.990968 0.667916 0.018065 0.0224974
0 0.94493 0.618645 0.0494938 0.0507147
0 0.782037 0.446547 0.023397 0.023376
0 0.928023 0.557674 0.0255382 0.0245156
0 0.217031 0.724341 0.0225693 0.0224719
0 0.668205 0.845383 0.0235577 0.0232082
0 0.033071 0.942301 0.0358685 0.0349271
0 0.985522 0.635117 0.0271336 0.0263486
0 0.977205 0.875545 0.0264955 0.025663
0 0.954306 0.632278 0.0232632 0.0224979
0 0.00858505 0.0720369 0.0171701 0.0233305
0 0.408051 0.91035 0.0264405 0.0256726
0 0.380178 0.0538284 0.0868191 0.0834068
0 0.952983 0.993941 0.024577 0.0121187
0 0.744655 0.010101 0.0250149 0.0201774
0 0.741013 0.349601 0.0359349 0.0357996
0 0.462671 0.947834 0.0219498 0.0216855
0 0.946966 0.138911 0.105322 0.277821
0 0.0727872 0.599307 0.033611 0.0327768
0 0.335771 0.279241 0.0234472 0.0229807
0 0.0802487 0.723285 0.0260086 0.0247798
0 0.0910996 0.00295338 0.0277129 0.00590255
0 0.124159 0.56636 0.0237934 0.0231791
0 0.853472 0.415881 0.0222023 0.0223862
