0 0.67481 0.322632 0.38409 0.262245
0 0.947925 0.946958 0.104149 0.0837654
0 0.147853 0.816184 0.112263 0.0885768
0 0.0751039 0.535295 0.0954108 0.0764501
0 0.763578 0.169613 0.0560668 0.0427997
0 0.863889 0.424545 0.162811 0.121502
0 0.898632 0.805717 0.0433886 0.0337956
0 0.220256 0.973037 0.0827062 0.0539255
0 0.915668 0.606967 0.0493113 0.0373878
0 0.438094 0.39237 0.0460421 0.0350788
0 0.536563 0.233362 0.102495 0.075852
0 0.0460243 0.249035 0.0492477 0.0398411
0 0.807563 0.0526612 0.0886722 0.0694299
0 0.250182 0.797061 0.0400671 0.0310251
0 0.695399 0.838827 0.0505037 0.0377375
0 0.202988 0.909608 0.0595415 0.0463007
0 0.391693 0.813255 0.0422465 0.0325088
0 0.371581 0.0484689 0.148829 0.0968213
0 0.636423 0.937633 0.0564097 0.0441258
0 0.515099 0.183923 0.0346707 0.0263875
0 0.142014 0.965661 0.0506644 0.0401642
0 0.974025 0.834014 0.0519402 0.109066
0 0.978471 0.12255 0.0373612 0.0289657
0 0.365898 0.761442 0.0322882 0.0247469
0 0.0345505 0.802901 0.0471719 0.0368056
0 0.785318 0.757811 0.0321481 0.0241613
0 0.289935 0.840868 0.0362514 0.0272879
0 0.42856 0.903468 0.0384017 0.029379
0 0.0825726 0.118471 0.0412735 0.0335467
0 0.897011 0.133009 0.205978 0.266019
0 0.334766 0.801609 0.0321187 0.0248308
0 0.835789 0.221904 0.0358788 0.0274581
0 0.32512 0.215173 0.0353566 0.0269626
0 0.989665 0.768528 0.0205643 0.0378222
0 0.533294 0.134377 0.0339733 0.0251564
0 0.982322 0.331286 0.035116 0.0373642
0 0.860028 0.276925 0.0340676 0.0255268
0 0.642389 0.749107 0.0312874 0.0229751
0 0.66781 0.947507 0.0356417 0.0268353
0 0.0498958 0.202246 0.0288926 0.0244658
0 0.229642 0.864835 0.0301106 0.0234382
0 0.402913 0.967767 0.0340518 0.0259154
0 0.245755 0.905119 0.0502488 0.0377428
0 0.34877 0.426021 0.0338341 0.0253167
0 0.88954 0.57027 0.22092 0.209294
0 0.35865 0.127178 0.0413959 0.0313053
0 0.95406 0.365227 0.0389905 0.0300686
0 0.263581 0.0218445 0.0846043 0.0436891
0 0.112039 0.3003 0.0303636 0.0242806
0 0.340546 0.25513 0.349099 0.249886
0 0.364097 0.353933 0.0390103 0.0294207
0 0.388143 0.842512 0.0393745 0.0305689
0 0.0160343 0.0366716 0.0311525 0.0268452
0 0.124024 0.161951 0.0448872 0.0358593
0 0.784054 0.34779 0.0284393 0.0218104
0 0.330786 0.497326 0.0295266 0.0234976
0 0.194595 0.00967212 0.0301798 0.0193082
0 0.653948 0.508931 0.0295547 0.0229149
0 0.475209 0.671903 0.0431087 0.0324875
0 0.436493 0.790403 0.03224 0.0244247
0 0.248854 0.0885237 0.130328 0.0999688
0 0.14225 0.569151 0.0289366 0.02382
0 0.42112 0.347327 0.0277897 0.0223318
0 0.496605 0.437796 0.0297687 0.0219829
0 0.987328 0.548876 0.0253449 0.0222549
0 0.564768 0.140007 0.100581 0.0743172
0 0.924563 0.240974 0.0297737 0.0246426
0 0.583176 0.649745 0.0284686 0.0216247
0 0.957264 0.690107 0.0853487 0.107214
0 0.859111 0.349376 0.0325854 0.025159
0 0.0764987 0.990242 0.0265526 0.0194472
0 0.916325 0.493711 0.0621647 0.0473639
0 0.352775 0.668521 0.0285357 0.0231055
0 0.486482 0.475095 0.198086 0.142162
0 0.153118 0.923025 0.0319605 0.025438
0 0.39084 0.306722 0.0287441 0.0227542
0 0.77479 0.995764 0.0571864 0.00847244
0 0.219956 0.499614 0.0318836 0.0266633
0 0.239716 0.559468 0.0280694 0.0221344
