0 0.739078 0.524007 0.131926 0.131051
0 0.475767 0.271787 0.0482195 0.0467049
0 0.581778 0.516153 0.0432811 0.0429235
0 0.515779 0.336305 0.0395994 0.0385813
0 0.0416143 0.497709 0.0390449 0.0375456
0 0.71121 0.200102 0.0294497 0.0287856
0 0.0797216 0.381466 0.04587 0.0453934
0 0.0651215 0.11316 0.0326226 0.0319568
0 0.0751132 0.319465 0.0346314 0.0337256
0 0.238999 0.693889 0.0256434 0.0245144
0 0.654085 0.294724 0.0452612 0.0444971
0 0.824529 0.042309 0.0419104 0.0411408
0 0.316272 0.618587 0.0389786 0.0363921
0 0.0192207 0.82661 0.0374689 0.0375679
0 0.193826 0.202731 0.0245393 0.0238626
0 0.253831 0.548766 0.0323093 0.0311071
0 0.395053 0.828137 0.0713742 0.0646213
0 0.0331678 0.771549 0.0358934 0.0346552
0 0.0469425 0.822288 0.088749 0.0848171
0 0.918355 0.50392 0.0510337 0.0485637
0 0.0713406 0.971937 0.0310331 0.0305464
0 0.509146 0.496017 0.0295944 0.0292931
0 0.746582 0.769771 0.0368091 0.035948
