0 0.302342 0.981652 0.0461925 0.0364729
0 0.733148 0.242927 0.0699288 0.068354
0 0.0414459 0.842066 0.0283939 0.0276877
0 0.55718 0.267185 0.0343199 0.0337989
0 0.210028 0.0132424 0.0338119 0.02646
0 0.489205 0.120866 0.03922 0.0385115
0 0.661456 0.780761 0.0297511 0.0294333
0 0.716516 0.819568 0.037071 0.0355868
0 0.218555 0.810331 0.0259604 0.0254797
0 0.295867 0.659637 0.0249897 0.0249466
0 0.0580192 0.920719 0.0273193 0.0262286
0 0.855177 0.462035 0.0309623 0.029999
0 0.046272 0.723228 0.0924894 0.150904
0 0.866641 0.0768442 0.264159 0.153688
0 0.67403 0.82634 0.0486956 0.0481496
0 0.416055 0.00575779 0.0272396 0.0114385
0 0.113687 0.436584 0.225062 0.408135
0 0.924049 0.551936 0.0245455 0.0240655
0 0.259507 0.246471 0.0386518 0.0380689
0 0.898331 0.219921 0.0982762 0.094311
0 0.179844 0.796148 0.0264843 0.0260079
0 0.772629 0.777767 0.0261332 0.0255287
0 0.251738 0.0164849 0.035249 0.0326239
0 0.6728 0.385365 0.0240967 0.0234915
0 0.322346 0.427243 0.02934 0.0291794
0 0.980888 0.486528 0.0225636 0.0226278
0 0.4532 0.73055 0.269455 0.268478
0 0.945788 0.666148 0.0465912 0.0459573
0 0.223042 0.240862 0.0252137 0.0244194
0 0.0996047 0.82824 0.0224218 0.0222349
0 0.771409 0.457272 0.222118 0.205272
0 0.944832 0.61149 0.0245232 0.0253639
