0 0.10436 0.973396 0.113384 0.053045
0 0.943168 0.449333 0.0355923 0.0265338
0 0.517242 0.310897 0.032763 0.0250217
0 0.321697 0.143589 0.033349 0.0246837
0 0.971423 0.423055 0.036823 0.0270419
0 0.192694 0.555578 0.0393813 0.0295708
0 0.12566 0.263056 0.033349 0.024585
0 0.200316 0.934256 0.0615692 0.0443394
0 0.393639 0.168016 0.0302984 0.0228246
0 0.941442 0.404499 0.0313737 0.0228929
0 0.41553 0.970004 0.0289359 0.0225759
0 0.101729 0.532125 0.145556 0.111122
0 0.0548876 0.649422 0.109775 0.110609
0 0.0147343 0.4748 0.0294686 0.0265353
0 0.0485001 0.866708 0.0790559 0.0616099
0 0.0329065 0.350015 0.0658129 0.0698884
0 0.146006 0.400923 0.213581 0.161705
0 0.130855 0.723893 0.058104 0.0458721
0 0.0472844 0.781132 0.0499706 0.0384221
0 0.997108 0.635679 0.00578442 0.0248637
0 0.883336 0.448467 0.0272738 0.0214439
