0 0.251653 0.944634 0.106953 0.10404
0 0.39311 0.275039 0.0574568 0.0563906
0 0.423811 0.126261 0.0509778 0.0496683
0 0.0712954 0.506154 0.0328475 0.0323534
0 0.812189 0.417223 0.0390736 0.0383787
0 0.858439 0.72424 0.0347714 0.0337665
0 0.0200661 0.204065 0.0401322 0.10744
0 0.383743 0.389721 0.0253425 0.0254983
0 0.0259828 0.0627085 0.0342542 0.0337979
0 0.646473 0.987526 0.0662498 0.0249019
0 0.54029 0.498262 0.040082 0.0395826
0 0.0739816 0.926678 0.0333204 0.0321649
0 0.287572 0.752994 0.0413212 0.0397504
0 0.260984 0.437793 0.0536618 0.050768
0 0.286253 0.843024 0.0980465 0.0967453
0 0.0953531 0.514905 0.147611 0.145439
0 0.802374 0.853284 0.199566 0.199998
0 0.0212628 0.906882 0.02797 0.027104
0 0.678612 0.905953 0.0303697 0.0297458
0 0.567171 0.447124 0.0362723 0.0352941
0 0.112966 0.0205508 0.157632 0.0410051
0 0.140417 0.109033 0.0260596 0.0259424
0 0.29942 0.474433 0.0461804 0.0454501
0 0.671018 0.953245 0.0243156 0.0241648
0 0.400137 0.70884 0.0403062 0.0389428
0 0.501305 0.669181 0.0244207 0.0241964
0 0.355929 0.871299 0.0314964 0.0308983
0 0.505351 0.553761 0.0263887 0.0257191
0 0.446966 0.427591 0.0384616 0.0366932
0 0.706075 0.525093 0.0321946 0.0313754
0 0.366175 0.839081 0.0658193 0.0630059
0 0.100243 0.461142 0.037134 0.0359433
0 0.307899 0.247387 0.0375485 0.0370483
0 0.116832 0.199355 0.0229127 0.0228883
0 0.756463 0.131818 0.131344 0.129435
0 0.215578 0.292792 0.025642 0.0249031
0 0.174414 0.573874 0.154468 0.148797
0 0.876796 0.887838 0.0245204 0.0236902
0 0.148561 0.780248 0.0244495 0.0236828
0 0.996066 0.0551944 0.00786791 0.0274685
0 0.862338 0.183629 0.275324 0.367223
0 0.416082 0.511617 0.0253564 0.0249379
0 0.827401 0.870042 0.0276274 0.0264404
0 0.995243 0.00822819 0.00915012 0.0164367
0 0.722127 0.5801 0.0270739 0.0259086
0 0.135102 0.249514 0.203271 0.209624
0 0.0691538 0.740053 0.0251488 0.0243585
0 0.177853 0.975183 0.0242635 0.0236598
0 0.305309 0.402476 0.286657 0.300398
0 0.441556 0.988197 0.03217 0.0234758
0 0.0573633 0.641872 0.0298685 0.0290811
0 0.773651 0.433359 0.0332236 0.0318108
0 0.0625159 0.445922 0.0411167 0.040074
0 0.878351 0.225479 0.0239357 0.0234782
0 0.771743 0.61566 0.0258851 0.0256254
0 0.305598 0.988818 0.0626798 0.0223631
0 0.632465 0.882715 0.0400423 0.0388874
0 0.356759 0.251166 0.0260627 0.0260388
0 0.0892245 0.99504 0.0431566 0.0099206
0 0.722341 0.381626 0.0236589 0.0236701
0 0.79581 0.371357 0.0237001 0.0229805
0 0.828936 0.332031 0.0316946 0.0318002
0 0.809682 0.665333 0.023499 0.0227903
0 0.0536702 0.391875 0.0287518 0.0281458
0 0.156153 0.843951 0.0847729 0.0796623
0 0.190474 0.764048 0.0318682 0.0307765
0 0.497228 0.143305 0.0834781 0.081376
0 0.155616 0.746797 0.0271804 0.026604
0 0.172248 0.427634 0.0327695 0.0320287
0 0.750865 0.680516 0.0234871 0.0231655
