0 0.401818 0.18975 0.0737033 0.070635
0 0.189995 0.529759 0.0602432 0.058367
0 0.656039 0.0184364 0.0616967 0.036811
0 0.969428 0.620765 0.0607594 0.0670783
0 0.684798 0.247331 0.0468508 0.044594
0 0.433123 0.388864 0.0464444 0.0450063
0 0.988611 0.071958 0.0227783 0.0382762
0 0.471773 0.43709 0.0788319 0.0741056
0 0.94736 0.512104 0.0433865 0.0419559
0 0.903586 0.894056 0.0435845 0.0429521
0 0.396267 0.473336 0.0451846 0.0443903
0 0.523937 0.931576 0.0374484 0.0366212
0 0.590084 0.543038 0.0725411 0.0698436
0 0.289269 0.259229 0.029335 0.0283891
0 0.481108 0.976943 0.0530098 0.0460777
0 0.315376 0.372676 0.0272403 0.0266412
0 0.330935 0.701195 0.0253942 0.0250309
0 0.707707 0.132268 0.0337721 0.0322329
0 0.567726 0.131246 0.0352529 0.0342816
0 0.46224 0.826763 0.03565 0.0344378
0 0.82322 0.950644 0.114413 0.098713
0 0.367596 0.426853 0.0456387 0.0445184
0 0.953787 0.0221518 0.0306699 0.0287404
0 0.0373235 0.674482 0.0745395 0.122186
0 0.708672 0.315702 0.0317268 0.0305806
0 0.951499 0.574547 0.0244234 0.0243471
0 0.120882 0.441806 0.0334489 0.0332017
0 0.413492 0.7352 0.0260403 0.0256108
0 0.74068 0.123337 0.0278928 0.0263415
0 0.879516 0.206372 0.0736411 0.0696315
0 0.840081 0.24403 0.039088 0.0375169
0 0.407368 0.821349 0.0355711 0.0348185
0 0.373816 0.231641 0.0285468 0.0277616
0 0.651318 0.32717 0.0281211 0.0269515
0 0.503331 0.182923 0.0378598 0.036429
0 0.969499 0.244917 0.054713 0.0520999
0 0.892388 0.299607 0.0347514 0.0333531
0 0.849494 0.66305 0.116267 0.112476
0 0.526865 0.565984 0.0545888 0.0514331
0 0.557706 0.25985 0.0265881 0.025334
0 0.975187 0.476877 0.0360853 0.0355802
0 0.322781 0.222763 0.0309107 0.0296217
0 0.984465 0.498725 0.0310697 0.0337942
0 0.154995 0.816963 0.0273972 0.026892
0 0.65396 0.544022 0.038988 0.0372667
0 0.924092 0.685341 0.040219 0.039892
0 0.792931 0.337449 0.0301367 0.0292378
0 0.0761034 0.801999 0.0496837 0.0474677
0 0.908155 0.330547 0.0317553 0.030742
0 0.0222951 0.393368 0.0268448 0.025867
0 0.622177 0.228335 0.0324702 0.0299692
0 0.0748216 0.922306 0.0389573 0.0357227
0 0.929156 0.130338 0.0470581 0.0441933
0 0.57196 0.909473 0.0322065 0.0316355
0 0.823979 0.854867 0.0235777 0.0238121
0 0.683643 0.168329 0.028013 0.0265418
0 0.822272 0.984145 0.0327454 0.030376
0 0.709887 0.680582 0.0243037 0.0243255
0 0.669531 0.432422 0.0227481 0.0220325
0 0.765275 0.686582 0.0263268 0.0257988
0 0.671014 0.291376 0.0262973 0.0251905
0 0.66221 0.566677 0.0267044 0.0254223
0 0.655738 0.503215 0.0297775 0.0282926
0 0.718756 0.34677 0.0284345 0.0273354
0 0.981314 0.299136 0.0372613 0.0484446
0 0.484452 0.0157121 0.0273557 0.0271669
0 0.886018 0.224202 0.0471579 0.0451901
0 0.552876 0.404043 0.0261811 0.0251474
0 0.807054 0.231604 0.0244556 0.0235869
0 0.636522 0.267741 0.0366752 0.0351878
0 0.586251 0.606939 0.0236876 0.0230336
0 0.445202 0.329918 0.029365 0.0285438
0 0.428124 0.0336043 0.0275599 0.0266548
0 0.782899 0.509489 0.237433 0.227806
0 0.450883 0.238675 0.0597747 0.0577557
0 0.18422 0.340603 0.0264351 0.0248849
0 0.579555 0.0789735 0.0425223 0.04144
0 0.863574 0.403279 0.0280718 0.0273109
0 0.615467 0.473418 0.0261833 0.024825
0 0.486381 0.348773 0.107347 0.101512
0 0.782933 0.0651882 0.0290351 0.0268914
0 0.637096 0.226911 0.0511615 0.0485003
0 0.977983 0.885814 0.0404656 0.0399432
0 0.457706 0.206919 0.537983 0.413498
0 0.823432 0.102745 0.0289207 0.0270826
0 0.921818 0.0144583 0.0281091 0.0270861
