0 0.662579 0.126994 0.0812462 0.0667213
0 0.20541 0.778418 0.077553 0.0653002
0 0.4172 0.773102 0.0448844 0.0376564
0 0.758366 0.228668 0.0370085 0.0311892
0 0.744948 0.0333984 0.047231 0.0393842
0 0.484284 0.966288 0.0737612 0.0595945
0 0.700184 0.553556 0.0469648 0.0405668
0 0.669552 0.556684 0.0442025 0.0393796
0 0.0216 0.557841 0.0432001 0.0876613
0 0.392951 0.109419 0.0320704 0.0279505
0 0.0714611 0.119423 0.0341718 0.0293309
0 0.507514 0.137255 0.0285034 0.0243492
0 0.546712 0.215508 0.030479 0.025499
0 0.279279 0.927834 0.0374658 0.0320783
0 0.817295 0.672624 0.0677066 0.0580709
0 0.785409 0.589857 0.052804 0.0450466
0 0.0517939 0.467618 0.103588 0.127975
0 0.709029 0.0503256 0.0410345 0.0349532
0 0.775789 0.0539301 0.030283 0.0260991
0 0.0261543 0.985366 0.0336504 0.0283533
0 0.510487 0.86014 0.0261911 0.0229187
0 0.984435 0.540453 0.0291592 0.0253726
0 0.736868 0.192934 0.0260758 0.0223218
0 0.892111 0.706788 0.027696 0.0246655
0 0.99416 0.614484 0.0116791 0.0304196
0 0.396577 0.629656 0.083474 0.072131
0 0.723664 0.391281 0.0253122 0.0219081
0 0.91646 0.629572 0.0480545 0.0421944
0 0.969767 0.66473 0.0286568 0.0256761
0 0.835602 0.00695034 0.060441 0.0139007
0 0.806078 0.62394 0.0397229 0.034479
0 0.345833 0.458922 0.0510072 0.0441464
0 0.739101 0.137558 0.0778999 0.0662208
0 0.902992 0.0291226 0.0767871 0.0571602
0 0.136153 0.265898 0.0248104 0.0219511
0 0.457587 0.988412 0.0426839 0.023088
0 0.830283 0.646628 0.0303894 0.0268478
0 0.137435 0.755849 0.0295424 0.0263259
0 0.0537499 0.371039 0.0792946 0.0673838
