0 0.826286 0.890034 0.041461 0.0321555
0 0.814813 0.839041 0.0535275 0.0412984
0 0.784921 0.794332 0.0386839 0.0299029
0 0.663764 0.214574 0.0353424 0.0268674
0 0.21292 0.0198998 0.0380554 0.0296509
0 0.923866 0.423307 0.038496 0.0294857
0 0.345148 0.0953897 0.0335717 0.0256141
0 0.11971 0.520875 0.0374024 0.0285559
0 0.494668 0.0647672 0.030619 0.0236056
0 0.617716 0.8594 0.0367439 0.0277596
0 0.117365 0.0433797 0.0352874 0.0266189
0 0.861135 0.798375 0.0285552 0.0227698
0 0.0493226 0.596951 0.0320745 0.0244312
0 0.984335 0.784797 0.0313267 0.0278375
0 0.667734 0.842475 0.0307682 0.0234656
0 0.00466745 0.149778 0.0093349 0.0283472
0 0.509588 0.492492 0.0294711 0.0226394
0 0.823244 0.982031 0.0290012 0.0227556
0 0.673155 0.568261 0.0296059 0.022574
0 0.418734 0.530286 0.0279596 0.0222826
0 0.802386 0.233826 0.0464971 0.0362544
0 0.614394 0.928578 0.0276618 0.0228126
0 0.417555 0.0585242 0.0297154 0.0220817
0 0.574652 0.00978546 0.0337474 0.0195638
0 0.497953 0.776528 0.0774795 0.0594295
0 0.0861098 0.644604 0.0276905 0.0219444
0 0.410503 0.866957 0.198083 0.151282
0 0.253885 0.973583 0.027405 0.0216624
0 0.945579 0.0233113 0.0280523 0.0220912
