0 0.681878 0.523248 0.0942273 0.0756557
0 0.859202 0.968739 0.129988 0.062394
0 0.0862736 0.499173 0.0713421 0.0570918
0 0.943716 0.213954 0.0697568 0.0553856
0 0.250238 0.244903 0.0753512 0.0602012
0 0.510104 0.0242056 0.0543687 0.044065
0 0.329684 0.362414 0.1905 0.1553
0 0.257524 0.0992201 0.201131 0.162832
0 0.596897 0.0601522 0.0569918 0.046172
0 0.597571 0.570507 0.0452491 0.0369594
0 0.58186 0.326031 0.0827496 0.0660015
0 0.889271 0.246828 0.0621595 0.0504326
0 0.613244 0.911588 0.0377806 0.0306368
0 0.53329 0.700723 0.0710321 0.0578974
0 0.738825 0.055472 0.0572981 0.0459287
0 0.713778 0.146683 0.25569 0.204222
0 0.801466 0.260444 0.0905394 0.0699904
0 0.964201 0.176669 0.0414446 0.0327325
0 0.663314 0.652526 0.0559341 0.045849
0 0.18321 0.682744 0.0313224 0.0257607
0 0.849137 0.461684 0.0342291 0.027616
0 0.258876 0.750259 0.037607 0.0312127
0 0.908177 0.367052 0.100017 0.082688
0 0.0392269 0.175897 0.0781206 0.0675267
0 0.0521814 0.833941 0.104363 0.136521
0 0.691361 0.851623 0.0310507 0.0253489
0 0.301247 0.70387 0.0365982 0.0301862
0 0.463639 0.85288 0.0402368 0.0322805
0 0.163288 0.157184 0.0848186 0.0674079
0 0.882781 0.426337 0.0348811 0.0288235
0 0.0779264 0.717942 0.155853 0.198273
0 0.759206 0.349163 0.0944118 0.0785681
0 0.448696 0.470954 0.0599195 0.0484409
0 0.123703 0.43672 0.0356629 0.0286286
0 0.956541 0.272498 0.0869183 0.0810216
0 0.642051 0.0415658 0.0581316 0.0470138
0 0.415261 0.697112 0.044788 0.0365028
0 0.908502 0.178358 0.028019 0.0230112
0 0.368825 0.976842 0.0977014 0.0462704
0 0.664916 0.320116 0.0922995 0.0715551
0 0.170076 0.866656 0.0701194 0.0583491
0 0.959436 0.0438266 0.0680449 0.0549807
0 0.313553 0.522904 0.0923104 0.0713594
0 0.0176686 0.423361 0.0353063 0.0351562
0 0.194032 0.400554 0.121082 0.0956713
0 0.528481 0.432001 0.0457041 0.0380869
0 0.595169 0.981486 0.0282891 0.0239434
0 0.884655 0.280002 0.0499666 0.040798
0 0.351756 0.83727 0.0327014 0.0268085
0 0.899586 0.0612554 0.0427601 0.0345867
0 0.99311 0.939255 0.0137797 0.0283754
0 0.597332 0.535978 0.0287179 0.0233634
0 0.214247 0.980368 0.0530719 0.0391252
0 0.785009 0.851577 0.0335885 0.0268735
0 0.884307 0.12499 0.105978 0.085799
0 0.441074 0.375343 0.0286695 0.0234901
0 0.688148 0.386867 0.0929236 0.0743878
0 0.988363 0.314669 0.0232121 0.0456979
0 0.0217196 0.109257 0.0434391 0.0621025
0 0.415957 0.308882 0.0306703 0.0250463
0 0.0960965 0.0616593 0.189677 0.123319
0 0.835057 0.813407 0.0307391 0.0244926
0 0.84139 0.331654 0.0328341 0.0267938
0 0.632471 0.838451 0.0324267 0.0263524
0 0.761901 0.694363 0.0360527 0.028985
0 0.208821 0.835727 0.0947641 0.0771583
0 0.18251 0.61547 0.120084 0.0971794
0 0.0593852 0.623897 0.118144 0.141574
0 0.985674 0.495323 0.0285925 0.0310351
0 0.2817 0.82804 0.0483485 0.0394934
0 0.904203 0.885547 0.0633457 0.0504484
0 0.551334 0.959035 0.0326866 0.0269121
0 0.659413 0.403265 0.0413894 0.0335495
