0 0.134572 0.736791 0.142551 0.126009
0 0.824787 0.128471 0.0993372 0.084764
0 0.86126 0.69692 0.0913911 0.077949
0 0.17755 0.64521 0.0606727 0.0542219
0 0.461456 0.143895 0.0812121 0.0687712
0 0.212883 0.387743 0.0672075 0.0560537
0 0.260032 0.184251 0.0457547 0.0383983
0 0.919883 0.939065 0.0363115 0.0322937
0 0.437468 0.415978 0.0343647 0.0292483
0 0.475696 0.0161333 0.0326112 0.0281264
0 0.755647 0.0926747 0.0590345 0.0487772
0 0.856422 0.7427 0.0431115 0.0373317
0 0.895996 0.810021 0.0346491 0.0304828
0 0.224709 0.846381 0.0396911 0.0363558
0 0.611999 0.175508 0.0348973 0.0297792
0 0.0643499 0.187956 0.0450847 0.038244
0 0.589137 0.0829814 0.0439431 0.0370799
0 0.808578 0.806607 0.0344272 0.0301116
0 0.889425 0.258552 0.036057 0.0313905
0 0.320079 0.91676 0.0273388 0.0247993
0 0.503095 0.148964 0.0394378 0.0349423
0 0.903004 0.546159 0.0354069 0.0302649
0 0.948925 0.910699 0.0270598 0.0242151
0 0.0695119 0.618182 0.0264482 0.0241263
0 0.614249 0.861277 0.0352035 0.0323341
0 0.387327 0.228091 0.0343689 0.0296484
0 0.498919 0.592469 0.026937 0.0234962
0 0.0703221 0.123982 0.0764714 0.0641385
0 0.0111773 0.0124801 0.0223546 0.0244947
0 0.712094 0.295069 0.0297072 0.0258467
0 0.728114 0.303078 0.0538652 0.0447283
0 0.993715 0.0505961 0.0125702 0.0304467
0 0.585792 0.34981 0.0332074 0.0292246
0 0.574239 0.189963 0.0389966 0.033006
0 0.285663 0.0878312 0.038908 0.032078
0 0.689466 0.131132 0.0387842 0.0329738
0 0.764701 0.214398 0.0258881 0.0227935
0 0.602402 0.78509 0.0288966 0.0254111
0 0.606819 0.396307 0.120011 0.106536
0 0.163289 0.0613667 0.0277623 0.0240079
0 0.0915824 0.00517766 0.0269307 0.0102672
0 0.0544477 0.965531 0.0718992 0.0649349
0 0.454705 0.0061365 0.0387044 0.0122459
0 0.811058 0.669336 0.0267168 0.0233903
0 0.404196 0.153408 0.0324244 0.0282689
0 0.708175 0.895934 0.04304 0.0353349
0 0.811897 0.781708 0.02984 0.0264107
