0 0.13665 0.542995 0.146926 0.144879
0 0.0418673 0.632749 0.0835532 0.0977888
0 0.107328 0.287275 0.111044 0.106763
0 0.937547 0.0445868 0.0601254 0.0588396
0 0.544602 0.318329 0.116786 0.116109
0 0.65401 0.0336851 0.0860578 0.0671358
0 0.607502 0.153207 0.0643148 0.0629895
0 0.260673 0.423278 0.061085 0.0613817
0 0.0150474 0.481139 0.030002 0.0324651
0 0.935959 0.825983 0.0483235 0.0478385
0 0.197915 0.107923 0.0417899 0.0412187
0 0.0393113 0.496882 0.0271045 0.0269165
0 0.122842 0.717313 0.147002 0.140994
0 0.892138 0.273433 0.0343091 0.0334709
0 0.739229 0.188907 0.0277555 0.0273813
0 0.533751 0.758559 0.0264714 0.0269825
0 0.113727 0.986478 0.0338194 0.0270447
0 0.590656 0.903146 0.0328642 0.0322207
0 0.772894 0.397367 0.035141 0.034444
0 0.376974 0.613545 0.0269506 0.0269475
0 0.0257822 0.916894 0.035181 0.0339034
0 0.863292 0.243203 0.0263982 0.0259056
0 0.378111 0.960522 0.0850808 0.078957
0 0.662636 0.990865 0.0264101 0.0181355
0 0.00717691 0.23184 0.0143529 0.0276841
0 0.476562 0.930569 0.0313796 0.0306444
0 0.989651 0.766546 0.0206881 0.0293899
0 0.161857 0.316167 0.102757 0.0995536
0 0.633349 0.440767 0.0517904 0.0513757
0 0.134289 0.130591 0.0322387 0.0310372
0 0.747822 0.379143 0.048697 0.0473458
0 0.772256 0.617598 0.0271993 0.026641
0 0.105016 0.388032 0.0691071 0.068143
0 0.558376 0.135769 0.0250909 0.0243852
0 0.0984162 0.941795 0.0286644 0.0280173
0 0.948896 0.696113 0.0267051 0.0261447
0 0.392493 0.019391 0.0945704 0.0386491
0 0.217781 0.668727 0.0453463 0.0453304
0 0.934271 0.677578 0.0253228 0.0248382
0 0.0807151 0.850344 0.139858 0.132874
0 0.246819 0.979908 0.0402283 0.038423
0 0.573962 0.257801 0.0620411 0.0609871
0 0.778056 0.513562 0.252986 0.237262
0 0.584134 0.471837 0.0297997 0.0292158
0 0.842505 0.21997 0.0250604 0.024418
0 0.0853661 0.863527 0.0242173 0.0237063
0 0.864179 0.425941 0.0345773 0.0340058
0 0.618658 0.528492 0.0371348 0.0360125
0 0.179531 0.986907 0.0289461 0.0255551
0 0.131455 0.214004 0.0308768 0.029823
0 0.752343 0.641665 0.0280962 0.0274191
0 0.452427 0.185547 0.0230249 0.0230383
0 0.790024 0.343114 0.0840818 0.0841147
0 0.423547 0.910117 0.0279072 0.0281625
0 0.074719 0.187969 0.0238551 0.0233716
0 0.965623 0.227353 0.0687546 0.0889651
0 0.549531 0.708893 0.0256672 0.0256045
0 0.168457 0.878327 0.336914 0.243346
0 0.413737 0.627314 0.0449931 0.0442397
0 0.282969 0.0169675 0.0393237 0.0338945
0 0.525587 0.300275 0.0280707 0.0280547
0 0.63089 0.84493 0.0325815 0.0323124
0 0.526905 0.788616 0.0254273 0.0253799
0 0.215089 0.795624 0.0284612 0.0284059
0 0.151026 0.379942 0.0241642 0.0233899
0 0.54799 0.441387 0.0518388 0.0506754
0 0.688245 0.296026 0.0333345 0.0327137
0 0.858875 0.803259 0.223391 0.216143
0 0.0728045 0.333872 0.0265698 0.0264798
0 0.934013 0.123244 0.0248036 0.0241927
0 0.742058 0.970419 0.150024 0.0591616
0 0.257772 0.923324 0.0237664 0.0234105
0 0.969083 0.649414 0.0250198 0.0246642
0 0.212862 0.292484 0.0229583 0.0224369
0 0.412802 0.432273 0.0232485 0.0233451
0 0.712597 0.707766 0.0378296 0.0369568
