0 0.729087 0.932855 0.115265 0.102762
0 0.118064 0.815364 0.0904477 0.0799375
0 0.709785 0.587082 0.0487793 0.0455526
0 0.660142 0.537544 0.0318295 0.0305426
0 0.398434 0.0201062 0.11252 0.0401479
0 0.724155 0.516916 0.0457483 0.0424929
0 0.776613 0.773503 0.0277271 0.0261035
0 0.162196 0.185802 0.0297384 0.026493
0 0.348058 0.0283636 0.051235 0.043452
0 0.0848819 0.749972 0.0611866 0.053165
0 0.613019 0.797768 0.0279621 0.025598
0 0.708379 0.859024 0.03787 0.0346764
0 0.440497 0.593788 0.0278389 0.0253665
0 0.781747 0.64737 0.028964 0.0268674
0 0.936175 0.914372 0.0258947 0.0237941
0 0.912306 0.746042 0.0299943 0.028176
0 0.670275 0.307586 0.0257978 0.0241729
0 0.483445 0.721641 0.0615108 0.0569954
0 0.240432 0.765969 0.0262141 0.023615
0 0.255115 0.943639 0.0268352 0.0243814
0 0.422899 0.179187 0.0340533 0.029574
0 0.7016 0.776651 0.0241654 0.022292
0 0.56978 0.357215 0.0301781 0.0281289
0 0.490671 0.50394 0.0239611 0.023015
0 0.355898 0.0812233 0.0450587 0.0393629
0 0.315695 0.277356 0.0275917 0.024572
0 0.723593 0.983235 0.0600049 0.0335308
0 0.855082 0.158785 0.0295984 0.0273732
0 0.272426 0.856303 0.0248276 0.022595
0 0.785627 0.612894 0.0239055 0.0225945
0 0.49678 0.0173407 0.0244662 0.0223277
0 0.357366 0.112079 0.0437772 0.0376212
0 0.708655 0.724684 0.0233774 0.0224936
0 0.454701 0.948914 0.0264425 0.023468
0 0.726946 0.00620571 0.0268192 0.0124114
0 0.219402 0.0578862 0.0237971 0.0212011
0 0.722297 0.483679 0.0264254 0.0251523
