0 0.179807 0.399958 0.160793 0.131975
0 0.303256 0.688525 0.224992 0.190185
0 0.303404 0.259085 0.0938016 0.0743176
0 0.461846 0.597673 0.181773 0.157913
0 0.155279 0.230335 0.0610014 0.050387
0 0.279528 0.382171 0.0926146 0.0778935
0 0.379482 0.331258 0.0447802 0.0364896
0 0.736021 0.404464 0.0573491 0.0474627
0 0.595128 0.442172 0.0655472 0.053431
0 0.497452 0.360937 0.0923706 0.0750363
0 0.479395 0.160201 0.052606 0.0443972
0 0.663245 0.950664 0.0341766 0.0289204
0 0.0768694 0.98089 0.0559423 0.0379639
0 0.34879 0.0121129 0.0407995 0.0240514
0 0.344319 0.489425 0.0520674 0.0419212
0 0.822235 0.112777 0.0466146 0.0400008
0 0.429499 0.925974 0.0323566 0.0283712
0 0.365728 0.0716896 0.0393162 0.0329483
0 0.93059 0.108768 0.0427874 0.0363556
0 0.0413164 0.795653 0.0569805 0.0493624
0 0.710601 0.938732 0.0355699 0.0299387
0 0.187911 0.931844 0.0670445 0.057731
0 0.156861 0.5287 0.0764537 0.0643176
0 0.791414 0.174302 0.0465374 0.0397958
0 0.268776 0.0289312 0.0339501 0.0282931
0 0.845518 0.308595 0.0329282 0.0280663
0 0.299085 0.0524201 0.0328997 0.0280509
0 0.75079 0.0240142 0.0407087 0.0347318
0 0.770458 0.0922189 0.0361817 0.0304735
0 0.721055 0.287402 0.0565331 0.0478792
0 0.744192 0.0678977 0.0319702 0.0273497
0 0.0708001 0.704739 0.034335 0.0287966
0 0.762162 0.127449 0.0349212 0.0288771
0 0.889 0.411609 0.0427435 0.0373005
0 0.659316 0.359543 0.0648937 0.0538264
0 0.293467 0.485883 0.0477756 0.039775
0 0.217952 0.495507 0.0272346 0.0232262
0 0.609209 0.593797 0.030134 0.0258497
0 0.500518 0.916298 0.0262911 0.0236699
0 0.45492 0.503139 0.0324923 0.0272338
0 0.0709715 0.115443 0.0269753 0.0228458
0 0.462615 0.215956 0.0385427 0.0318825
0 0.672671 0.32028 0.0697798 0.0591986
0 0.702818 0.24446 0.0277724 0.0236174
0 0.552069 0.272879 0.0258713 0.0220178
0 0.53753 0.160262 0.0603852 0.0524799
0 0.0523492 0.454474 0.0291936 0.0239162
0 0.872185 0.0790748 0.0302217 0.0259408
0 0.722465 0.656841 0.0302421 0.0267999
0 0.378653 0.227573 0.102197 0.0867361
0 0.259211 0.44403 0.069104 0.0578494
0 0.128618 0.685413 0.0324849 0.0265396
0 0.00359034 0.466035 0.00718068 0.0250196
0 0.259183 0.153462 0.0349986 0.0303968
0 0.963902 0.0210549 0.0372957 0.0318102
0 0.727906 0.329758 0.0450389 0.0392792
0 0.857257 0.422226 0.055931 0.0480384
0 0.0853484 0.856584 0.110721 0.0955188
0 0.0648037 0.0293141 0.129607 0.0583993
0 0.0210349 0.0123359 0.0245278 0.0220022
