0 0.952312 0.362103 0.0953376 0.124003
0 0.306506 0.129776 0.0761754 0.0740122
0 0.585812 0.669528 0.061525 0.0585358
0 0.476727 0.174412 0.0448879 0.0426339
0 0.806289 0.106074 0.0781176 0.0752035
0 0.747431 0.0814973 0.0749745 0.0703783
0 0.444857 0.311284 0.0374428 0.0361614
0 0.692722 0.793531 0.0322554 0.0306126
0 0.748823 0.564736 0.0337858 0.0321469
0 0.698584 0.415836 0.0270638 0.0259674
0 0.424837 0.706793 0.0301076 0.0283937
0 0.812214 0.273022 0.0314875 0.0307257
0 0.521548 0.862878 0.0243481 0.0234521
0 0.468024 0.447167 0.0252423 0.0244269
0 0.85967 0.28594 0.0253309 0.024725
0 0.705688 0.89445 0.0288523 0.0277011
0 0.900482 0.871461 0.0225792 0.022215
0 0.79783 0.248231 0.0242157 0.0239281
0 0.425533 0.430153 0.0319644 0.0310987
0 0.509549 0.498296 0.0262114 0.0253692
0 0.50401 0.00917675 0.0330943 0.0183535
0 0.495064 0.4682 0.0304061 0.0298262
0 0.297917 0.681969 0.0243112 0.0228541
0 0.0122342 0.951744 0.0244684 0.0317338
0 0.375432 0.973162 0.0290094 0.0269442
0 0.212841 0.899015 0.0232783 0.0225021
0 0.825574 0.335229 0.0399404 0.0397615
0 0.224779 0.676594 0.27272 0.257772
0 0.912669 0.735791 0.0270963 0.0261285
0 0.751994 0.536084 0.0312099 0.0298864
