0 0.678108 0.119655 0.351481 0.237303
0 0.105015 0.295491 0.0718978 0.0638194
0 0.0672008 0.929341 0.0696149 0.0597309
0 0.608226 0.297215 0.222752 0.200687
0 0.929714 0.766025 0.0635595 0.0552281
0 0.241147 0.554715 0.0552661 0.0474772
0 0.875732 0.643457 0.0569817 0.0498884
0 0.936323 0.31634 0.0437831 0.0401105
0 0.89121 0.0726179 0.0572005 0.0527477
0 0.135756 0.378199 0.0470078 0.0424899
0 0.462958 0.717342 0.043781 0.0384755
0 0.18322 0.800331 0.0571666 0.0495114
0 0.520539 0.212812 0.157311 0.14808
0 0.311473 0.65893 0.0423979 0.0363314
0 0.990055 0.532124 0.0198653 0.0309982
0 0.911964 0.394092 0.0329871 0.0296618
0 0.0533694 0.223063 0.0350007 0.0319967
0 0.315443 0.825373 0.0322099 0.0283753
0 0.849333 0.467555 0.0461864 0.0411671
0 0.114154 0.491546 0.0296847 0.0270007
0 0.940606 0.166507 0.030632 0.0290377
0 0.0633943 0.176038 0.0334804 0.0302261
0 0.118274 0.733727 0.0366619 0.0313645
0 0.309478 0.448853 0.0330402 0.0298904
0 0.644937 0.507314 0.0325568 0.0295567
0 0.54591 0.794489 0.0496332 0.0454202
0 0.843154 0.851194 0.0305655 0.0273809
0 0.229012 0.659202 0.0288558 0.0246956
0 0.959409 0.0479314 0.0264071 0.0251185
0 0.122268 0.345366 0.0302202 0.0271595
0 0.674944 0.813096 0.120449 0.102644
0 0.664682 0.993841 0.0369742 0.0123178
0 0.0390909 0.13398 0.0580952 0.0543911
0 0.856426 0.594653 0.0383191 0.0342915
0 0.580608 0.474069 0.0268188 0.0240459
0 0.990027 0.581036 0.019897 0.0326424
0 0.00711692 0.915587 0.0142338 0.0436316
0 0.551204 0.63316 0.0308502 0.0279328
0 0.338941 0.0431477 0.0302334 0.0274673
0 0.376532 0.546059 0.0311937 0.027898
0 0.394064 0.212913 0.0259326 0.02405
0 0.598567 0.212796 0.0303267 0.0277379
0 0.0523319 0.757875 0.0359139 0.0314188
0 0.898405 0.682381 0.0288224 0.0244817
0 0.291496 0.909819 0.0412605 0.035214
0 0.470953 0.796022 0.0426906 0.0377995
0 0.14544 0.512864 0.0264401 0.0240703
0 0.492888 0.819505 0.0298352 0.0273356
0 0.800361 0.409211 0.0256744 0.0239307
0 0.892393 0.320012 0.0276583 0.025267
0 0.5309 0.756668 0.0261812 0.0241268
0 0.854289 0.944719 0.0800858 0.0720706
0 0.186803 0.502459 0.0292759 0.0261648
0 0.21878 0.932905 0.029262 0.0248075
0 0.450725 0.763912 0.0365791 0.0330359
0 0.862862 0.982975 0.042627 0.0336556
0 0.843286 0.544336 0.0597801 0.0532079
0 0.372399 0.798728 0.0383211 0.0332747
0 0.946659 0.593549 0.0559815 0.0505462
0 0.0173592 0.772759 0.0346767 0.0355733
0 0.337901 0.788216 0.0315484 0.0271089
0 0.613544 0.61134 0.0307901 0.0275729
0 0.566101 0.772545 0.0285602 0.0269275
0 0.896684 0.609567 0.031099 0.0269263
0 0.184655 0.700733 0.0408016 0.0361385
0 0.161411 0.668289 0.0374545 0.0333836
0 0.18466 0.455455 0.0282364 0.0256186
0 0.311609 0.575077 0.0283148 0.0247705
0 0.195049 0.608446 0.0443818 0.0389955
0 0.0998228 0.38298 0.0345739 0.0317764
0 0.163887 0.731973 0.0519337 0.0457653
0 0.961243 0.109006 0.0257359 0.0249718
0 0.435563 0.358739 0.0276529 0.0255985
0 0.816865 0.981927 0.0277543 0.0249209
0 0.533843 0.558709 0.049551 0.0455266
0 0.418286 0.724241 0.0264246 0.0233857
0 0.276914 0.583993 0.0279622 0.0244358
0 0.707834 0.590859 0.110274 0.0974032
0 0.68936 0.496326 0.0287418 0.0256006
0 0.90063 0.228257 0.0235533 0.0219498
0 0.0586808 0.844138 0.0471988 0.0411825
0 0.440234 0.909149 0.0463532 0.0412664
0 0.299417 0.0196901 0.0243326 0.0225589
0 0.741222 0.871287 0.0556555 0.0504901
0 0.29802 0.88307 0.0284106 0.0249646
0 0.276492 0.965487 0.034032 0.0282559
0 0.961541 0.549946 0.0508929 0.0457363
