0 0.143954 0.490078 0.100067 0.0908206
0 0.561747 0.142809 0.234193 0.194079
0 0.512096 0.363854 0.129431 0.106261
0 0.847668 0.188894 0.0774307 0.0683013
0 0.74869 0.0474139 0.215383 0.0948279
0 0.428822 0.40597 0.059448 0.0522356
0 0.493293 0.478036 0.0616505 0.0535198
0 0.604066 0.288023 0.0979952 0.084907
0 0.570277 0.156974 0.0367897 0.0311875
0 0.175517 0.358825 0.0954309 0.0858657
0 0.388887 0.15706 0.0432136 0.036665
0 0.201242 0.26827 0.171866 0.154006
0 0.887756 0.0860577 0.170557 0.153576
0 0.88159 0.655191 0.135664 0.118557
0 0.1816 0.924261 0.196065 0.151123
0 0.382453 0.616233 0.0372398 0.0320745
0 0.169166 0.705171 0.037725 0.0351431
0 0.737203 0.169971 0.186255 0.158093
0 0.419055 0.509952 0.0349371 0.0306706
0 0.513625 0.971453 0.232024 0.0570936
0 0.113756 0.677645 0.0415253 0.0390132
0 0.943856 0.741545 0.0343478 0.0297183
0 0.884387 0.451516 0.231225 0.236571
0 0.745917 0.651912 0.031584 0.0271944
0 0.383043 0.806551 0.0558942 0.0476799
0 0.153156 0.134676 0.0350169 0.0308174
0 0.536346 0.680605 0.199291 0.16572
0 0.668428 0.425909 0.0349496 0.0300356
0 0.531566 0.778003 0.0367632 0.0310011
0 0.426958 0.754883 0.0280803 0.0237963
0 0.803177 0.900708 0.0311495 0.0261853
0 0.160452 0.579692 0.0285103 0.0258672
0 0.673251 0.669271 0.0292678 0.0254498
0 0.458771 0.211799 0.0467776 0.0417038
0 0.391363 0.382658 0.0277248 0.0249383
0 0.293815 0.331346 0.0350783 0.0311489
0 0.584941 0.685914 0.0287886 0.0251386
0 0.0816175 0.0433613 0.163235 0.0866457
0 0.191188 0.591667 0.0412193 0.0384603
0 0.966059 0.509134 0.0678821 0.262447
0 0.367529 0.334734 0.0303668 0.0263223
0 0.0614283 0.270412 0.122857 0.133709
0 0.091016 0.425927 0.143639 0.131788
0 0.254285 0.462157 0.0446582 0.0400939
0 0.258691 0.0368671 0.0400623 0.0358277
0 0.887334 0.558867 0.0302458 0.027194
0 0.967712 0.954349 0.0645766 0.0909431
0 0.479497 0.788275 0.0327187 0.0274207
0 0.259807 0.497155 0.0474136 0.0426546
0 0.93073 0.84134 0.0263257 0.0227736
0 0.91128 0.662331 0.06527 0.056052
0 0.723209 0.286196 0.031003 0.0262424
0 0.260559 0.836476 0.0655889 0.0574828
0 0.730143 0.539748 0.0525215 0.046155
0 0.582495 0.437942 0.0266743 0.023313
0 0.291193 0.983887 0.0282606 0.0251224
0 0.675222 0.862894 0.225454 0.177976
0 0.551037 0.449871 0.026937 0.0236875
0 0.266642 0.61346 0.0362686 0.0329325
0 0.723777 0.690171 0.0255055 0.0229336
0 0.764951 0.731329 0.0270522 0.02431
0 0.971921 0.250149 0.0560133 0.169539
0 0.778923 0.690839 0.0266719 0.0234419
0 0.534832 0.710317 0.0259038 0.022938
0 0.32955 0.669931 0.0459919 0.0406885
0 0.481489 0.75671 0.0285965 0.0243931
0 0.382225 0.497907 0.0257816 0.0232404
0 0.508818 0.279345 0.105605 0.091779
0 0.653164 0.566813 0.0396605 0.0347413
0 0.420529 0.233505 0.0421564 0.0365156
0 0.706575 0.327758 0.026592 0.0237353
0 0.365746 0.0614685 0.11573 0.0984775
0 0.101275 0.733104 0.0270071 0.0253217
0 0.28184 0.776482 0.0264122 0.0235322
0 0.181099 0.409197 0.0263327 0.0244233
0 0.269764 0.657843 0.0310656 0.0273628
0 0.233127 0.435508 0.0442718 0.0388418
0 0.679028 0.396678 0.0267906 0.0234848
0 0.0699225 0.47082 0.0528753 0.0489438
0 0.471485 0.61279 0.0849941 0.0724901
0 0.775677 0.613591 0.03855 0.0334482
