0 0.920785 0.336804 0.12357 0.105362
0 0.71686 0.45851 0.0905278 0.0795225
0 0.947091 0.456461 0.098587 0.0833006
0 0.160824 0.500686 0.0706143 0.0626617
0 0.188659 0.231896 0.0744745 0.0694267
0 0.350577 0.64839 0.0720927 0.0669333
0 0.557667 0.81097 0.165388 0.150175
0 0.935137 0.517377 0.0476413 0.0407488
0 0.0826888 0.0410299 0.0630816 0.0583786
0 0.155473 0.763371 0.0396645 0.0372424
0 0.903719 0.886638 0.0463982 0.0430586
0 0.291891 0.166075 0.047844 0.0453237
0 0.205062 0.0770474 0.0540793 0.0510761
0 0.165958 0.0177946 0.0772727 0.0354361
0 0.202476 0.13472 0.0468051 0.0436329
0 0.818062 0.124108 0.0533006 0.0453335
0 0.563703 0.29463 0.0472574 0.0416776
0 0.81512 0.64855 0.228253 0.195199
0 0.367458 0.201792 0.040688 0.0382906
0 0.120532 0.255518 0.0481937 0.0454931
0 0.310514 0.22649 0.0435961 0.0411339
0 0.536697 0.719654 0.0636279 0.0593264
0 0.482602 0.160464 0.041536 0.0390437
0 0.113686 0.481345 0.0292339 0.0264398
0 0.320245 0.713861 0.0329255 0.0307268
0 0.781229 0.862947 0.0385299 0.0352042
0 0.338999 0.336568 0.0545707 0.0519036
0 0.37813 0.427535 0.0429027 0.0400711
0 0.574562 0.945065 0.233625 0.109871
0 0.0215269 0.493365 0.0420456 0.0384909
0 0.628817 0.451536 0.0310397 0.0275075
0 0.0856798 0.369455 0.0352445 0.0318399
0 0.380163 0.383309 0.091038 0.0846136
0 0.704454 0.839724 0.0442353 0.0410735
0 0.894187 0.814987 0.0746946 0.0682729
0 0.848966 0.432874 0.0588229 0.0491984
0 0.782644 0.780062 0.0399997 0.03579
0 0.176392 0.193118 0.034248 0.0327175
0 0.712562 0.751454 0.112862 0.102367
0 0.104969 0.183548 0.0324923 0.0299326
0 0.111666 0.832774 0.0271854 0.0251343
0 0.813528 0.506312 0.167478 0.138484
0 0.0130097 0.398221 0.0260153 0.0343479
0 0.085595 0.0124574 0.0966241 0.0249148
0 0.400258 0.569514 0.0351295 0.032717
0 0.461708 0.0293241 0.0595465 0.0543762
0 0.935264 0.957061 0.0484421 0.0459992
0 0.255026 0.0372 0.0482844 0.0454112
0 0.274197 0.388467 0.0388332 0.0368204
0 0.11407 0.0799683 0.0401474 0.0378334
0 0.921281 0.981503 0.0478371 0.036993
0 0.920594 0.0996996 0.0299332 0.0275937
0 0.113737 0.223417 0.0385479 0.0365541
0 0.288988 0.418498 0.0403015 0.0382265
0 0.290041 0.248758 0.0257024 0.0244156
0 0.258969 0.595243 0.0520892 0.0477352
0 0.535642 0.109601 0.0482871 0.0428417
0 0.18967 0.459335 0.11125 0.101089
0 0.0573849 0.40224 0.03976 0.0366169
0 0.439226 0.968659 0.0277394 0.0262175
0 0.081848 0.150867 0.0297184 0.0274116
0 0.138579 0.171458 0.0378737 0.0359338
0 0.0790081 0.230424 0.0305067 0.0289076
0 0.712632 0.1647 0.0571573 0.0485684
0 0.560408 0.992206 0.0409002 0.0155886
0 0.676472 0.928104 0.0433402 0.0409423
0 0.132298 0.201705 0.0337009 0.0316283
0 0.495694 0.457466 0.199041 0.163026
0 0.814467 0.977179 0.0971606 0.0456418
0 0.202179 0.313556 0.0265191 0.0250919
0 0.746634 0.886421 0.0423827 0.0385514
0 0.0610781 0.350405 0.0327786 0.0309917
0 0.712493 0.544003 0.0379105 0.0343988
0 0.327948 0.489574 0.068444 0.0619351
0 0.568247 0.962841 0.204924 0.0742785
0 0.270218 0.950891 0.0444338 0.0422439
0 0.275394 0.271231 0.0270001 0.0252438
0 0.625514 0.750777 0.102552 0.0924655
0 0.637382 0.682624 0.0256147 0.0237502
0 0.412241 0.438171 0.0261675 0.0241797
0 0.416208 0.761021 0.0782022 0.0743415
0 0.242685 0.295478 0.0258019 0.0239447
0 0.941363 0.711774 0.11692 0.133434
0 0.0886816 0.330305 0.0346496 0.0320482
0 0.344141 0.555937 0.081856 0.0774016
0 0.315547 0.116498 0.0660943 0.0611077
0 0.304029 0.360217 0.0256761 0.0244491
0 0.385895 0.0836328 0.0253091 0.0231073
0 0.0437973 0.638366 0.0875946 0.149439
0 0.227139 0.314425 0.0238463 0.0224545
0 0.553763 0.331642 0.0292233 0.0263108
0 0.142837 0.125392 0.0245067 0.0231594
0 0.573355 0.0778581 0.0430708 0.0372789
0 0.58181 0.223954 0.0891571 0.0796923
0 0.96332 0.566494 0.0733609 0.224209
0 0.733617 0.975496 0.0809522 0.0490083
0 0.67274 0.40695 0.108824 0.0955518
0 0.537124 0.369517 0.0407648 0.0369044
0 0.790805 0.0223012 0.0593464 0.0443172
0 0.396659 0.745162 0.0299612 0.0277386
0 0.325506 0.770332 0.0288574 0.0268656
0 0.298214 0.057142 0.0273377 0.0261993
0 0.810969 0.185597 0.0939419 0.0825145
