0 0.735763 0.747504 0.0484092 0.044832
0 0.668534 0.506013 0.0457109 0.0404295
0 0.164952 0.73645 0.0537406 0.051249
0 0.0743043 0.202924 0.0284118 0.0267048
0 0.763307 0.339339 0.0319088 0.0298151
0 0.889855 0.990521 0.0631837 0.018957
0 0.117602 0.364536 0.0335968 0.0310994
0 0.754389 0.0931404 0.0287294 0.0278494
0 0.784984 0.184433 0.0352745 0.033312
0 0.72338 0.809904 0.029063 0.0272861
0 0.31861 0.156644 0.0287252 0.0266498
0 0.274222 0.249328 0.0252361 0.0238461
0 0.316377 0.0834362 0.0264561 0.0237575
0 0.258691 0.214017 0.0268478 0.0246943
0 0.451917 0.655415 0.0357801 0.033668
0 0.0332045 0.778698 0.025155 0.0237191
0 0.920867 0.580854 0.0331306 0.0290635
0 0.964228 0.512086 0.0245745 0.0236821
0 0.973694 0.339245 0.0493723 0.0446151
0 0.147423 0.22675 0.0247646 0.0229719
0 0.348342 0.265744 0.0789318 0.0707809
0 0.975757 0.608653 0.048356 0.173358
0 0.189766 0.887172 0.0633045 0.0593484
0 0.722432 0.729541 0.555137 0.540918
0 0.768644 0.96293 0.0222983 0.0219025
0 0.312015 0.522472 0.0245823 0.0233912
0 0.693024 0.454669 0.0899545 0.0787166
0 0.301896 0.348799 0.0503092 0.0465057
