0 0.671497 0.436618 0.0828636 0.078846
0 0.43369 0.979987 0.0502607 0.0398733
0 0.391684 0.30088 0.0497093 0.0472125
0 0.72079 0.40333 0.0748396 0.0717201
0 0.0789627 0.909236 0.157925 0.181528
0 0.942506 0.595754 0.0800445 0.0776913
0 0.983398 0.305685 0.0332032 0.041469
0 0.46099 0.5048 0.0440237 0.0425975
0 0.362196 0.554416 0.0492611 0.0481906
0 0.0308719 0.0925518 0.0400322 0.0386636
0 0.581131 0.968179 0.0257363 0.0254383
0 0.435046 0.366147 0.0320713 0.0304333
0 0.806376 0.952638 0.025911 0.0259943
0 0.407747 0.581739 0.0409662 0.0401557
0 0.422405 0.775583 0.0273752 0.0268502
0 0.0461188 0.39287 0.0317191 0.0304704
0 0.37011 0.0819017 0.0266795 0.0258329
0 0.395984 0.530931 0.0757395 0.0721401
0 0.0453054 0.703418 0.0328273 0.0317762
0 0.747199 0.221671 0.076375 0.0706601
0 0.379288 0.369842 0.0297757 0.0281964
0 0.316831 0.428814 0.0351264 0.034116
0 0.319649 0.571004 0.0441718 0.0441414
0 0.227771 0.964069 0.166221 0.0718628
0 0.453298 0.198643 0.0260624 0.0244792
0 0.558861 0.0591514 0.0267079 0.025862
0 0.611813 0.441557 0.0248405 0.0240447
0 0.303083 0.613799 0.0429979 0.0426563
0 0.832808 0.744048 0.0244329 0.0243851
0 0.234482 0.902025 0.0454739 0.043817
0 0.285571 0.636177 0.0347878 0.0338852
0 0.578713 0.790915 0.0239666 0.0238173
0 0.475566 0.431181 0.0272797 0.0263666
0 0.747472 0.504886 0.0817716 0.078943
0 0.751341 0.967101 0.0255766 0.0250114
0 0.645824 0.686961 0.0317597 0.031224
0 0.284472 0.571245 0.0549161 0.0544832
0 0.87412 0.449146 0.0539398 0.0523553
0 0.352648 0.655088 0.0929684 0.0881732
0 0.372782 0.516155 0.0332582 0.0330669
0 0.93892 0.417917 0.0241763 0.0236234
0 0.519171 0.476321 0.0324462 0.0320671
0 0.97258 0.41323 0.0266092 0.0258111
0 0.715948 0.28163 0.0653942 0.0619387
0 0.538218 0.440211 0.046545 0.0453716
0 0.638812 0.164789 0.0286932 0.0270585
0 0.0031696 0.336801 0.0063392 0.0250989
0 0.590864 0.698572 0.10031 0.10273
0 0.956295 0.43768 0.0251303 0.0248112
0 0.996201 0.584536 0.00759792 0.0375178
0 0.513157 0.848819 0.0236451 0.0234697
0 0.599216 0.737697 0.0797346 0.0757756
0 0.0858561 0.583844 0.0903431 0.0865889
0 0.243501 0.620838 0.0282027 0.0285319
0 0.264964 0.602686 0.0367271 0.0359309
0 0.832907 0.0618203 0.050876 0.0490265
0 0.841222 0.791155 0.072947 0.0700994
0 0.958421 0.781545 0.0831575 0.125763
0 0.542772 0.750152 0.0448163 0.0436528
