0 0.555699 0.615467 0.293107 0.289635
0 0.621808 0.248674 0.236187 0.224501
0 0.924798 0.386799 0.0842328 0.0823185
0 0.0675049 0.203976 0.0894601 0.0858166
0 0.78753 0.698208 0.0786648 0.0775288
0 0.795963 0.0417958 0.0473996 0.0469782
0 0.0319079 0.140787 0.0562692 0.0546501
0 0.784719 0.339609 0.0447447 0.0440073
0 0.347443 0.545644 0.0387771 0.0385303
0 0.895538 0.662356 0.0510273 0.0499094
0 0.970051 0.268085 0.0500635 0.0492134
0 0.760004 0.44655 0.0422147 0.0418159
0 0.179127 0.651788 0.0388069 0.0383321
0 0.835794 0.96501 0.0352425 0.0350586
0 0.0842533 0.554644 0.0472631 0.0462342
0 0.225874 0.298264 0.033218 0.0321412
0 0.400767 0.645441 0.0379609 0.0374677
0 0.967572 0.645304 0.0647759 0.148227
0 0.523905 0.856528 0.0477126 0.0456755
0 0.619073 0.806505 0.0729993 0.0697781
0 0.94987 0.0707463 0.0460625 0.0451637
0 0.183837 0.434609 0.043359 0.042733
0 0.857269 0.472357 0.0299526 0.0293507
0 0.0374548 0.516159 0.0327114 0.0316721
0 0.164828 0.708594 0.0336605 0.0326032
0 0.159512 0.318224 0.037881 0.0366606
0 0.17901 0.187737 0.0283908 0.0278664
0 0.146247 0.586886 0.0386989 0.0381405
0 0.0443751 0.698839 0.0318469 0.0311732
0 0.0358073 0.79397 0.0344243 0.0334022
0 0.316609 0.478264 0.0357675 0.0351739
0 0.766749 0.298786 0.0324087 0.0318776
0 0.764737 0.77707 0.0366952 0.0358698
0 0.488518 0.56229 0.0273518 0.026732
0 0.0820817 0.614308 0.0317597 0.030698
0 0.1031 0.530497 0.0320222 0.0310888
0 0.164758 0.0547782 0.032147 0.0316625
0 0.677348 0.0689436 0.0663242 0.0666255
0 0.519802 0.8907 0.0330442 0.0320845
0 0.194263 0.486424 0.024251 0.0241632
0 0.688989 0.29357 0.0530428 0.0523644
0 0.914005 0.263144 0.0306787 0.0299327
0 0.174805 0.282469 0.0288563 0.0278832
0 0.909774 0.091321 0.0370041 0.0356226
0 0.367911 0.68547 0.0270449 0.026371
0 0.449084 0.344276 0.023194 0.0228832
0 0.097563 0.236013 0.0285448 0.0277274
0 0.0907734 0.791401 0.0528731 0.0526156
0 0.296623 0.0273146 0.0275425 0.0271846
0 0.717657 0.993892 0.0351257 0.0122167
0 0.789857 0.217924 0.0240543 0.0244175
0 0.100671 0.103077 0.0273468 0.0264021
0 0.249535 0.554224 0.0306084 0.029517
0 0.876942 0.5156 0.0318599 0.0308331
0 0.513674 0.162178 0.0640891 0.0633786
0 0.0869247 0.153862 0.046789 0.0468898
0 0.147069 0.162593 0.0300562 0.0292397
0 0.682548 0.559914 0.0272292 0.0264955
0 0.357596 0.656947 0.0256716 0.0250158
0 0.876616 0.115214 0.0235765 0.023451
0 0.627944 0.00961234 0.0289369 0.0191278
0 0.187131 0.726348 0.0260135 0.0257039
0 0.647884 0.322637 0.0236947 0.0233735
0 0.0450489 0.0313436 0.0277631 0.0267041
0 0.936255 0.283329 0.0287279 0.0281625
0 0.0549365 0.89683 0.0291223 0.0284618
0 0.328517 0.583225 0.0412517 0.0402967
0 0.566668 0.0252269 0.0256485 0.025372
0 0.924059 0.0214569 0.0318233 0.0312924
0 0.87846 0.333506 0.0258763 0.0253005
0 0.946095 0.769629 0.0237561 0.0233642
0 0.46243 0.301863 0.0255469 0.0253985
0 0.658121 0.0190999 0.0495397 0.0381999
0 0.173744 0.239106 0.038189 0.03732
0 0.848494 0.669664 0.0260525 0.0259744
0 0.133068 0.127866 0.0400513 0.0388047
0 0.433116 0.435267 0.0277428 0.0267638
0 0.635424 0.60113 0.039067 0.0374323
0 0.24369 0.982632 0.0728018 0.0347351
0 0.0815524 0.288075 0.0453519 0.0447642
0 0.190005 0.0302529 0.0437384 0.042709
0 0.0311268 0.583246 0.061891 0.0653346
0 0.340992 0.33627 0.024213 0.0237087
0 0.224684 0.157309 0.0252862 0.0249149
0 0.126965 0.683356 0.0243585 0.0236275
0 0.00710611 0.0323846 0.0142122 0.0457126
0 0.547666 0.120884 0.0681591 0.0663516
0 0.336915 0.774558 0.0281225 0.0276303
0 0.382341 0.610889 0.0411941 0.0410771
0 0.211188 0.404175 0.0263761 0.0258264
0 0.0451767 0.00590113 0.0270214 0.0118023
0 0.310634 0.453215 0.0405989 0.0407584
0 0.576472 0.987028 0.0356991 0.0259438
0 0.0175242 0.0545504 0.0254299 0.0242981
0 0.701469 0.578898 0.0329213 0.0320783
0 0.142877 0.011918 0.0581355 0.0238093
0 0.55465 0.109074 0.0233631 0.0235101
0 0.378725 0.573411 0.0509758 0.0519736
0 0.792831 0.00785871 0.0330889 0.0156536
0 0.371899 0.510945 0.0522451 0.0524222
