0 0.93117 0.643604 0.137225 0.211634
0 0.945095 0.464 0.0773901 0.0622335
0 0.828213 0.355931 0.0580345 0.0457557
0 0.0351019 0.850699 0.055911 0.0444814
0 0.0769593 0.298084 0.0606544 0.0501008
0 0.9558 0.384517 0.0439968 0.0356041
0 0.531236 0.484974 0.0337176 0.0267658
0 0.365159 0.21793 0.0489362 0.0394979
0 0.90451 0.33926 0.0379335 0.0297014
0 0.796444 0.906485 0.0779391 0.0598491
0 0.163612 0.862676 0.0346414 0.027906
0 0.189665 0.683001 0.0392383 0.0309792
0 0.280793 0.794822 0.0311298 0.0252719
0 0.846437 0.184406 0.307126 0.25791
0 0.858149 0.134567 0.0391893 0.0317852
0 0.447198 0.927463 0.0820512 0.0650368
0 0.989853 0.123717 0.0200086 0.0257052
0 0.818301 0.390795 0.0454493 0.0360663
0 0.422257 0.61624 0.0297406 0.0236249
0 0.740816 0.49289 0.0359676 0.0290083
0 0.894622 0.139769 0.0328546 0.0267709
0 0.313362 0.944984 0.0335657 0.0272579
0 0.852284 0.761795 0.0333943 0.0268226
0 0.636351 0.668566 0.0417328 0.0325997
0 0.202739 0.992793 0.0285368 0.0144094
0 0.259047 0.0692962 0.246799 0.138455
0 0.960553 0.817619 0.0332893 0.0266679
0 0.326401 0.953443 0.0607169 0.0485727
0 0.452552 0.78694 0.0407567 0.0327904
0 0.713251 0.393901 0.126976 0.0979836
0 0.548057 0.272788 0.0454523 0.0372609
0 0.850542 0.662557 0.0399558 0.0338252
0 0.353709 0.385712 0.347898 0.275831
0 0.558278 0.804411 0.565977 0.389768
0 0.4907 0.969726 0.0476488 0.0363673
0 0.867657 0.170765 0.0413904 0.0323551
0 0.842157 0.0109521 0.0712271 0.0218602
0 0.0668821 0.931168 0.086942 0.0702529
0 0.46241 0.625333 0.0280461 0.0229845
0 0.0260254 0.748783 0.0520508 0.237562
