0 0.274327 0.766413 0.187048 0.184529
0 0.0453372 0.329229 0.0903681 0.109025
0 0.311247 0.355356 0.34018 0.312797
0 0.749856 0.935712 0.0944054 0.0917934
0 0.596228 0.609008 0.124416 0.122909
0 0.544155 0.69403 0.092815 0.0901011
0 0.472555 0.700877 0.0388042 0.0377005
0 0.888586 0.538281 0.0591501 0.0574301
0 0.76669 0.595756 0.118361 0.115879
0 0.458542 0.866643 0.039617 0.0381639
0 0.826674 0.485453 0.0777187 0.0767875
0 0.647001 0.564398 0.0722401 0.0689554
0 0.0356051 0.630953 0.0294419 0.0293419
0 0.225599 0.914129 0.0346837 0.0340257
0 0.387914 0.819212 0.0309483 0.0304633
0 0.78991 0.455186 0.0342727 0.0342683
0 0.463433 0.0360489 0.0285702 0.0276571
0 0.649559 0.697795 0.0495436 0.0494062
0 0.193558 0.646767 0.0355985 0.0348358
0 0.898202 0.675378 0.034064 0.033453
0 0.142038 0.870309 0.0282372 0.0278602
0 0.267395 0.864115 0.0288154 0.0282834
0 0.928439 0.571296 0.0816838 0.0773594
0 0.266402 0.613741 0.0510129 0.0482011
0 0.164156 0.497186 0.0266644 0.0262389
0 0.444281 0.00612729 0.0324492 0.0122512
0 0.918841 0.17025 0.0294879 0.0277351
0 0.833677 0.555406 0.0575697 0.0563076
0 0.113274 0.639795 0.226548 0.262876
0 0.743285 0.169417 0.0355194 0.0344843
0 0.853179 0.65651 0.0725334 0.0703559
0 0.441925 0.974213 0.0449725 0.043876
0 0.458977 0.903076 0.0249284 0.0243656
0 0.57426 0.242913 0.235417 0.224929
0 0.0557598 0.869179 0.026305 0.0258913
0 0.540931 0.186936 0.0564855 0.0532097
0 0.566567 0.888812 0.0565579 0.0557817
0 0.547606 0.797335 0.0280528 0.0276525
0 0.227244 0.670715 0.0361519 0.0356998
0 0.029926 0.00695418 0.0243118 0.0138844
0 0.0228709 0.14453 0.0291016 0.0283486
0 0.350759 0.93749 0.02485 0.0247231
0 0.203848 0.989463 0.0374579 0.0210543
0 0.419248 0.533719 0.0703372 0.0672798
0 0.702688 0.267195 0.0739641 0.069946
0 0.747733 0.147141 0.0331991 0.0318963
0 0.930512 0.858387 0.0263607 0.0256069
0 0.283281 0.950079 0.0233181 0.0229383
0 0.941916 0.821669 0.0451183 0.0433888
0 0.387444 0.863929 0.07472 0.0721715
0 0.872504 0.269534 0.254011 0.264638
0 0.615881 0.891279 0.0509024 0.0493848
0 0.577568 0.147478 0.0227084 0.0223919
0 0.28581 0.47897 0.226091 0.207565
0 0.372465 0.800174 0.0238321 0.0232086
0 0.560742 0.811245 0.0263349 0.0254695
0 0.0492589 0.823328 0.0241107 0.0233991
0 0.888688 0.260146 0.0359501 0.0349467
0 0.149153 0.700184 0.106058 0.0998844
0 0.0445684 0.850214 0.0306997 0.0298786
0 0.494704 0.0641886 0.0239318 0.0242026
0 0.77574 0.476818 0.0239719 0.0232812
0 0.240121 0.887608 0.0441127 0.0436621
0 0.135729 0.980132 0.0242604 0.023033
0 0.475999 0.747602 0.0256575 0.0244646
0 0.0555406 0.757165 0.0419422 0.041637
0 0.82115 0.700113 0.0254945 0.0257457
0 0.71642 0.156012 0.0373881 0.0364906
