0 0.0334884 0.505828 0.0664081 0.067435
0 0.036569 0.12905 0.0589901 0.0574802
0 0.909765 0.375336 0.0449903 0.0443723
0 0.235827 0.0576054 0.0470502 0.0463558
0 0.818112 0.528912 0.0389919 0.0380783
0 0.737069 0.273339 0.0372175 0.0359986
0 0.474245 0.400027 0.0305185 0.0300478
0 0.466794 0.676885 0.0287984 0.0280609
0 0.258621 0.776546 0.029106 0.0283518
0 0.17234 0.700734 0.0354374 0.0343959
0 0.576539 0.976327 0.0300223 0.0297174
0 0.0828409 0.508069 0.0270267 0.027005
0 0.100726 0.261438 0.031855 0.0313984
0 0.90339 0.750384 0.0271745 0.0263989
0 0.134329 0.0400246 0.0285719 0.0278324
0 0.850284 0.199906 0.0265668 0.0256531
0 0.991706 0.83036 0.0165886 0.0290939
0 0.0661385 0.197859 0.025851 0.0250607
0 0.0344553 0.00879634 0.0276637 0.0175927
0 0.760468 0.220389 0.0250365 0.0250119
0 0.642016 0.409837 0.0238121 0.0234046
0 0.862151 0.488083 0.0241869 0.0243671
0 0.972044 0.495551 0.0248418 0.024467
0 0.557479 0.594509 0.0328596 0.0318735
0 0.951656 0.686812 0.0232997 0.0232302
0 0.113341 0.584926 0.224857 0.408004
0 0.553951 0.44782 0.0244396 0.0238399
0 0.0645052 0.0373608 0.0511455 0.0504155
0 0.977875 0.904776 0.031954 0.0313902
0 0.517662 0.800115 0.0231061 0.0226505
0 0.651946 0.184978 0.0436734 0.0429661
0 0.661111 0.280791 0.0227442 0.0228373
0 0.205437 0.336072 0.0817132 0.0784198
0 0.111496 0.160151 0.0231283 0.022642
0 0.932768 0.674506 0.0217766 0.0218503
0 0.989309 0.564365 0.0213828 0.0221966
