0 0.377191 0.236081 0.0922283 0.0904687
0 0.822199 0.592632 0.0594614 0.0587878
0 0.396973 0.428989 0.317687 0.343534
0 0.272301 0.617048 0.0496823 0.0480509
0 0.864544 0.410025 0.0688434 0.0674097
0 0.717098 0.881942 0.0605025 0.0602925
0 0.343851 0.0240867 0.110887 0.0479011
0 0.135563 0.656792 0.0436729 0.0437503
0 0.584975 0.221631 0.0438311 0.0434092
0 0.259509 0.16241 0.0417122 0.0404026
0 0.0817533 0.492327 0.0346682 0.0338171
0 0.443487 0.124548 0.0525088 0.0510791
0 0.0279508 0.504473 0.0296981 0.0294566
0 0.0997578 0.108452 0.0337069 0.0336512
0 0.693404 0.0216256 0.037648 0.0371773
0 0.247439 0.663173 0.0313131 0.0310917
0 0.196653 0.395747 0.0350519 0.0341398
0 0.192616 0.116513 0.0364695 0.0357935
0 0.152718 0.484011 0.0307324 0.0301892
0 0.671251 0.423621 0.0331723 0.0326342
0 0.984957 0.619287 0.0271481 0.0263836
0 0.646694 0.412916 0.0334587 0.0329306
0 0.819228 0.918124 0.0294298 0.0290941
0 0.937826 0.313501 0.0273593 0.0269526
0 0.856088 0.0580093 0.0270729 0.0269777
0 0.184061 0.232244 0.0257087 0.0253156
0 0.160636 0.42958 0.0268263 0.0261872
0 0.806649 0.484317 0.0263484 0.0263312
0 0.81879 0.171218 0.0276244 0.0274877
0 0.709602 0.152261 0.0299488 0.029622
0 0.491229 0.158898 0.0248404 0.0243003
0 0.736333 0.173568 0.027045 0.027062
0 0.969046 0.988626 0.0256338 0.0227471
0 0.0275866 0.107828 0.0256225 0.0253477
0 0.839949 0.482853 0.0276844 0.0274122
0 0.607779 0.977618 0.0253513 0.0253062
0 0.241496 0.139157 0.0243495 0.0243206
0 0.855272 0.807286 0.0287175 0.0281415
0 0.0683665 0.195667 0.0248109 0.0242821
0 0.771714 0.105412 0.0260632 0.0258844
0 0.0485005 0.0483123 0.0318863 0.0315918
0 0.790432 0.0721176 0.0261793 0.0259418
0 0.189199 0.00520683 0.0294725 0.0103585
0 0.311359 0.99385 0.0261271 0.012301
0 0.596373 0.775275 0.0238383 0.0233312
0 0.296862 0.186731 0.0240119 0.0234243
0 0.591897 0.850601 0.0240743 0.0235192
0 0.839757 0.867837 0.0232582 0.0234048
0 0.862034 0.00617345 0.0391294 0.0123089
0 0.85286 0.499252 0.0249009 0.0249573
0 0.29091 0.244578 0.0331296 0.0327163
0 0.585999 0.688482 0.0236502 0.0233853
0 0.118747 0.04461 0.0251406 0.024658
0 0.141222 0.021028 0.024557 0.0243839
0 0.0456375 0.187657 0.0247936 0.0240108
0 0.792919 0.405109 0.0315037 0.03133
0 0.559312 0.803557 0.0232627 0.0230947
0 0.980482 0.109375 0.0246709 0.0245207
0 0.501012 0.316693 0.0356134 0.0356343
0 0.921227 0.709904 0.0240181 0.0237622
0 0.918056 0.203129 0.0267923 0.0265669
0 0.520082 0.957215 0.0244215 0.0240747
0 0.909193 0.668264 0.0218476 0.0216031
0 0.618229 0.300218 0.0222459 0.0223925
0 0.233653 0.339795 0.0243528 0.0236239
0 0.0032526 0.389832 0.0065052 0.0243214
0 0.0452861 0.12041 0.022514 0.0221163
0 0.862186 0.526778 0.0224215 0.022473
0 0.962784 0.586423 0.0222049 0.0220322
0 0.586914 0.605187 0.0212834 0.0211584
0 0.503123 0.0792005 0.0225947 0.0223627
0 0.964901 0.413935 0.0291231 0.0291467
0 0.200272 0.774704 0.0219306 0.022044
0 0.335088 0.163206 0.0236529 0.0228765
0 0.425463 0.140431 0.0318192 0.0308859
0 0.267501 0.00720049 0.0242499 0.014401
