0 0.755862 0.500906 0.142124 0.106773
0 0.199194 0.138202 0.101884 0.0762663
0 0.737156 0.784163 0.109953 0.0811784
0 0.329886 0.915403 0.0627569 0.0490857
0 0.0590532 0.670246 0.0831007 0.0604575
0 0.904834 0.260487 0.134194 0.104356
0 0.898888 0.335775 0.0970717 0.0749173
0 0.771499 0.336766 0.0883835 0.0680149
0 0.612921 0.813428 0.158115 0.120393
0 0.453512 0.574185 0.0611664 0.0468459
0 0.49256 0.0583003 0.0487899 0.0358136
0 0.207914 0.580001 0.0602255 0.0462931
0 0.415597 0.17177 0.0360356 0.0275514
0 0.101597 0.582473 0.0779682 0.0582388
0 0.508179 0.500847 0.0304783 0.0247623
0 0.467206 0.291991 0.054791 0.0415069
0 0.490068 0.434793 0.0343086 0.0259526
0 0.786509 0.57552 0.053892 0.0431574
0 0.712438 0.0177424 0.119484 0.0353422
0 0.0648597 0.860273 0.0306284 0.0230695
0 0.280631 0.468071 0.0569499 0.0428279
0 0.79971 0.741212 0.0603069 0.0472133
0 0.424969 0.833818 0.0320512 0.0248563
0 0.172874 0.175083 0.0278557 0.0213681
0 0.0234196 0.605096 0.0468392 0.0630404
0 0.534265 0.0275366 0.0386438 0.0293313
0 0.0276654 0.691499 0.0553308 0.0489923
0 0.344474 0.485855 0.0354028 0.0264678
0 0.0800265 0.993101 0.0636347 0.0137983
0 0.512897 0.321635 0.0301946 0.024011
0 0.676877 0.617932 0.0331142 0.0256541
0 0.177385 0.743483 0.0408943 0.0311996
0 0.570467 0.973012 0.102953 0.0539469
0 0.450989 0.218301 0.0634027 0.0496355
