0 0.536193 0.237538 0.273612 0.270599
0 0.661166 0.488961 0.130339 0.130251
0 0.926571 0.229988 0.0500742 0.0492093
0 0.16397 0.249722 0.0549646 0.0536917
0 0.912383 0.84425 0.175235 0.3115
0 0.127029 0.979909 0.130254 0.0399111
0 0.133842 0.0939995 0.0570566 0.0568156
0 0.725544 0.986159 0.0310411 0.0276829
0 0.315491 0.24376 0.044744 0.043872
0 0.0404576 0.308235 0.0395362 0.03891
0 0.499243 0.0489648 0.0401265 0.0389008
0 0.0530501 0.142284 0.028713 0.0280288
0 0.0481672 0.175366 0.0413437 0.0392614
0 0.238558 0.444996 0.0488362 0.0477239
0 0.51746 0.687502 0.0541141 0.0530889
0 0.0848266 0.172437 0.0357731 0.0348616
0 0.752859 0.353191 0.0924196 0.0904319
0 0.452876 0.646596 0.0315939 0.0305533
0 0.146476 0.385269 0.0980162 0.0983383
0 0.397423 0.318592 0.0337 0.033163
0 0.570645 0.587301 0.0329256 0.0326309
0 0.649491 0.392448 0.0277812 0.0280366
0 0.571451 0.672493 0.0820694 0.0810296
0 0.58781 0.927537 0.0290298 0.0286496
0 0.145818 0.638042 0.0329356 0.0325143
0 0.537565 0.978675 0.0488901 0.0426506
0 0.507908 0.454462 0.0300671 0.0294173
0 0.174328 0.505927 0.263071 0.260779
0 0.881829 0.359423 0.0400056 0.0392379
0 0.775242 0.229085 0.0282716 0.02784
0 0.478553 0.855767 0.0248903 0.0244618
0 0.684546 0.642443 0.032618 0.0321155
0 0.278201 0.0104978 0.070613 0.0209565
0 0.279901 0.767002 0.0266644 0.0263474
0 0.679171 0.374393 0.0286207 0.028419
0 0.188171 0.681877 0.028479 0.0275922
0 0.659126 0.629265 0.0318255 0.0309429
0 0.549793 0.00781592 0.0244989 0.0155922
0 0.362485 0.290349 0.0304905 0.0301949
0 0.324916 0.948825 0.0279741 0.0272111
0 0.328686 0.160129 0.0318063 0.0308085
0 0.569877 0.817697 0.0327203 0.032127
0 0.593797 0.110972 0.0278851 0.0265834
0 0.74916 0.574476 0.0230722 0.0228183
0 0.490394 0.525816 0.0260553 0.0255792
0 0.0455726 0.365739 0.0252477 0.0245783
0 0.272402 0.934461 0.0363382 0.0359914
0 0.120955 0.247435 0.0274418 0.0276672
0 0.102917 0.208661 0.0779734 0.0764535
0 0.329381 0.72808 0.0243341 0.0238967
0 0.238887 0.142383 0.0326268 0.0310793
0 0.274457 0.0881958 0.0722209 0.0690762
0 0.174465 0.65364 0.0313002 0.0307529
0 0.721976 0.749742 0.0234999 0.0235032
0 0.17935 0.0381203 0.156485 0.0762406
0 0.923385 0.111003 0.0718694 0.0697374
0 0.550363 0.539823 0.0248622 0.0256288
0 0.979971 0.148311 0.0400585 0.044399
0 0.786771 0.462104 0.0319554 0.0322048
0 0.706405 0.583173 0.0315199 0.0314798
0 0.981676 0.711868 0.0364991 0.122211
0 0.811417 0.312509 0.0237649 0.0241605
0 0.285644 0.796753 0.0266474 0.0265144
0 0.959107 0.077384 0.0817857 0.0951889
0 0.0149658 0.385236 0.0250503 0.0240642
0 0.450431 0.610708 0.0253965 0.0249786
0 0.178008 0.111071 0.0231647 0.0226875
0 0.184797 0.175504 0.0475005 0.0462903
0 0.457461 0.946167 0.129795 0.107666
0 0.384125 0.749532 0.0270295 0.0268202
0 0.705756 0.417223 0.0233253 0.0228356
0 0.262082 0.160036 0.0275396 0.0272451
0 0.930384 0.487178 0.0266204 0.0254846
0 0.568307 0.625066 0.0249754 0.0252492
0 0.766853 0.18695 0.030993 0.0302703
0 0.521647 0.396812 0.0309401 0.0304241
0 0.577235 0.70249 0.0270157 0.0262102
0 0.446679 0.386967 0.0230664 0.0226769
