0 0.268318 0.116013 0.332091 0.231387
0 0.42835 0.279795 0.0701955 0.0665362
0 0.174994 0.512429 0.0559513 0.0547621
0 0.832062 0.14485 0.0571842 0.0562935
0 0.552581 0.877325 0.0541823 0.0523895
0 0.381373 0.205348 0.0438354 0.0415599
0 0.831691 0.225137 0.0361733 0.035734
0 0.296009 0.920523 0.0498284 0.0484733
0 0.441025 0.821206 0.0462984 0.0455374
0 0.683199 0.565709 0.0518699 0.0512087
0 0.510531 0.985667 0.0598793 0.0285533
0 0.432544 0.746388 0.197589 0.191118
0 0.162354 0.731012 0.317177 0.320309
0 0.375098 0.849193 0.079847 0.0771186
0 0.856954 0.971685 0.0394653 0.039257
0 0.322702 0.701994 0.0629508 0.061342
0 0.207947 0.300768 0.165128 0.161437
0 0.921139 0.887357 0.157723 0.164642
0 0.790856 0.568563 0.0469541 0.0462859
0 0.900745 0.229135 0.0514763 0.0511386
0 0.113938 0.919058 0.0791386 0.0782167
0 0.182778 0.585946 0.0343965 0.0339269
0 0.829482 0.330446 0.0430479 0.0425943
0 0.98763 0.145905 0.0246964 0.0350549
0 0.812803 0.597045 0.0308914 0.0303099
0 0.331181 0.491344 0.0372657 0.0365658
0 0.57964 0.489428 0.0351484 0.0346909
0 0.9799 0.0211287 0.0401997 0.0421396
0 0.819991 0.97753 0.0350461 0.0338554
0 0.94219 0.0106568 0.0336795 0.0212714
0 0.327123 0.356107 0.028765 0.0278077
0 0.658968 0.673933 0.0763526 0.0751798
0 0.794641 0.663573 0.0350954 0.034338
0 0.331429 0.648028 0.0293663 0.0289233
0 0.549313 0.267442 0.0287276 0.0279953
0 0.775871 0.481116 0.0292169 0.0288385
0 0.0738936 0.0631414 0.0261114 0.0257505
0 0.0958797 0.544712 0.0260162 0.025513
0 0.692344 0.234461 0.0319088 0.0320794
0 0.729241 0.510272 0.0319955 0.0309345
0 0.861691 0.0639669 0.0280209 0.0275477
0 0.262646 0.938557 0.024784 0.0245107
0 0.356216 0.354925 0.0289969 0.027731
0 0.962642 0.788565 0.0479104 0.0468302
0 0.661089 0.329472 0.0297458 0.0294994
0 0.519638 0.334475 0.0288894 0.0288813
0 0.68252 0.0157827 0.0260904 0.0261567
0 0.607516 0.680933 0.265621 0.278265
0 0.612874 0.737773 0.194849 0.178503
0 0.827978 0.107529 0.0615897 0.0602718
0 0.167891 0.980274 0.104698 0.0394052
0 0.728087 0.55687 0.0258612 0.0256145
0 0.887153 0.424865 0.0356239 0.0350874
0 0.23235 0.912768 0.0302579 0.0296394
0 0.964528 0.765874 0.025428 0.0257862
0 0.317871 0.384687 0.273129 0.27327
0 0.0438336 0.337733 0.0875675 0.233603
0 0.896301 0.6996 0.0249264 0.0243331
0 0.0678484 0.960969 0.0453288 0.0451483
0 0.828821 0.353855 0.0246363 0.0244902
0 0.766406 0.787992 0.0342777 0.0330986
0 0.116129 0.276432 0.0232335 0.0227316
0 0.796952 0.960761 0.0293356 0.029187
0 0.837163 0.289719 0.0276093 0.0276953
0 0.962238 0.182429 0.0714798 0.0699013
0 0.0671886 0.13553 0.0273083 0.0269299
0 0.558713 0.821994 0.0243418 0.02389
0 0.769966 0.832714 0.0333877 0.0320483
0 0.741007 0.482577 0.0315421 0.0310954
0 0.237586 0.526947 0.0235035 0.0232759
0 0.0324044 0.873865 0.0646556 0.216509
0 0.606347 0.408641 0.0227002 0.0227904
0 0.206191 0.962062 0.0253037 0.0243244
0 0.781856 0.272902 0.0231047 0.0230618
0 0.156456 0.0787791 0.0268507 0.026053
0 0.186799 0.664003 0.193939 0.179251
0 0.569436 0.429292 0.0227216 0.0224254
0 0.379946 0.522852 0.275214 0.268683
0 0.687487 0.40759 0.0221619 0.0222267
0 0.825553 0.505898 0.0410464 0.0399596
0 0.243629 0.565269 0.0536711 0.0527494
0 0.884592 0.533719 0.0244205 0.0239252
0 0.858711 0.744213 0.026881 0.0269358
0 0.345392 0.489918 0.344713 0.352661
0 0.317945 0.735511 0.0277028 0.0275528
0 0.686136 0.54212 0.0232598 0.0226291
0 0.382879 0.89072 0.152768 0.149294
0 0.585014 0.126902 0.0228872 0.0223363
0 0.290478 0.856418 0.0826155 0.0824192
0 0.770189 0.542974 0.0266254 0.0258801
0 0.43411 0.877171 0.0553448 0.0533523
0 0.771942 0.690995 0.0578322 0.0564215
0 0.645593 0.738315 0.0385737 0.0378178
0 0.287908 0.9838 0.0350024 0.0312948
0 0.183902 0.45337 0.0241469 0.0233209
0 0.942789 0.463825 0.0240011 0.0236732
0 0.667445 0.926175 0.155992 0.143984
0 0.570031 0.971322 0.0787778 0.0572135
