0 0.681708 0.80003 0.24918 0.222299
0 0.179229 0.396704 0.219525 0.193648
0 0.182119 0.558262 0.183897 0.155141
0 0.159145 0.0373086 0.0887533 0.0743579
0 0.845991 0.537042 0.0634632 0.0528524
0 0.236712 0.877057 0.0793288 0.0649421
0 0.109671 0.706997 0.039459 0.0328628
0 0.0664041 0.441874 0.0359207 0.0304512
0 0.870138 0.105306 0.0683592 0.0595713
0 0.0284742 0.436646 0.0287262 0.0252456
0 0.988256 0.0562465 0.0234225 0.0377866
0 0.221035 0.0757412 0.0542461 0.0458464
0 0.930583 0.519062 0.0383272 0.0316401
0 0.781347 0.38901 0.030823 0.0268041
0 0.0109718 0.661475 0.0219437 0.0657752
0 0.582024 0.925922 0.0815575 0.0687681
0 0.0448214 0.677072 0.051371 0.0431354
0 0.119466 0.0118465 0.0686196 0.0236415
0 0.659703 0.919057 0.0650221 0.0554352
0 0.2201 0.730491 0.0280315 0.023698
0 0.402126 0.362548 0.0812611 0.0697041
0 0.171204 0.502274 0.0599464 0.0495846
0 0.200091 0.65343 0.0286697 0.0242677
0 0.679277 0.694019 0.0808835 0.0695971
0 0.0129406 0.0913628 0.0258812 0.0592901
0 0.540061 0.774603 0.118237 0.0998717
0 0.421608 0.281305 0.0492245 0.0419988
0 0.570843 0.0433044 0.0598137 0.0540265
0 0.0516312 0.699547 0.0272814 0.0236838
0 0.820805 0.0602443 0.117616 0.105648
0 0.74899 0.967549 0.116952 0.0648438
0 0.0135906 0.977822 0.0271812 0.0269012
0 0.223252 0.503206 0.0306702 0.0263333
0 0.808567 0.497095 0.0656848 0.0540359
0 0.0981496 0.119077 0.05312 0.0453252
0 0.439205 0.74025 0.0777283 0.061228
0 0.0508809 0.114959 0.0529218 0.0444043
0 0.374778 0.399992 0.0266446 0.0238467
0 0.453813 0.424427 0.031801 0.0262157
0 0.407053 0.838557 0.0291621 0.0236377
0 0.561363 0.592247 0.0400577 0.0346227
0 0.334913 0.852134 0.0265234 0.0220754
0 0.833575 0.889574 0.144442 0.115917
0 0.69511 0.349051 0.0281267 0.0249453
0 0.0948058 0.964134 0.0258404 0.0224966
0 0.473232 0.461867 0.0296672 0.0257597
0 0.513345 0.917249 0.0358735 0.0296795
