0 0.887011 0.92719 0.14461 0.119443
0 0.768858 0.154082 0.116637 0.0977336
0 0.14537 0.942725 0.168992 0.114548
0 0.732144 0.799188 0.0850818 0.0704392
0 0.862765 0.58829 0.0930376 0.0767525
0 0.262211 0.355738 0.524422 0.548797
0 0.228941 0.617774 0.0781593 0.0646894
0 0.869659 0.503645 0.114216 0.0933442
0 0.982598 0.642441 0.0348043 0.0341027
0 0.371917 0.764809 0.0351894 0.0298584
0 0.962088 0.819776 0.0369029 0.0308409
0 0.205606 0.0110297 0.0312807 0.0219693
0 0.847732 0.46209 0.0383288 0.0313184
0 0.458023 0.836534 0.0474263 0.0381456
0 0.791243 0.836468 0.0335073 0.0281948
0 0.688803 0.154963 0.0480611 0.0427027
0 0.934446 0.286168 0.0701494 0.0562271
0 0.664736 0.136577 0.049418 0.0420409
0 0.506875 0.555623 0.0287716 0.0244839
0 0.475208 0.588636 0.42179 0.326029
0 0.755615 0.413902 0.0710144 0.0600776
0 0.612878 0.896419 0.0714979 0.059173
0 0.641399 0.938749 0.0299349 0.0251581
0 0.345455 0.110044 0.0292222 0.0259908
0 0.139883 0.734354 0.279767 0.420805
0 0.544162 0.928059 0.0384771 0.0313806
0 0.983003 0.335515 0.0339949 0.170873
0 0.252376 0.439273 0.0308404 0.0275582
0 0.33351 0.745436 0.0583527 0.0493763
0 0.224098 0.275116 0.0305783 0.0278855
0 0.122649 0.430586 0.245299 0.247954
0 0.493438 0.935802 0.0422455 0.0345473
0 0.372146 0.901422 0.0288626 0.0244606
0 0.955323 0.953535 0.0285456 0.0245566
0 0.673704 0.860067 0.0302926 0.0256917
0 0.461648 0.204246 0.026325 0.0237278
0 0.729635 0.939581 0.0712301 0.057677
0 0.740437 0.0954858 0.0412426 0.0345801
0 0.775114 0.619757 0.0302042 0.0247817
0 0.882131 0.342462 0.0273728 0.0226649
0 0.930137 0.774845 0.0272573 0.022614
0 0.639579 0.0726349 0.0592108 0.0480739
0 0.70556 0.0444884 0.40594 0.0889768
0 0.129488 0.0178313 0.0248843 0.0237008
0 0.614488 0.0426056 0.0400189 0.0348811
0 0.581366 0.975575 0.0524588 0.0428904
0 0.705633 0.685496 0.0669184 0.0543883
0 0.387311 0.139213 0.0303212 0.0270027
0 0.986103 0.55979 0.027644 0.0284317
0 0.512374 0.178739 0.0318027 0.0279556
0 0.971309 0.238322 0.0533921 0.0425315
0 0.113028 0.0293025 0.0241562 0.0228633
0 0.436305 0.935078 0.0428709 0.0345323
