0 0.246589 0.934693 0.0371374 0.0301881
0 0.0266572 0.892892 0.0335861 0.0267379
0 0.497862 0.697472 0.0327147 0.0261459
0 0.569171 0.95791 0.0344112 0.0275094
0 0.976683 0.316848 0.0332586 0.0266614
0 0.632253 0.236506 0.0317259 0.024762
0 0.243358 0.604603 0.0295329 0.023481
0 0.323195 0.783515 0.0294634 0.0234077
0 0.11538 0.261805 0.0286498 0.0228307
0 0.294737 0.416518 0.0276226 0.0225798
0 0.660047 0.993483 0.029064 0.0130344
0 0.491668 0.230433 0.0278396 0.0226833
0 0.52625 0.897221 0.0258052 0.0215431
