0 0.0593568 0.640821 0.118714 0.173187
0 0.834215 0.057178 0.144905 0.114172
0 0.94556 0.782731 0.0672729 0.0535936
0 0.159001 0.135065 0.0597335 0.0492924
0 0.0779484 0.962451 0.100798 0.0750973
0 0.665008 0.264042 0.0746942 0.0624645
0 0.241887 0.614779 0.0482673 0.0391421
0 0.242923 0.233213 0.0433549 0.0349035
0 0.91406 0.737303 0.0472414 0.0367808
0 0.753686 0.866759 0.0513579 0.0411959
0 0.482522 0.750068 0.0518407 0.0404217
0 0.30445 0.621152 0.0435934 0.0347748
0 0.285495 0.967475 0.037042 0.0286181
0 0.720137 0.252776 0.0475891 0.0385545
0 0.567526 0.473963 0.0467304 0.0370906
0 0.0643599 0.254355 0.0358191 0.0291895
0 0.704057 0.570129 0.041125 0.032647
0 0.19258 0.0453488 0.0405603 0.0330215
0 0.347801 0.946881 0.036824 0.0282097
0 0.16366 0.0822535 0.0451886 0.0369724
0 0.225566 0.412896 0.0408281 0.0322055
0 0.0706706 0.441336 0.0334646 0.0269192
0 0.0145686 0.267214 0.0291372 0.0559837
0 0.0750261 0.071909 0.0504797 0.0435595
0 0.771861 0.944087 0.0369444 0.029279
0 0.352385 0.731909 0.0337194 0.0267945
0 0.152662 0.0578255 0.0371767 0.0306457
0 0.524911 0.686864 0.0368562 0.0287431
0 0.627076 0.0251058 0.0324368 0.0262241
0 0.641518 0.0828702 0.0995741 0.0806413
0 0.205841 0.578624 0.0315783 0.0254546
0 0.745332 0.786111 0.0313344 0.0248458
0 0.577249 0.777516 0.036211 0.0282823
0 0.426892 0.479658 0.0322465 0.0254682
0 0.176533 0.834708 0.0377176 0.0297196
0 0.37228 0.778871 0.0316384 0.0247359
0 0.722972 0.810772 0.0333114 0.0262246
0 0.692517 0.501172 0.0437355 0.0345404
0 0.617287 0.0979822 0.0744914 0.0615227
0 0.565293 0.057909 0.0336791 0.0278342
0 0.113986 0.0716227 0.0366076 0.0291904
0 0.656854 0.592261 0.0279472 0.0236113
0 0.215647 0.685263 0.0614329 0.0498877
0 0.933578 0.986483 0.0545359 0.0270339
0 0.636512 0.222754 0.0488874 0.0401666
0 0.217283 0.806367 0.0740731 0.0579089
0 0.945186 0.337435 0.109028 0.105568
0 0.754305 0.627551 0.138093 0.1089
0 0.0891423 0.151386 0.0299155 0.0244215
0 0.264798 0.774021 0.0486345 0.0384635
0 0.914882 0.454221 0.0627258 0.0527417
0 0.632818 0.408163 0.0657935 0.0539217
0 0.655982 0.976964 0.0485985 0.0409086
0 0.188683 0.103374 0.0390759 0.0310592
0 0.735561 0.705197 0.0536407 0.0440829
0 0.190045 0.305812 0.03141 0.0271667
0 0.940293 0.541816 0.105687 0.0891448
0 0.376872 0.871698 0.574397 0.255591
0 0.372119 0.617597 0.0269806 0.0223761
0 0.232451 0.450791 0.0411453 0.0337785
0 0.129665 0.0921429 0.0278056 0.0239938
0 0.0784034 0.9033 0.0301177 0.0246383
0 0.12483 0.777285 0.062019 0.0494411
0 0.401996 0.401904 0.0287382 0.0221009
0 0.457242 0.497514 0.0463884 0.0368564
0 0.442744 0.72831 0.033013 0.026114
