0 0.0864399 0.64107 0.172335 0.17635
0 0.292807 0.368244 0.117401 0.113628
0 0.335093 0.882022 0.0856964 0.0821487
0 0.35589 0.287256 0.0908343 0.0868516
0 0.0500429 0.20598 0.100086 0.177822
0 0.131438 0.431067 0.083046 0.0790628
0 0.60336 0.406856 0.215956 0.198912
0 0.259429 0.228323 0.0658047 0.0625088
0 0.696362 0.804535 0.113048 0.109164
0 0.749492 0.48412 0.0524135 0.0514764
0 0.183519 0.42965 0.04138 0.0396528
0 0.490605 0.300779 0.0422356 0.0402254
0 0.981689 0.431914 0.0360886 0.0344136
0 0.242464 0.924879 0.0283287 0.0276731
0 0.572441 0.130073 0.0329084 0.0312116
0 0.881478 0.915444 0.0976844 0.0931487
0 0.86433 0.654141 0.0473807 0.0466568
0 0.47202 0.452139 0.0361041 0.0340877
0 0.242855 0.130366 0.0330445 0.0315554
0 0.763116 0.414623 0.0841165 0.0786354
0 0.874844 0.69359 0.0755234 0.0741295
0 0.897344 0.280966 0.0324736 0.030403
0 0.741513 0.937686 0.0392244 0.037527
0 0.367069 0.353602 0.0379963 0.0369688
0 0.795052 0.598605 0.0328509 0.0321879
0 0.897592 0.652516 0.0244859 0.02385
0 0.811736 0.417357 0.0296887 0.0279083
0 0.698231 0.21419 0.0335991 0.0316096
0 0.272315 0.942209 0.0252264 0.0246509
0 0.686178 0.588084 0.0238595 0.0237431
0 0.105915 0.0329181 0.0341058 0.0326526
0 0.388718 0.836824 0.0246233 0.0245762
0 0.243699 0.187521 0.0300796 0.0287648
0 0.241823 0.0304292 0.02882 0.0278751
0 0.055662 0.501013 0.110999 0.199418
0 0.0993464 0.141565 0.043218 0.0415113
0 0.859919 0.91755 0.0259128 0.0254984
0 0.672167 0.945943 0.356516 0.106899
0 0.015003 0.069515 0.0296737 0.0307347
0 0.58453 0.248055 0.0312078 0.0289435
0 0.95391 0.367844 0.0921806 0.131556
0 0.593952 0.301193 0.0246003 0.0239403
0 0.481357 0.236708 0.0896911 0.085415
0 0.640529 0.280128 0.0461099 0.0414138
0 0.299955 0.0983066 0.0366806 0.0357673
0 0.225978 0.296169 0.0281669 0.027443
0 0.653136 0.771443 0.086391 0.0866796
0 0.150427 0.0289716 0.157906 0.0579431
0 0.940676 0.924627 0.0715847 0.0662484
0 0.671371 0.22882 0.0295083 0.0277009
0 0.982682 0.950046 0.0343208 0.0670097
0 0.838287 0.406971 0.0355964 0.0338024
0 0.525392 0.0680012 0.402101 0.135307
0 0.149547 0.156549 0.0307118 0.0298973
0 0.00532875 0.555255 0.0106575 0.0237615
