0 0.125493 0.825972 0.250707 0.291229
0 0.294192 0.960955 0.0781832 0.0757871
0 0.552044 0.938705 0.0440536 0.0433373
0 0.251603 0.380163 0.0369149 0.0358781
0 0.923307 0.302173 0.0335635 0.032752
0 0.815259 0.334263 0.189845 0.193547
0 0.518835 0.422386 0.150392 0.14524
0 0.259069 0.293418 0.050421 0.0484042
0 0.162529 0.667098 0.0499534 0.0491688
0 0.163904 0.577477 0.0554698 0.0534916
0 0.924977 0.777338 0.149317 0.317676
0 0.0147054 0.181439 0.0294109 0.0323139
0 0.928707 0.934843 0.0489959 0.0464535
0 0.0838968 0.655913 0.0291558 0.0286078
0 0.618499 0.989443 0.0340743 0.0211132
0 0.762904 0.536154 0.180797 0.174006
0 0.27441 0.236308 0.025466 0.0249515
0 0.986912 0.943748 0.0261029 0.0459625
0 0.0321222 0.207788 0.0366558 0.0349694
0 0.9126 0.102493 0.0274041 0.0259506
0 0.878559 0.151417 0.223876 0.210165
0 0.380235 0.918721 0.0468634 0.0454722
0 0.260123 0.91878 0.0327436 0.031986
0 0.331811 0.44458 0.255742 0.25581
0 0.877577 0.234099 0.0410727 0.0400058
0 0.9672 0.342254 0.0266843 0.0264169
0 0.130195 0.246258 0.0277696 0.0265481
0 0.251861 0.022501 0.246728 0.0449775
0 0.666244 0.719482 0.0262712 0.0257098
0 0.469341 0.333421 0.058203 0.0571713
0 0.110661 0.615782 0.0297903 0.0284583
0 0.685783 0.835383 0.0409942 0.039998
0 0.692651 0.900489 0.0254073 0.0250556
0 0.156269 0.622395 0.030772 0.0296936
0 0.62067 0.493908 0.152751 0.149904
0 0.154057 0.13431 0.053352 0.0501768
0 0.0676874 0.276764 0.0259257 0.024674
0 0.0812811 0.681417 0.0250797 0.0237107
0 0.765998 0.114125 0.023792 0.0230595
0 0.704667 0.800116 0.0560465 0.0545556
0 0.107363 0.318202 0.0285706 0.0276427
0 0.774683 0.459894 0.0554846 0.0543653
0 0.0963399 0.636379 0.0236252 0.0232275
0 0.881418 0.165508 0.022697 0.0223544
0 0.476192 0.44549 0.0268103 0.0266696
0 0.663387 0.596076 0.0635509 0.0626986
0 0.795633 0.0560846 0.0557976 0.0557576
0 0.832508 0.42425 0.0242681 0.0244488
0 0.492763 0.0948982 0.0221525 0.022181
0 0.0373444 0.00796705 0.0662208 0.0159065
0 0.811069 0.0548484 0.0835024 0.0800213
0 0.223387 0.436961 0.0240768 0.0238996
0 0.278351 0.38047 0.0230139 0.0225805
0 0.870758 0.443507 0.034291 0.0335839
0 0.411989 0.990089 0.111774 0.0196863
0 0.887752 0.621017 0.136168 0.134174
0 0.00366518 0.166732 0.00733037 0.0260656
0 0.628681 0.820629 0.0625138 0.0600644
0 0.040759 0.491384 0.081518 0.0997252
0 0.187399 0.27696 0.038465 0.0371817
0 0.0884087 0.141867 0.17576 0.274754
0 0.655937 0.790585 0.0274467 0.0268559
