0 0.55482 0.518205 0.202469 0.173405
0 0.658155 0.720088 0.161979 0.141133
0 0.467494 0.320487 0.157934 0.135428
0 0.710736 0.29163 0.0822838 0.0700505
0 0.10782 0.737588 0.0905609 0.0853139
0 0.498428 0.942139 0.174832 0.115721
0 0.369749 0.759941 0.0645531 0.059374
0 0.338656 0.657598 0.0402282 0.0369859
0 0.0878852 0.0900241 0.17577 0.180048
0 0.654358 0.259278 0.0512159 0.0425957
0 0.0675451 0.643564 0.0329287 0.0304814
0 0.31404 0.0569568 0.0394361 0.0348394
0 0.305659 0.593194 0.0308663 0.028778
0 0.184608 0.599944 0.0315381 0.0287612
0 0.622041 0.818176 0.028188 0.0256318
0 0.326801 0.530526 0.0470408 0.0417924
0 0.539822 0.761096 0.0370273 0.0333414
0 0.43417 0.199522 0.0729437 0.064473
0 0.922345 0.238176 0.0420017 0.0362325
0 0.365332 0.381503 0.0348597 0.0308026
0 0.427225 0.538355 0.0329955 0.0287937
0 0.353656 0.796523 0.0338541 0.0324746
0 0.974299 0.189298 0.0514016 0.07017
0 0.437473 0.403422 0.0367261 0.0314587
0 0.629866 0.330621 0.0290476 0.0248488
0 0.0707638 0.46926 0.0260474 0.0239708
0 0.558891 0.654635 0.0342335 0.0302898
0 0.387311 0.182619 0.0301978 0.0264396
0 0.582633 0.861263 0.0271069 0.0243442
0 0.364771 0.359746 0.0287881 0.0254754
0 0.205618 0.335779 0.281456 0.254603
0 0.45288 0.448485 0.0692215 0.0599709
0 0.080394 0.564279 0.0725044 0.0670848
0 0.661656 0.0198105 0.045063 0.0378997
0 0.137911 0.190903 0.0278682 0.0240106
0 0.846207 0.666832 0.247153 0.215387
0 0.479245 0.228151 0.048318 0.0419269
0 0.763214 0.824202 0.0269337 0.0238041
0 0.7915 0.882966 0.114247 0.0965502
0 0.357374 0.251066 0.0899873 0.0776076
0 0.884571 0.641491 0.0260275 0.0227139
0 0.317123 0.568593 0.0283207 0.0261064
0 0.0247517 0.878615 0.038708 0.0338473
0 0.061654 0.84288 0.0411863 0.0380888
0 0.105616 0.516261 0.027975 0.0261624
0 0.904163 0.602904 0.0324073 0.0284058
0 0.113711 0.180287 0.0300872 0.0252522
0 0.290748 0.907375 0.0259163 0.0242117
0 0.711231 0.524476 0.0263858 0.0229184
0 0.321941 0.989183 0.026411 0.0216341
0 0.64398 0.454581 0.0288734 0.0240518
0 0.412128 0.138545 0.0524392 0.0465667
0 0.934628 0.559604 0.0644863 0.0590857
0 0.516238 0.119151 0.136892 0.119768
0 0.904781 0.623524 0.0359772 0.0310502
0 0.201537 0.147029 0.0262607 0.0231264
0 0.636187 0.389648 0.357471 0.296309
0 0.208846 0.774088 0.178824 0.16666
0 0.774613 0.959869 0.131794 0.0796896
0 0.435956 0.0724676 0.0879099 0.0788743
0 0.0834316 0.81834 0.0305832 0.0287063
0 0.846482 0.925609 0.0578354 0.0471809
0 0.494997 0.61681 0.0999448 0.0903457
0 0.593617 0.0526932 0.0599998 0.0505526
0 0.215273 0.922328 0.112403 0.100497
0 0.686272 0.94649 0.0320768 0.028746
0 0.311623 0.855774 0.0237958 0.0226176
0 0.288708 0.110365 0.0381167 0.0341616
0 0.204947 0.121259 0.0259616 0.0229872
0 0.528479 0.252507 0.0558454 0.0487118
