0 0.216706 0.379733 0.0786994 0.0635447
0 0.679172 0.14712 0.046063 0.0371179
0 0.835718 0.957096 0.0361015 0.0287792
0 0.972362 0.952278 0.0356803 0.0282065
0 0.621232 0.895318 0.0350646 0.0277155
0 0.267565 0.331457 0.0361341 0.0282739
0 0.206153 0.647173 0.036532 0.0279943
0 0.0119714 0.589695 0.0239427 0.0240863
0 0.828302 0.0564745 0.052607 0.0409361
0 0.519017 0.748776 0.0368285 0.0285778
0 0.196072 0.280774 0.047703 0.0378408
0 0.63675 0.108264 0.0433042 0.0349193
0 0.829762 0.847527 0.0308938 0.0238893
0 0.695132 0.587906 0.0292058 0.0224986
0 0.159935 0.132271 0.0304163 0.0239407
0 0.171277 0.853758 0.0359863 0.0265948
0 0.991561 0.851263 0.0168774 0.0267944
0 0.113438 0.416522 0.0279796 0.0229826
0 0.700568 0.835224 0.0692654 0.0528329
0 0.215811 0.784917 0.431622 0.430167
0 0.708118 0.462644 0.0495582 0.0375192
0 0.764724 0.181368 0.0377636 0.0293949
0 0.996047 0.10877 0.00790501 0.026381
0 0.177933 0.102265 0.0506403 0.0382853
0 0.110626 0.644826 0.209903 0.162662
0 0.181238 0.312488 0.0271438 0.0227416
0 0.71578 0.90896 0.0273204 0.0222887
0 0.954696 0.432304 0.0906084 0.130518
0 0.746315 0.965638 0.104386 0.0679022
0 0.0563756 0.867215 0.06496 0.0531004
0 0.187792 0.48082 0.29988 0.216453
0 0.33548 0.699666 0.0627394 0.0501477
