0 0.785941 0.470764 0.419708 0.320691
0 0.159156 0.601321 0.12916 0.0971775
0 0.545036 0.128032 0.532835 0.25195
0 0.116109 0.937007 0.140646 0.111825
0 0.46563 0.416196 0.181846 0.137173
0 0.795636 0.838088 0.197932 0.150198
0 0.941495 0.618525 0.116187 0.103824
0 0.0155752 0.717476 0.0311504 0.0338054
0 0.205751 0.701615 0.0338207 0.0273152
0 0.120478 0.285555 0.0416915 0.0331122
0 0.141928 0.890946 0.035569 0.0276351
0 0.684467 0.907484 0.0818899 0.0620779
0 0.0533758 0.367498 0.0325361 0.0247674
0 0.0725151 0.324526 0.0404273 0.0309033
0 0.0221876 0.166819 0.0443751 0.0770023
0 0.271307 0.400656 0.0527529 0.0414071
0 0.0538452 0.236605 0.0353679 0.0281037
0 0.531116 0.50335 0.101495 0.0749781
0 0.46588 0.831407 0.0448855 0.0347071
0 0.225172 0.608314 0.0345563 0.0285954
0 0.897913 0.0607908 0.147206 0.112441
0 0.158289 0.365141 0.0616637 0.0478061
0 0.349991 0.0986077 0.0287819 0.0234002
0 0.786703 0.977512 0.172367 0.0448851
0 0.813756 0.26879 0.0300491 0.0244004
0 0.343749 0.924547 0.106431 0.0798928
0 0.570515 0.830493 0.0273902 0.0223576
0 0.798527 0.757248 0.0526117 0.0427015
0 0.666983 0.700934 0.0289104 0.0227339
0 0.614696 0.295647 0.0624127 0.0468683
0 0.607825 0.835481 0.0397875 0.030508
0 0.0197861 0.573394 0.0395722 0.0629258
0 0.974284 0.991949 0.0514313 0.0161023
0 0.389844 0.232857 0.0662945 0.0535855
0 0.789696 0.261694 0.0827539 0.0622628
0 0.947097 0.237697 0.0453917 0.0334881
0 0.126703 0.171761 0.0334308 0.0270494
0 0.533922 0.985016 0.0613726 0.0298875
0 0.221866 0.108485 0.0345607 0.0283474
0 0.728539 0.951048 0.0675817 0.0492473
0 0.716498 0.652102 0.0503011 0.0387611
0 0.406919 0.424321 0.0275866 0.0227807
