0 0.40587 0.971586 0.0928775 0.0566577
0 0.160153 0.0312731 0.140686 0.0623903
0 0.200889 0.686884 0.054233 0.0502397
0 0.0381529 0.39958 0.0419856 0.0401458
0 0.941661 0.508051 0.0527215 0.0505744
0 0.794307 0.968756 0.0424761 0.0410416
0 0.152087 0.683369 0.0381871 0.0355692
0 0.0836198 0.273908 0.0342812 0.0334989
0 0.677969 0.367563 0.0411686 0.039619
0 0.185023 0.720468 0.0270648 0.0254306
0 0.613333 0.285138 0.0672741 0.0650568
0 0.487308 0.443081 0.0333536 0.0317538
0 0.356567 0.843308 0.0432219 0.0400596
0 0.165325 0.071012 0.027129 0.0262793
0 0.277188 0.76671 0.0421977 0.0400102
0 0.205881 0.740146 0.0298821 0.0279172
0 0.173525 0.293634 0.0252542 0.0247731
0 0.576534 0.96352 0.0842042 0.0727443
0 0.0288478 0.173337 0.0245413 0.0233074
0 0.97856 0.0304642 0.0428808 0.060836
0 0.0935327 0.305805 0.024782 0.0243499
0 0.596837 0.357847 0.0379057 0.036431
0 0.166451 0.988947 0.037537 0.0221057
0 0.772588 0.290578 0.0239332 0.0230693
0 0.113337 0.505213 0.0253282 0.0247849
0 0.972688 0.420454 0.0291789 0.0281863
0 0.629526 0.12013 0.0268157 0.0257248
0 0.200153 0.279522 0.0284318 0.0269189
0 0.907644 0.421301 0.0240817 0.0237429
0 0.192965 0.620257 0.0246446 0.0233696
0 0.151839 0.448018 0.0267835 0.0262266
0 0.906071 0.611134 0.02528 0.0243164
0 0.944841 0.132024 0.0287485 0.0272497
0 0.602742 0.325845 0.0526848 0.0520979
0 0.384081 0.160999 0.0359984 0.0351195
0 0.0599913 0.186107 0.0347936 0.0325974
0 0.263586 0.153694 0.0919474 0.0896314
0 0.0146956 0.45775 0.0293911 0.0350493
0 0.243712 0.151878 0.0536451 0.0533881
0 0.781487 0.0716697 0.0299966 0.0296323
0 0.266497 0.92128 0.0244749 0.0237627
0 0.0591533 0.586115 0.0227473 0.0225024
0 0.0766237 0.952213 0.0255641 0.0242979
0 0.209692 0.884905 0.0234035 0.0219032
0 0.708314 0.58954 0.02402 0.0229221
0 0.0962717 0.980453 0.0362268 0.0348921
