0 0.343377 0.785587 0.0891632 0.0719024
0 0.0955615 0.544884 0.0630007 0.0472261
0 0.453649 0.748199 0.0523314 0.0430422
0 0.974247 0.513231 0.0513927 0.0670694
0 0.183433 0.551794 0.0387679 0.0296957
0 0.894224 0.938238 0.0416187 0.0325541
0 0.371597 0.97743 0.0845569 0.0451118
0 0.0985406 0.297608 0.0594554 0.0459193
0 0.274082 0.417222 0.0392481 0.0299283
0 0.198745 0.47084 0.0401311 0.0299003
0 0.845815 0.805908 0.0622444 0.0483148
0 0.138997 0.190483 0.0388063 0.029611
0 0.906057 0.81994 0.0697501 0.0549858
0 0.611147 0.77572 0.0340102 0.0268351
0 0.731836 0.0122814 0.0346923 0.0244895
0 0.577081 0.402391 0.0431396 0.0331522
0 0.616576 0.808945 0.0406706 0.0311572
0 0.22349 0.0373997 0.0314257 0.0247231
0 0.803973 0.468198 0.0502143 0.0390097
0 0.0847766 0.197121 0.0302728 0.0231566
0 0.281269 0.829799 0.0408639 0.0330858
0 0.367082 0.96359 0.0308852 0.0248113
0 0.750537 0.125513 0.033757 0.0258304
0 0.73552 0.670647 0.0361102 0.0277471
0 0.329855 0.440993 0.0313401 0.0232243
0 0.946415 0.954049 0.0569431 0.0426071
0 0.742893 0.547033 0.0681723 0.0516788
0 0.628475 0.74994 0.027993 0.023237
0 0.893575 0.969537 0.0482101 0.0370951
0 0.896024 0.502902 0.0324895 0.0253538
0 0.903791 0.193748 0.192417 0.185506
0 0.0148135 0.964484 0.029627 0.0316781
0 0.618457 0.927814 0.0283516 0.0230139
0 0.678806 0.943971 0.0372507 0.0287812
0 0.779086 0.821841 0.0391212 0.0306861
0 0.94285 0.43485 0.1124 0.0887333
0 0.893772 0.627525 0.0733808 0.0578111
0 0.838245 0.30395 0.0820189 0.0599028
0 0.0593125 0.18658 0.0274234 0.021043
0 0.859399 0.945079 0.0375488 0.0289454
0 0.898924 0.330428 0.0684096 0.0514133
0 0.354825 0.837907 0.0272878 0.0225587
0 0.387891 0.731315 0.0273759 0.0224879
0 0.0576754 0.698026 0.0358719 0.0266187
0 0.916406 0.74738 0.0283899 0.0230842
0 0.584994 0.892569 0.0272175 0.0219254
0 0.788298 0.430513 0.23762 0.178328
