0 0.819832 0.311742 0.0472829 0.0450594
0 0.313479 0.463559 0.0393157 0.0359959
0 0.386243 0.410632 0.0393882 0.0360616
0 0.727736 0.698565 0.0292902 0.027781
0 0.286114 0.385189 0.0331919 0.0311266
0 0.568544 0.956679 0.0310304 0.0299506
0 0.443984 0.364187 0.032339 0.0296381
0 0.798014 0.680816 0.0243435 0.0233129
0 0.25868 0.0138815 0.0268062 0.025765
0 0.8573 0.57246 0.0235362 0.0223709
0 0.863671 0.0628673 0.0266794 0.0255574
0 0.246812 0.260901 0.0243352 0.0225669
0 0.859445 0.0832958 0.0259497 0.024712
0 0.812855 0.662029 0.0253091 0.0244424
0 0.352446 0.218397 0.0263742 0.0242065
0 0.932922 0.235468 0.0236273 0.0230893
0 0.610613 0.680409 0.0236616 0.0228312
0 0.413335 0.195872 0.0265729 0.0246851
