0 0.747144 0.673818 0.273485 0.259281
0 0.352079 0.722494 0.114948 0.109095
0 0.512978 0.610341 0.131165 0.125158
0 0.789564 0.275874 0.152844 0.136577
0 0.617039 0.435016 0.183891 0.167337
0 0.0843467 0.626727 0.168693 0.262652
0 0.32686 0.40069 0.0871208 0.082658
0 0.826118 0.936311 0.035264 0.0343616
0 0.593243 0.649661 0.0455289 0.0432312
0 0.369934 0.497116 0.0288756 0.0280921
0 0.442102 0.896511 0.044092 0.0414958
0 0.891325 0.804303 0.0270592 0.0263605
0 0.689522 0.488458 0.0395035 0.0368159
0 0.124502 0.0604102 0.0296302 0.0279801
0 0.758208 0.378162 0.0326076 0.0295401
0 0.653306 0.196148 0.0333591 0.0306076
0 0.257387 0.616966 0.19496 0.189576
0 0.568924 0.244927 0.0317569 0.0291919
0 0.207414 0.603683 0.0393854 0.0387133
0 0.428681 0.06277 0.0321719 0.0299264
0 0.898092 0.436064 0.0438612 0.0418625
0 0.353029 0.37592 0.0259507 0.0251974
0 0.428501 0.591473 0.0256604 0.0248674
0 0.719523 0.432985 0.0415186 0.0391965
0 0.237688 0.509107 0.0538314 0.0517148
0 0.0317436 0.161674 0.0256854 0.0247631
0 0.554402 0.177537 0.549164 0.352707
0 0.761866 0.82755 0.031132 0.0305335
0 0.449614 0.0374118 0.0355594 0.0319464
0 0.576925 0.535852 0.0585015 0.0540833
0 0.368925 0.653832 0.0265816 0.0261761
0 0.0898035 0.960297 0.096921 0.0794053
0 0.0368058 0.57091 0.0350431 0.034621
0 0.928658 0.467913 0.0619191 0.0575082
0 0.353018 0.83601 0.0423478 0.038826
0 0.95614 0.352206 0.0877203 0.164002
0 0.242179 0.830141 0.219131 0.216508
0 0.255595 0.386087 0.0527931 0.0497138
0 0.00619679 0.867685 0.0123936 0.0684735
0 0.0552648 0.856579 0.0242154 0.0236807
0 0.413919 0.472856 0.0239726 0.0232742
0 0.730869 0.127181 0.0270047 0.024296
0 0.252513 0.298829 0.0682969 0.0635427
0 0.617821 0.549532 0.0269903 0.0252655
0 0.761111 0.929894 0.0257487 0.0253859
0 0.12005 0.359587 0.240026 0.413508
0 0.363052 0.439064 0.031643 0.0307817
0 0.699048 0.149369 0.0338418 0.0306233
0 0.93324 0.475204 0.0696454 0.0651338
0 0.58853 0.361015 0.0233116 0.0226189
0 0.00827404 0.561349 0.0165438 0.0370665
0 0.959252 0.123565 0.0230274 0.0226798
0 0.359259 0.189829 0.309109 0.297004
0 0.894463 0.249842 0.0238135 0.0230887
0 0.265158 0.742173 0.0238697 0.0232739
0 0.0484678 0.532496 0.0369924 0.0354889
0 0.0990509 0.317989 0.198102 0.330869
0 0.270838 0.0656927 0.0290362 0.0276012
0 0.966971 0.612011 0.0519512 0.0478041
0 0.488801 0.416673 0.0238558 0.0234688
0 0.970118 0.990539 0.03358 0.0189229
0 0.957895 0.00348139 0.0274219 0.00694123
0 0.393323 0.413675 0.0240155 0.0235579
0 0.873345 0.181222 0.11716 0.10878
0 0.67145 0.92399 0.0818711 0.0767467
0 0.231758 0.605407 0.0234237 0.0233337
0 0.72905 0.948611 0.412207 0.100162
0 0.218868 0.184311 0.0239094 0.0234331
0 0.433153 0.422576 0.0233048 0.0225858
0 0.208667 0.963416 0.0411498 0.0395541
0 0.462317 0.823134 0.0231754 0.0222046
0 0.314501 0.481402 0.0224296 0.022144
0 0.178695 0.812941 0.355712 0.34676
0 0.863947 0.355255 0.082918 0.0753751
