0 0.405875 0.477429 0.0956992 0.091158
0 0.236327 0.374546 0.0578479 0.0565756
0 0.245885 0.425846 0.0508084 0.0499835
0 0.468436 0.751121 0.0585433 0.057541
0 0.648014 0.1568 0.0509825 0.0497249
0 0.870117 0.66642 0.0474792 0.0471501
0 0.0909776 0.664583 0.0338345 0.0326921
0 0.802955 0.514776 0.0346823 0.033695
0 0.389538 0.764535 0.0480671 0.0468996
0 0.282568 0.448407 0.0335342 0.0327477
0 0.747211 0.607923 0.0276267 0.0278631
0 0.455185 0.515227 0.0314497 0.0308982
0 0.286682 0.413496 0.0330812 0.0322439
0 0.307619 0.0874787 0.0360808 0.0352335
0 0.617259 0.36793 0.0277057 0.0272049
0 0.761206 0.645791 0.074073 0.0732112
0 0.260302 0.651267 0.0256232 0.0249837
0 0.679219 0.650467 0.0367961 0.0364625
0 0.049823 0.583134 0.0270744 0.026315
0 0.421511 0.702693 0.0779368 0.0751629
0 0.263653 0.263936 0.0451603 0.0441408
0 0.153374 0.484219 0.0480602 0.0472915
0 0.883282 0.276799 0.0244249 0.0242914
0 0.110324 0.00573785 0.0264511 0.0114634
0 0.186087 0.277032 0.0256859 0.0245599
0 0.605623 0.647037 0.047528 0.0457625
0 0.987079 0.685438 0.0257473 0.0458945
0 0.892991 0.43792 0.0262897 0.0257773
0 0.00826849 0.507954 0.016537 0.0253863
0 0.132899 0.774333 0.0285445 0.0277686
0 0.18821 0.505402 0.0298234 0.0295652
0 0.585919 0.591554 0.0313447 0.0310488
0 0.541079 0.647434 0.0248556 0.0247746
0 0.828181 0.658248 0.0223187 0.0222034
0 0.616727 0.648842 0.0305943 0.031224
0 0.234672 0.592843 0.0790312 0.0762093
0 0.382726 0.355291 0.102401 0.104318
0 0.47056 0.353401 0.0245613 0.02455
0 0.554908 0.436175 0.024103 0.0236815
0 0.467775 0.0621838 0.040433 0.0396792
0 0.674708 0.500982 0.19702 0.18602
0 0.47918 0.107299 0.0289162 0.0278378
