0 0.0497844 0.425831 0.0995609 0.0964494
0 0.874701 0.221007 0.250599 0.269089
0 0.67149 0.582292 0.0573533 0.0454779
0 0.740661 0.707908 0.0536535 0.0431416
0 0.852222 0.419253 0.0674723 0.0554052
0 0.317724 0.300085 0.263362 0.223976
0 0.759914 0.367143 0.0774509 0.0626222
0 0.570049 0.0454961 0.052098 0.0405162
0 0.729048 0.515061 0.0560125 0.0456468
0 0.925929 0.843884 0.0294413 0.0242939
0 0.322243 0.935486 0.0333038 0.0261276
0 0.785131 0.543268 0.0597479 0.0489392
0 0.297375 0.968035 0.0311037 0.0253271
0 0.39923 0.631113 0.0343978 0.0278327
0 0.706881 0.387307 0.032675 0.0258354
0 0.432166 0.96665 0.158138 0.066699
0 0.188452 0.0523742 0.376904 0.104748
0 0.115773 0.992226 0.031954 0.0155474
0 0.248154 0.536059 0.0303296 0.0255364
0 0.445318 0.894585 0.0928528 0.076195
0 0.0472686 0.308953 0.0945372 0.0810207
0 0.994995 0.833891 0.0100094 0.0470256
0 0.353654 0.807644 0.0368152 0.0290989
0 0.976733 0.985464 0.046399 0.0290649
0 0.0161515 0.594347 0.0323029 0.0581611
0 0.878295 0.467208 0.24341 0.240666
0 0.537625 0.898845 0.169505 0.146524
0 0.661597 0.208801 0.0774973 0.061209
0 0.696076 0.153657 0.163418 0.124282
0 0.0874629 0.572704 0.0368684 0.0292697
0 0.694378 0.463416 0.0322811 0.0259276
0 0.68626 0.672828 0.0320988 0.026444
0 0.806824 0.5227 0.0678947 0.0560255
0 0.487509 0.78866 0.101071 0.077991
0 0.381834 0.499655 0.0548205 0.0447687
0 0.0622345 0.965819 0.0285647 0.0241295
0 0.94038 0.014704 0.0630042 0.0293971
0 0.440217 0.831663 0.0498123 0.0403205
0 0.596828 0.102711 0.0723472 0.0586097
0 0.200318 0.430304 0.131304 0.106961
0 0.577644 0.236536 0.105994 0.0821655
0 0.9521 0.0123991 0.0395947 0.0246919
0 0.548057 0.781096 0.0834289 0.0674511
