0 0.444522 0.539681 0.0669744 0.0636099
0 0.277213 0.680304 0.0651143 0.0615225
0 0.608542 0.618361 0.0522766 0.0506435
0 0.402982 0.0642517 0.0479465 0.0466979
0 0.325956 0.560832 0.0430751 0.040936
0 0.339763 0.525082 0.03984 0.0375509
0 0.793278 0.0324411 0.0405154 0.0390923
0 0.820985 0.415548 0.0379491 0.036893
0 0.848101 0.693679 0.0369925 0.0358626
0 0.441766 0.177641 0.0329488 0.0319113
0 0.475369 0.78749 0.0305587 0.0292784
0 0.0788174 0.883459 0.0272771 0.0254362
0 0.944132 0.583331 0.0393636 0.0371494
0 0.427321 0.13338 0.0345592 0.0338469
0 0.799792 0.578302 0.030594 0.0297282
0 0.732533 0.65397 0.0286222 0.0275536
0 0.842059 0.963 0.0323474 0.0310593
0 0.979005 0.586498 0.0411737 0.0407004
0 0.882481 0.160997 0.0244131 0.0234199
0 0.882389 0.883357 0.0278499 0.0267228
0 0.963215 0.738447 0.033988 0.0328975
0 0.914281 0.178748 0.0262167 0.0252151
0 0.389989 0.132816 0.0356442 0.0352438
0 0.293556 0.47619 0.0324844 0.0321396
0 0.92786 0.51633 0.0271878 0.026057
0 0.107978 0.524549 0.0349953 0.0332086
0 0.993426 0.417719 0.0131475 0.0271527
0 0.92485 0.98723 0.0293531 0.0254351
0 0.927647 0.47489 0.0246711 0.0243184
0 0.464101 0.362417 0.0255159 0.0247742
0 0.614269 0.392646 0.0254135 0.0241867
0 0.0280289 0.924692 0.0256291 0.0237923
0 0.726116 0.549207 0.0241771 0.0232064
0 0.629358 0.697228 0.024548 0.0236592
0 0.697675 0.843461 0.0590032 0.0566209
0 0.0377446 0.873878 0.023685 0.0221293
0 0.672424 0.18995 0.0268853 0.0255063
0 0.833812 0.588221 0.0231021 0.0223436
0 0.737205 0.880586 0.0243661 0.0235246
0 0.389911 0.398852 0.0236899 0.0225567
0 0.232497 0.446304 0.0310458 0.0298752
0 0.343488 0.608078 0.0346624 0.0327752
0 0.740469 0.854741 0.0323828 0.0315491
0 0.0374927 0.175554 0.0749855 0.0774503
0 0.357184 0.786864 0.0266796 0.0255532
0 0.277621 0.42033 0.0269704 0.0263525
0 0.653132 0.752414 0.0269632 0.0251871
0 0.215423 0.853707 0.0392562 0.0371795
0 0.0336145 0.686979 0.0670825 0.161739
0 0.0603176 0.517005 0.0236958 0.0230453
0 0.759309 0.934312 0.0505264 0.0472452
0 0.558307 0.751403 0.0246265 0.023519
0 0.317617 0.633115 0.0438486 0.0402594
