0 0.785903 0.420609 0.0867818 0.0862046
0 0.865687 0.554907 0.15108 0.147094
0 0.933631 0.293312 0.0671141 0.0668242
0 0.331355 0.51958 0.0734419 0.0713648
0 0.732655 0.622547 0.0503056 0.049541
0 0.405649 0.183348 0.0456626 0.0442486
0 0.144645 0.632337 0.0383899 0.0368776
0 0.210942 0.850965 0.0528169 0.0520425
0 0.686907 0.414704 0.0636416 0.0623881
0 0.632246 0.394237 0.0488966 0.0484648
0 0.634252 0.0439581 0.0510023 0.0502058
0 0.458564 0.0350918 0.0775509 0.0700854
0 0.867189 0.367358 0.0343031 0.0340297
0 0.801573 0.116384 0.0459826 0.0450316
0 0.697679 0.791991 0.0371325 0.0369429
0 0.18895 0.821554 0.0322609 0.031476
0 0.983144 0.881617 0.0305751 0.029851
0 0.44363 0.68643 0.0314981 0.0310982
0 0.719841 0.0143645 0.0634367 0.0287047
0 0.391656 0.547101 0.0376728 0.0368049
0 0.0167112 0.968595 0.0333777 0.0590146
0 0.810515 0.364854 0.0286556 0.0280584
0 0.286195 0.28364 0.0332786 0.0323645
0 0.556962 0.521319 0.0328093 0.0315886
0 0.532843 0.848562 0.0271546 0.0263509
0 0.573449 0.806568 0.0303946 0.0302398
0 0.421947 0.559331 0.0262122 0.0254442
0 0.388763 0.857451 0.0262707 0.0254779
0 0.53072 0.491719 0.0330337 0.0321935
0 0.360755 0.485823 0.0356948 0.0354723
0 0.264553 0.476868 0.0936595 0.0908063
0 0.951815 0.79037 0.0269699 0.0261817
0 0.513253 0.163871 0.0269251 0.0264397
0 0.0982144 0.393047 0.0344196 0.0332587
0 0.449482 0.176263 0.0333141 0.0323502
0 0.152812 0.186864 0.0764283 0.073431
0 0.196671 0.126369 0.0595169 0.0590942
0 0.217817 0.167996 0.0713016 0.0699088
0 0.355793 0.304205 0.0303481 0.0296064
0 0.600701 0.288318 0.0354582 0.0352455
0 0.373942 0.427161 0.0250237 0.0242746
0 0.0579926 0.233143 0.0323695 0.0309448
0 0.894439 0.747166 0.0275762 0.0270708
0 0.886575 0.108936 0.040943 0.0409272
0 0.986869 0.377359 0.0261021 0.0349009
0 0.367364 0.334922 0.031296 0.0303166
0 0.564296 0.768701 0.0283236 0.027909
0 0.410717 0.78894 0.0238351 0.0233619
0 0.460155 0.462668 0.033264 0.0320611
0 0.675114 0.276528 0.0373767 0.0377146
0 0.90882 0.682519 0.034264 0.0336723
0 0.020989 0.186251 0.0373108 0.0361798
0 0.852433 0.460488 0.0266606 0.0263297
0 0.727068 0.133475 0.0270139 0.0269338
0 0.375695 0.601692 0.0303306 0.0292947
0 0.278684 0.0311241 0.0265831 0.0255386
0 0.577264 0.340021 0.0238231 0.0233314
0 0.428867 0.515805 0.0283756 0.0276974
0 0.614489 0.68709 0.0303457 0.0300524
0 0.13013 0.129735 0.0767506 0.0735152
0 0.292206 0.814339 0.0236809 0.0231635
0 0.354899 0.00955646 0.0307397 0.0191129
0 0.378806 0.285149 0.02715 0.0265512
0 0.912288 0.464753 0.0229948 0.022989
0 0.044383 0.154973 0.0395128 0.0373683
0 0.871638 0.794029 0.0706105 0.0691717
0 0.926018 0.634413 0.045933 0.0455829
0 0.24599 0.328144 0.0278019 0.0272237
0 0.695919 0.213033 0.0884557 0.088514
0 0.56625 0.564095 0.030344 0.0309091
0 0.808568 0.529457 0.0476398 0.0469803
0 0.791245 0.686533 0.0297395 0.0296879
0 0.984453 0.689009 0.0233523 0.0229457
0 0.997062 0.0249701 0.0058754 0.0256158
0 0.790888 0.760014 0.068288 0.068611
0 0.61193 0.915065 0.0257292 0.0245545
0 0.876362 0.862008 0.0255187 0.0253553
0 0.655186 0.175778 0.0306668 0.0304481
0 0.604032 0.254443 0.036972 0.0368529
0 0.159172 0.912691 0.0226374 0.0218894
0 0.614994 0.457951 0.0247114 0.0241282
0 0.521348 0.822672 0.022939 0.0224107
0 0.0781691 0.0492266 0.0235078 0.0227534
0 0.493514 0.594209 0.0243197 0.0239708
0 0.901905 0.442169 0.0222437 0.0222385
0 0.6291 0.0805198 0.023469 0.0233216
0 0.556728 0.0683261 0.029275 0.028857
0 0.729369 0.434294 0.0249305 0.0244271
0 0.629467 0.143087 0.0320304 0.0322799
0 0.867359 0.146484 0.0323291 0.0322392
0 0.231247 0.0374423 0.0315491 0.0309484
0 0.876615 0.341311 0.022261 0.0218627
0 0.895158 0.661918 0.0319278 0.0312163
0 0.922143 0.881845 0.032272 0.0315811
