0 0.77962 0.402962 0.104635 0.100583
0 0.324678 0.448387 0.111012 0.107819
0 0.628848 0.820822 0.129668 0.128247
0 0.193532 0.548271 0.055109 0.0539042
0 0.473603 0.576053 0.0934839 0.0913992
0 0.917968 0.878888 0.0434992 0.0424706
0 0.862941 0.625346 0.0573896 0.0551069
0 0.704138 0.852739 0.0566156 0.054385
0 0.667778 0.337433 0.0420314 0.0407978
0 0.504475 0.646916 0.0445338 0.0437501
0 0.703691 0.552336 0.0380634 0.0375583
0 0.88197 0.822284 0.0371308 0.0366025
0 0.754514 0.958851 0.037035 0.0358944
0 0.418972 0.690453 0.126466 0.121371
0 0.551235 0.807382 0.0352719 0.0350386
0 0.672003 0.0650828 0.0298678 0.0293119
0 0.960183 0.385083 0.0796343 0.0894752
0 0.300733 0.92161 0.0302691 0.0290426
0 0.404842 0.13454 0.0312687 0.03042
0 0.50768 0.325987 0.0275815 0.0266894
0 0.0346634 0.0633817 0.0257634 0.0250784
0 0.49514 0.861047 0.0237608 0.0230901
0 0.203446 0.512058 0.350165 0.320571
0 0.297889 0.771571 0.0251523 0.0243873
0 0.954963 0.672215 0.0241032 0.0235747
0 0.161237 0.51907 0.0276483 0.027079
0 0.413361 0.725547 0.0311138 0.0313015
0 0.0902588 0.91668 0.180088 0.16664
0 0.410189 0.445733 0.0652937 0.0625107
0 0.727486 0.0191936 0.0245061 0.0242484
0 0.196627 0.0800372 0.0239022 0.0229676
0 0.415781 0.93957 0.0247935 0.0242243
0 0.203221 0.167891 0.33888 0.308208
0 0.423838 0.74922 0.126477 0.116562
0 0.969899 0.787837 0.0502134 0.0494943
0 0.853497 0.802234 0.0342958 0.0338411
0 0.369028 0.978392 0.0243852 0.0240709
0 0.819979 0.345729 0.0446046 0.0427939
0 0.63133 0.830085 0.0235512 0.0236825
0 0.959564 0.199887 0.0805085 0.399773
0 0.780713 0.701843 0.025075 0.0243578
