0 0.586671 0.208278 0.0516772 0.0382513
0 0.854737 0.350364 0.0539794 0.0390127
0 0.638478 0.270009 0.05269 0.0376541
0 0.712381 0.547571 0.0433097 0.0310721
0 0.460388 0.570787 0.0579125 0.0426157
0 0.841519 0.290828 0.0387005 0.0292483
0 0.0652871 0.646342 0.079102 0.0588633
0 0.598395 0.594382 0.0441872 0.03279
0 0.695983 0.249643 0.0332201 0.0246413
0 0.70551 0.164372 0.0341425 0.0258897
0 0.611447 0.654149 0.0340996 0.0255307
0 0.194197 0.00751049 0.0331998 0.014981
0 0.0562111 0.514582 0.0308738 0.0234198
0 0.18685 0.530919 0.0806443 0.0584986
0 0.616393 0.778098 0.103389 0.0624415
0 0.85543 0.67188 0.0508775 0.0354259
0 0.926046 0.33069 0.0312641 0.023627
0 0.191436 0.632002 0.0458381 0.0342808
0 0.854264 0.74358 0.188787 0.131629
0 0.241511 0.610303 0.0373375 0.0278149
0 0.157612 0.205158 0.035627 0.0276837
0 0.0736527 0.507055 0.145717 0.342099
0 0.401018 0.790842 0.127669 0.0941471
0 0.0561469 0.783542 0.0586861 0.0357769
0 0.797262 0.774976 0.03036 0.0227473
0 0.330015 0.651245 0.0774556 0.0581031
0 0.843073 0.662575 0.0866996 0.0624704
0 0.222458 0.652818 0.0370089 0.0285759
0 0.729081 0.436313 0.02921 0.0215893
0 0.125506 0.190931 0.0348323 0.0274858
0 0.497817 0.536941 0.0313815 0.0241814
0 0.874508 0.61393 0.0293157 0.022553
0 0.303339 0.747432 0.0746534 0.0535803
0 0.46814 0.489753 0.0289793 0.0219855
0 0.387314 0.617943 0.050547 0.037412
0 0.729416 0.0178197 0.0472509 0.0350708
0 0.665393 0.291747 0.0290735 0.0218181
0 0.259924 0.722005 0.0353487 0.0259051
