0 0.663276 0.768738 0.168506 0.154147
0 0.458956 0.946978 0.125617 0.106044
0 0.243403 0.378235 0.0868767 0.0791637
0 0.68237 0.0403903 0.0644624 0.0590955
0 0.429967 0.847813 0.139457 0.135075
0 0.58714 0.110663 0.0489186 0.0448799
0 0.0945563 0.810358 0.0754715 0.0706043
0 0.865356 0.425506 0.269288 0.313823
0 0.980915 0.264949 0.0381556 0.0405573
0 0.46887 0.342255 0.465624 0.399058
0 0.903339 0.797974 0.0964751 0.0873363
0 0.892217 0.331966 0.0592478 0.0508353
0 0.536142 0.669945 0.035058 0.03289
0 0.01453 0.281994 0.02906 0.0487581
0 0.213597 0.105068 0.277216 0.210136
0 0.10115 0.686366 0.0291576 0.0280583
0 0.754892 0.282997 0.0410204 0.0362453
0 0.311503 0.663665 0.411922 0.465242
0 0.647634 0.98386 0.0631638 0.0321404
0 0.714851 0.313695 0.037555 0.0332749
0 0.0458861 0.297388 0.0272748 0.0255834
0 0.0856656 0.629562 0.0390669 0.0372813
0 0.258036 0.607105 0.026508 0.0264215
0 0.988525 0.8307 0.022846 0.0301139
0 0.851933 0.792616 0.0730289 0.0655096
0 0.614487 0.555969 0.041754 0.0379386
0 0.316872 0.46587 0.0301343 0.028055
0 0.0822393 0.638696 0.164095 0.209125
0 0.67606 0.56277 0.0353136 0.0317976
0 0.497092 0.739637 0.0289481 0.0272074
0 0.676682 0.691587 0.0324686 0.0297279
0 0.192594 0.835289 0.0280959 0.0267506
0 0.0557614 0.651854 0.0288857 0.0272542
0 0.201811 0.306363 0.064298 0.0562156
0 0.700296 0.622259 0.0273071 0.0248234
0 0.109241 0.284966 0.218483 0.326176
0 0.181138 0.792963 0.0258111 0.0251712
0 0.159762 0.771749 0.0262171 0.0259857
0 0.857629 0.385204 0.0283272 0.0249969
0 0.0499203 0.180339 0.0263711 0.0234373
0 0.95326 0.940379 0.0912898 0.085492
0 0.0369407 0.75877 0.0319971 0.0304157
0 0.0223859 0.930407 0.025331 0.0240549
0 0.629599 0.956072 0.0374733 0.0342171
0 0.0536221 0.868914 0.0243969 0.0236423
0 0.609816 0.941703 0.0543265 0.0510694
0 0.5051 0.811547 0.0249496 0.0242772
0 0.771053 0.96081 0.0570619 0.0501342
0 0.459709 0.0771967 0.293903 0.153511
0 0.95738 0.269678 0.0308775 0.0261067
0 0.0353296 0.976961 0.0245249 0.0228642
0 0.57704 0.883239 0.0247819 0.0237803
0 0.810839 0.988942 0.0388007 0.0221168
0 0.371369 0.144139 0.0536865 0.0448369
0 0.658729 0.648647 0.0678357 0.0622711
0 0.243007 0.867 0.0246123 0.0243616
0 0.796579 0.918785 0.0317361 0.0274749
0 0.808099 0.900466 0.0335196 0.0294402
0 0.0783641 0.052209 0.0249502 0.0221516
0 0.162486 0.565781 0.166147 0.155593
0 0.319716 0.950758 0.049931 0.0471859
0 0.2928 0.756027 0.315235 0.283905
0 0.995937 0.639476 0.00812569 0.0296451
0 0.961021 0.98839 0.0779573 0.0230728
0 0.558183 0.648746 0.0344195 0.0326114
0 0.996467 0.669269 0.00706596 0.0229116
0 0.054256 0.202115 0.0270937 0.0246796
0 0.703507 0.98244 0.0386636 0.0335537
0 0.991693 0.214727 0.0166125 0.0307727
0 0.944852 0.890375 0.0555716 0.047506
0 0.171257 0.18782 0.0376073 0.031652
0 0.113782 0.0286843 0.042386 0.0369855
0 0.890225 0.527955 0.0258797 0.0233871
0 0.855678 0.990636 0.0385036 0.0187281
0 0.0663729 0.405281 0.0286059 0.0266782
0 0.759816 0.722773 0.0499072 0.0448935
