0 0.928808 0.390067 0.142385 0.142917
0 0.379956 0.0435078 0.0833235 0.0715283
0 0.0291484 0.228339 0.0582104 0.121338
0 0.664587 0.973324 0.149536 0.0533527
0 0.432922 0.113116 0.0475538 0.0409086
0 0.248394 0.816988 0.0350179 0.0305406
0 0.613147 0.237247 0.041554 0.0358188
0 0.6143 0.0336895 0.0415561 0.0357826
0 0.444893 0.205178 0.0456029 0.0385167
0 0.0483285 0.800274 0.029575 0.0259905
0 0.778304 0.444713 0.029916 0.0262672
0 0.153965 0.556766 0.030383 0.0273069
0 0.154952 0.198854 0.0414873 0.037221
0 0.0226684 0.814193 0.0407286 0.0354005
0 0.646254 0.0141015 0.0330691 0.0275637
0 0.787439 0.329333 0.0361395 0.0306312
0 0.167822 0.088244 0.0306145 0.0271248
0 0.590817 0.0771719 0.0365813 0.0307908
0 0.850477 0.0977513 0.0278194 0.0244396
0 0.273377 0.468614 0.0283026 0.0253687
0 0.120477 0.0600523 0.0317917 0.0286483
0 0.579011 0.0119382 0.0340499 0.0238168
0 0.272936 0.85287 0.545871 0.290804
0 0.697534 0.0715471 0.0280569 0.0242556
0 0.243384 0.607081 0.0243952 0.0225487
0 0.421232 0.155209 0.0272151 0.0236317
0 0.895316 0.0306956 0.0271259 0.0236616
0 0.237416 0.492249 0.473399 0.577323
0 0.935153 0.0631114 0.0278651 0.0246236
0 0.023517 0.740342 0.0470339 0.0470891
0 0.371079 0.107512 0.0414435 0.0351288
0 0.590264 0.924036 0.106761 0.0881872
0 0.181561 0.596748 0.0404201 0.0368945
0 0.115035 0.16535 0.0245634 0.0226067
0 0.321042 0.464241 0.0277351 0.0244981
0 0.18208 0.57962 0.0297227 0.0265683
0 0.615899 0.916885 0.0358785 0.030382
