0 0.71159 0.469344 0.0489042 0.0397136
0 0.768252 0.774069 0.0421526 0.0334904
0 0.0207791 0.435893 0.0415582 0.0492297
0 0.721974 0.358376 0.0343201 0.028511
0 0.223883 0.644569 0.0393127 0.0315195
0 0.591464 0.519177 0.0955131 0.0790133
0 0.167065 0.656568 0.0352496 0.0284612
0 0.0549629 0.549787 0.0408431 0.0319734
0 0.385325 0.66033 0.0290949 0.0245146
0 0.935785 0.932491 0.0349938 0.0272191
0 0.332401 0.698089 0.028338 0.0235569
0 0.0141541 0.20055 0.0283082 0.0243615
0 0.115025 0.58686 0.028218 0.0234367
0 0.97199 0.398835 0.0283031 0.0237514
0 0.0110691 0.57015 0.0221383 0.0229647
0 0.0608593 0.327811 0.0782588 0.06326
0 0.46889 0.84546 0.0540364 0.0441137
0 0.827189 0.704464 0.0708237 0.0551989
0 0.896851 0.62511 0.0416076 0.0327141
0 0.457692 0.896198 0.0672637 0.0544241
0 0.772349 0.507053 0.0601032 0.0478633
0 0.248845 0.706732 0.0321164 0.0263968
