0 0.19849 0.964953 0.140769 0.0700939
0 0.358898 0.418765 0.0632776 0.0518656
0 0.632491 0.363914 0.0472205 0.039956
0 0.495221 0.66952 0.0374168 0.0302842
0 0.0177225 0.960138 0.035445 0.0374575
0 0.368559 0.309091 0.0343232 0.0274251
0 0.29236 0.774411 0.0395898 0.0333854
0 0.403297 0.245895 0.0373571 0.0295537
0 0.581943 0.755406 0.0290129 0.024579
0 0.775791 0.929005 0.0288773 0.0250276
0 0.290681 0.265651 0.0350533 0.0293159
0 0.107215 0.768823 0.0355328 0.0294971
0 0.338934 0.262428 0.0325773 0.026593
0 0.186723 0.244307 0.0274992 0.0234329
0 0.740505 0.214638 0.0268495 0.0231412
0 0.0140666 0.653955 0.0279065 0.023927
0 0.502826 0.586363 0.0318097 0.026807
0 0.0566168 0.0535309 0.0409567 0.0372064
0 0.951397 0.865914 0.0319126 0.0264853
0 0.192829 0.804672 0.0291867 0.0250085
0 0.193431 0.870446 0.115912 0.0937805
0 0.068867 0.0789119 0.0394769 0.0356322
0 0.312766 0.97214 0.132972 0.0557198
0 0.0279014 0.819327 0.0300485 0.0244935
0 0.151132 0.750601 0.0277146 0.0234051
0 0.0416073 0.908642 0.0571314 0.0464757
0 0.28234 0.875082 0.0458744 0.0384586
