0 0.215142 0.288166 0.0934732 0.0908196
0 0.0775586 0.240611 0.0844036 0.0816638
0 0.85888 0.293495 0.0636686 0.0615684
0 0.728471 0.136112 0.0562937 0.0549632
0 0.13232 0.352484 0.0606783 0.0596156
0 0.862719 0.450288 0.0569995 0.0560581
0 0.974609 0.627963 0.0504843 0.0521342
0 0.393642 0.106263 0.0852948 0.0826167
0 0.322281 0.555252 0.0423925 0.0415889
0 0.649831 0.132461 0.0344161 0.0333402
0 0.0276792 0.0302372 0.0552905 0.05958
0 0.055779 0.978652 0.0617498 0.0423317
0 0.101955 0.678322 0.0526371 0.0512578
0 0.331732 0.235041 0.0284766 0.0279312
0 0.25231 0.732525 0.0475921 0.0475373
0 0.161873 0.540218 0.0387458 0.0380854
0 0.0705014 0.00783535 0.0340686 0.0156246
0 0.888466 0.971732 0.0246845 0.0241502
0 0.803071 0.702431 0.0242147 0.023767
0 0.0422207 0.082446 0.042252 0.0411678
0 0.0753454 0.177675 0.0388442 0.0382277
0 0.497198 0.982081 0.213722 0.0358389
0 0.0501299 0.112274 0.0337485 0.0319124
0 0.695923 0.419395 0.0254531 0.0248182
0 0.240342 0.706672 0.0394085 0.0389194
0 0.756697 0.321764 0.0620461 0.0606688
0 0.893228 0.394641 0.0370631 0.0358511
0 0.323723 0.107811 0.042022 0.0406082
0 0.036888 0.367773 0.041965 0.040239
0 0.314781 0.775896 0.0516601 0.0509165
0 0.334331 0.0692729 0.0377862 0.0371872
0 0.948601 0.840732 0.0484483 0.0474567
0 0.36185 0.222698 0.0380813 0.037037
0 0.858904 0.562908 0.047039 0.046561
0 0.0996686 0.185896 0.0268667 0.026194
0 0.319999 0.0203202 0.0478311 0.0406404
0 0.64077 0.598891 0.0544101 0.0528178
0 0.878501 0.902721 0.0234962 0.0230568
0 0.456662 0.502133 0.0389137 0.0385728
0 0.574465 0.213361 0.0391015 0.0385632
0 0.137792 0.739354 0.0221885 0.0215796
0 0.960533 0.942691 0.0398459 0.0395378
0 0.840891 0.966366 0.0229345 0.0225373
0 0.878133 0.62954 0.068531 0.0666645
0 0.709603 0.0917152 0.0362749 0.0351863
0 0.475045 0.403323 0.0647336 0.0635417
0 0.521018 0.100174 0.0494542 0.0488592
0 0.670419 0.0202296 0.0647749 0.0404592
0 0.326862 0.702845 0.0586008 0.0578004
0 0.863452 0.947579 0.0231133 0.0227995
0 0.605762 0.243977 0.0447822 0.0433159
0 0.418565 0.74477 0.0301779 0.0292682
0 0.170249 0.89621 0.029519 0.0288796
0 0.645358 0.517813 0.0471531 0.0453589
0 0.321443 0.94233 0.0588514 0.0584086
0 0.593171 0.295628 0.0369849 0.0359758
0 0.265222 0.784407 0.0239608 0.0233564
0 0.0701833 0.546007 0.0288808 0.028611
0 0.33606 0.68257 0.0618019 0.0593634
0 0.971116 0.233128 0.0294724 0.0285278
0 0.575228 0.153881 0.0291491 0.0284369
0 0.11823 0.29465 0.0314426 0.0309478
0 0.971403 0.919522 0.0386918 0.039582
0 0.371071 0.497788 0.0464296 0.0459387
0 0.753189 0.994826 0.0227527 0.0103154
0 0.87309 0.532434 0.027832 0.0273941
0 0.279314 0.685815 0.0491814 0.0484014
0 0.405433 0.655663 0.0224624 0.0221718
0 0.386362 0.139706 0.0346791 0.0342684
