0 0.716592 0.194442 0.0657799 0.0642848
0 0.972668 0.723192 0.0402079 0.0394607
0 0.542075 0.253359 0.0467844 0.0456387
0 0.0341735 0.360243 0.0391364 0.0378059
0 0.196198 0.759189 0.0371547 0.0363903
0 0.104444 0.499482 0.0415913 0.0403987
0 0.0514613 0.393194 0.0317421 0.0308216
0 0.845961 0.743942 0.0387871 0.0378728
0 0.685194 0.151127 0.0337868 0.033632
0 0.0536267 0.41966 0.0271019 0.0262476
0 0.659605 0.900953 0.0327637 0.0320342
0 0.429828 0.413748 0.0390791 0.0376931
0 0.403982 0.813286 0.028631 0.0280128
0 0.395887 0.408356 0.0459354 0.0443401
0 0.522545 0.88864 0.027235 0.0263608
0 0.701274 0.353103 0.0272178 0.0263808
0 0.687264 0.0164653 0.0535719 0.0328286
0 0.116479 0.0757931 0.030538 0.0294533
0 0.293401 0.957488 0.0252303 0.0251164
0 0.464467 0.418764 0.0356622 0.0348515
0 0.25764 0.180283 0.442952 0.358867
0 0.0806411 0.93425 0.0255267 0.0250489
0 0.307803 0.927 0.0418917 0.0405672
0 0.635515 0.0339417 0.0268932 0.0265584
0 0.918682 0.166825 0.0247006 0.0242837
0 0.248664 0.356207 0.0273744 0.0264544
0 0.895749 0.00736872 0.0259044 0.0146259
0 0.0572699 0.963111 0.0239021 0.0234342
0 0.820781 0.705776 0.0569732 0.0542939
0 0.362659 0.0338726 0.0537718 0.0515808
0 0.727985 0.866618 0.0481633 0.0470182
0 0.353298 0.733427 0.0249925 0.0243522
0 0.797703 0.64221 0.037855 0.0370245
0 0.266348 0.501845 0.0600321 0.058297
0 0.967262 0.457497 0.0241475 0.0233319
0 0.589953 0.0782668 0.0279779 0.0275931
0 0.366809 0.897655 0.0245245 0.024394
0 0.157378 0.884536 0.0236773 0.023243
0 0.541357 0.207625 0.0286161 0.0276768
0 0.251577 0.470632 0.113408 0.1114
0 0.678263 0.062049 0.0639616 0.0633405
0 0.371232 0.674369 0.026334 0.0257273
0 0.81736 0.121863 0.110547 0.106199
0 0.942694 0.282418 0.0405517 0.0400539
0 0.0283123 0.0636537 0.0566246 0.0679049
0 0.926536 0.00550349 0.0271892 0.0109421
0 0.622397 0.373899 0.0232626 0.0227572
0 0.452544 0.309774 0.0579905 0.0560056
0 0.914674 0.877924 0.0259392 0.0248413
0 0.197603 0.614496 0.0347079 0.0344472
0 0.78493 0.410509 0.0232019 0.0224898
0 0.46149 0.668177 0.0234733 0.0234494
0 0.643317 0.481625 0.0479398 0.0458344
0 0.567229 0.102128 0.0284438 0.0276138
