0 0.592024 0.713031 0.325119 0.292345
0 0.378008 0.935264 0.162968 0.129473
0 0.0188293 0.518145 0.0375846 0.041249
0 0.733688 0.245787 0.23127 0.22861
0 0.54694 0.393614 0.0453772 0.0431624
0 0.98285 0.280707 0.034299 0.0424005
0 0.131496 0.573728 0.0327234 0.0318103
0 0.947957 0.393524 0.0326761 0.0314669
0 0.0293939 0.388466 0.0585105 0.0650314
0 0.469615 0.0779852 0.294207 0.154424
0 0.0458226 0.864047 0.0349051 0.034362
0 0.171115 0.0845586 0.332377 0.167767
0 0.513927 0.238688 0.0452938 0.0432492
0 0.697319 0.558265 0.0326848 0.0316148
0 0.519026 0.341142 0.0378428 0.035585
0 0.900282 0.0928001 0.0451429 0.0438486
0 0.0316937 0.426217 0.0465736 0.0449441
0 0.177437 0.725014 0.0365506 0.0365243
0 0.0469256 0.692434 0.0938511 0.241466
0 0.369619 0.285217 0.0422248 0.0408026
0 0.716835 0.383977 0.03868 0.0377011
0 0.268212 0.382352 0.0305901 0.0298551
0 0.340898 0.529032 0.049478 0.0474055
0 0.273053 0.702442 0.0250201 0.0249895
0 0.332009 0.272754 0.0310546 0.0302764
0 0.82985 0.151245 0.0299788 0.0292067
0 0.251272 0.969788 0.0277631 0.0268906
0 0.781299 0.412517 0.0254186 0.0245759
0 0.904491 0.46928 0.190854 0.386493
0 0.146818 0.651049 0.0249778 0.0242655
0 0.840139 0.871716 0.319722 0.256035
0 0.590465 0.321288 0.0255826 0.0250124
0 0.834398 0.104423 0.0242705 0.024042
0 0.345122 0.601038 0.0460341 0.0442526
0 0.174892 0.622414 0.0225018 0.0221171
0 0.531231 0.54129 0.0252363 0.0247681
0 0.36225 0.331675 0.0434986 0.0421347
0 0.47766 0.225704 0.265773 0.23346
0 0.282408 0.461258 0.0270766 0.025962
0 0.36294 0.149773 0.0464014 0.0448766
0 0.891106 0.608637 0.0337608 0.0326443
0 0.85641 0.305435 0.19861 0.204579
0 0.355327 0.0927973 0.0798032 0.0769553
0 0.271015 0.466943 0.0508341 0.0500554
0 0.251313 0.337278 0.0267087 0.025374
0 0.571217 0.523565 0.0276713 0.0264831
0 0.991476 0.223888 0.0170483 0.0251673
0 0.990277 0.0690415 0.0194464 0.0257061
0 0.925977 0.662446 0.0380012 0.0361791
