0 0.632972 0.87617 0.099706 0.0978072
0 0.307331 0.753471 0.0662303 0.0647297
0 0.171822 0.506704 0.0700439 0.0678573
0 0.0586476 0.661668 0.04656 0.0457659
0 0.0420337 0.357908 0.0598564 0.0605461
0 0.257033 0.498085 0.0480335 0.0468928
0 0.331345 0.345122 0.0595579 0.059376
0 0.650294 0.945028 0.0395377 0.0389762
0 0.848463 0.0827943 0.0405053 0.0395677
0 0.537786 0.47991 0.0356032 0.0355908
0 0.833748 0.114956 0.0421758 0.0409593
0 0.570442 0.36871 0.0327736 0.0325835
0 0.21699 0.688655 0.080818 0.0764949
0 0.450919 0.986528 0.0437349 0.0269434
0 0.203061 0.616925 0.114115 0.11236
0 0.781727 0.312153 0.0266038 0.0259536
0 0.769259 0.255608 0.0280386 0.0275328
0 0.45448 0.770416 0.0274329 0.0270663
0 0.259045 0.97188 0.046065 0.0454283
0 0.832002 0.302745 0.0282677 0.0272466
0 0.720285 0.211975 0.0293288 0.0286588
0 0.742109 0.864414 0.0277294 0.0271574
0 0.513773 0.0437459 0.0316691 0.0307735
0 0.758144 0.321878 0.0257492 0.0250197
0 0.859087 0.897383 0.0253127 0.0247377
0 0.621471 0.558101 0.0248954 0.0245214
0 0.410572 0.840446 0.0318788 0.0314808
0 0.818084 0.788766 0.0270006 0.0261905
0 0.169596 0.45636 0.0716931 0.070537
0 0.902161 0.0591288 0.0264694 0.025885
0 0.763131 0.191771 0.0244762 0.0242095
0 0.21712 0.780721 0.0403359 0.0393853
0 0.0656743 0.393961 0.0390334 0.0383048
0 0.548398 0.527499 0.0231004 0.0226653
0 0.212286 0.809154 0.0291955 0.0289729
0 0.0522157 0.490764 0.0584109 0.0572762
0 0.737332 0.962258 0.0276749 0.0267624
0 0.0770616 0.05657 0.0577016 0.0587685
0 0.799939 0.569762 0.0262196 0.0256486
0 0.241549 0.410016 0.0391874 0.0383862
0 0.994927 0.744506 0.0101463 0.0236111
0 0.0940502 0.0967032 0.0536024 0.0542428
0 0.261278 0.33366 0.0848889 0.0825113
0 0.757409 0.364291 0.0236063 0.0228959
0 0.131255 0.293501 0.0595242 0.0590071
0 0.831689 0.976743 0.0360425 0.0350825
0 0.251554 0.887275 0.0475128 0.0461276
0 0.861779 0.182594 0.0237857 0.0233458
0 0.369984 0.757159 0.0237029 0.023783
0 0.18712 0.266374 0.0250465 0.024963
0 0.673459 0.922403 0.0240061 0.0234827
0 0.177447 0.554196 0.0550376 0.0545967
0 0.107617 0.98419 0.0245287 0.0235462
0 0.301103 0.658833 0.0929434 0.0884159
0 0.232111 0.0740296 0.023329 0.0232108
0 0.302832 0.4051 0.0226411 0.0222293
0 0.950031 0.794417 0.025202 0.024896
0 0.254959 0.938114 0.0363038 0.0368673
0 0.816644 0.990988 0.0314576 0.018024
0 0.921955 0.503446 0.0232379 0.022727
0 0.235363 0.0116994 0.0221624 0.021353
0 0.271193 0.844557 0.0235786 0.0229511
0 0.424529 0.483574 0.0280712 0.0285025
0 0.785403 0.796119 0.0247152 0.0238564
0 0.0152424 0.271424 0.0304847 0.0393316
0 0.473284 0.901053 0.0237258 0.0228348
0 0.346768 0.156014 0.0262768 0.0260642
0 0.0178323 0.987602 0.0230697 0.0221767
0 0.811 0.936109 0.0233259 0.0233312
0 0.661685 0.41465 0.0281171 0.0269962
0 0.392348 0.315503 0.052592 0.0540361
0 0.400218 0.283628 0.0433925 0.0428082
0 0.701385 0.886365 0.0281477 0.0274045
0 0.242244 0.868115 0.0246058 0.0245773
0 0.111298 0.165605 0.0314715 0.0318977
