0 0.397571 0.906008 0.301791 0.187325
0 0.314094 0.47246 0.0692453 0.0626015
0 0.667019 0.335483 0.182981 0.163169
0 0.732381 0.196916 0.0868349 0.0749385
0 0.257136 0.618031 0.0746676 0.0666755
0 0.578299 0.756831 0.0392444 0.0355123
0 0.860973 0.0594374 0.0383348 0.0334283
0 0.146706 0.765363 0.0908211 0.0849157
0 0.665678 0.674744 0.0427773 0.0382247
0 0.895557 0.849538 0.0356216 0.0310237
0 0.211595 0.0332913 0.0399752 0.0377803
0 0.745285 0.460863 0.255234 0.219701
0 0.828196 0.807929 0.0518775 0.0461031
0 0.193039 0.751146 0.0298439 0.0284529
0 0.926471 0.949077 0.0431795 0.0363256
0 0.226545 0.152511 0.0404361 0.039117
0 0.777733 0.0374525 0.0346379 0.0306079
0 0.0198433 0.805937 0.0396866 0.0804541
0 0.826846 0.255729 0.135855 0.115632
0 0.509582 0.587036 0.0405181 0.0369464
0 0.870588 0.518574 0.0296183 0.0268174
0 0.0756085 0.248468 0.0365696 0.034655
0 0.433275 0.743501 0.0328917 0.0305807
0 0.102708 0.218656 0.0361654 0.0344707
0 0.9818 0.843188 0.0280795 0.0248759
0 0.135249 0.533037 0.0696322 0.0608444
0 0.966382 0.741988 0.0512286 0.0448491
0 0.870021 0.0178337 0.028362 0.0253327
0 0.401844 0.690265 0.0285245 0.0268696
0 0.0246603 0.513149 0.0493205 0.0878536
0 0.619123 0.664509 0.0461448 0.0423989
0 0.282782 0.0812903 0.0335476 0.0324637
0 0.641521 0.940886 0.0494642 0.0423698
0 0.867585 0.397201 0.052845 0.0470102
0 0.463463 0.39599 0.238502 0.204911
0 0.716532 0.946213 0.0277922 0.0245957
0 0.355603 0.573985 0.0285085 0.0260499
0 0.743695 0.104571 0.0382193 0.0327208
0 0.184168 0.462839 0.0307426 0.0279201
0 0.939188 0.515263 0.121483 0.344445
0 0.112484 0.817694 0.0370412 0.0357456
0 0.631929 0.967234 0.207793 0.0655312
0 0.0541781 0.753987 0.0275628 0.0252581
0 0.704335 0.098451 0.0276997 0.0240493
0 0.0745865 0.146198 0.147514 0.292396
0 0.222811 0.738867 0.0429446 0.0406728
0 0.0195906 0.617466 0.0387855 0.0572979
0 0.135276 0.440766 0.0358196 0.0316741
0 0.647948 0.593459 0.0613772 0.0537214
0 0.901212 0.697096 0.0308429 0.0265603
0 0.463953 0.253229 0.0271165 0.0253094
0 0.962213 0.023693 0.0311916 0.0269454
0 0.300149 0.0579629 0.0342654 0.0324812
0 0.490646 0.291489 0.0272192 0.0247363
0 0.681265 0.0267343 0.0271395 0.0236576
0 0.842169 0.733498 0.0544394 0.0467486
0 0.880521 0.981431 0.0288963 0.0245975
0 0.0196661 0.927173 0.0283872 0.0269923
0 0.261911 0.104404 0.033296 0.032034
0 0.175694 0.376141 0.0273451 0.0252594
0 0.691929 0.337203 0.0519289 0.0438192
0 0.6978 0.0654768 0.0320975 0.028031
0 0.985718 0.333797 0.0283947 0.0287435
0 0.0675953 0.85605 0.108169 0.0987751
0 0.236733 0.712717 0.0317108 0.0304368
0 0.92429 0.318432 0.124256 0.1079
0 0.194082 0.0511075 0.0429942 0.0383947
0 0.817292 0.548198 0.0263584 0.0235658
0 0.858653 0.0390321 0.0251093 0.0218132
0 0.121005 0.150981 0.0301609 0.0284189
0 0.544545 0.243759 0.0411086 0.0357518
0 0.203556 0.432556 0.0276428 0.0251707
0 0.0626525 0.717842 0.0339504 0.0313905
0 0.26968 0.67947 0.0355073 0.0326762
0 0.153828 0.082483 0.0266525 0.0245498
0 0.726617 0.0831504 0.0260849 0.0226497
0 0.164615 0.106707 0.0247972 0.0235973
0 0.709834 0.335473 0.0873742 0.0764074
0 0.265664 0.00541199 0.0248813 0.010824
0 0.108937 0.691458 0.041222 0.0378462
0 0.806378 0.346194 0.0242617 0.0227103
0 0.325221 0.686793 0.154995 0.139774
0 0.244492 0.698834 0.025419 0.0250585
0 0.0208001 0.746808 0.0296193 0.0268706
0 0.656959 0.00513908 0.0493059 0.0102782
0 0.773647 0.0118005 0.0281386 0.0236009
0 0.843831 0.534637 0.0304559 0.0274848
0 0.545081 0.0109043 0.0306972 0.0216187
0 0.87224 0.955417 0.0298059 0.0257828
0 0.119974 0.116483 0.0448504 0.0418621
0 0.897061 0.117499 0.0264295 0.023054
