0 0.387585 0.18046 0.0717872 0.0683619
0 0.368588 0.267258 0.0528343 0.0509532
0 0.593681 0.460911 0.0504341 0.049191
0 0.427097 0.547392 0.0387755 0.0381358
0 0.694149 0.412442 0.0570127 0.0552815
0 0.543439 0.857628 0.066128 0.0642788
0 0.151088 0.16301 0.302177 0.325196
0 0.544274 0.406778 0.0435758 0.0431696
0 0.31493 0.911602 0.0654272 0.0622781
0 0.688757 0.506545 0.0308813 0.0303887
0 0.629852 0.045267 0.0930134 0.0894692
0 0.108699 0.695899 0.0601447 0.0578547
0 0.799346 0.519902 0.0353131 0.03445
0 0.610274 0.124578 0.0466371 0.0449207
0 0.325188 0.534431 0.0348026 0.0341084
0 0.737731 0.77471 0.0337048 0.0335054
0 0.730481 0.39964 0.0557237 0.0544159
0 0.707914 0.177471 0.0424488 0.042415
0 0.379123 0.0760081 0.0310636 0.0300428
0 0.343031 0.148071 0.0286329 0.0277072
0 0.260184 0.865653 0.333654 0.268561
0 0.287783 0.5478 0.0262747 0.025861
0 0.867733 0.239661 0.0345418 0.0328549
0 0.497877 0.760246 0.0337899 0.0322868
0 0.989053 0.0502382 0.0217974 0.030807
0 0.0677949 0.922584 0.0277307 0.0268579
0 0.275067 0.644508 0.100049 0.0970678
0 0.350506 0.351384 0.0240967 0.0238119
0 0.942762 0.358499 0.0242844 0.0235847
0 0.354116 0.860354 0.0751824 0.0728329
0 0.871511 0.437617 0.0454085 0.0439349
0 0.960285 0.207638 0.0266013 0.0254674
0 0.517813 0.79269 0.0525295 0.0498345
0 0.657181 0.927464 0.0246686 0.0240779
0 0.0913206 0.975885 0.0457646 0.0441923
0 0.906632 0.898625 0.0647818 0.0614033
0 0.490349 0.979982 0.0466315 0.0398951
0 0.583657 0.0796268 0.0380368 0.0366699
0 0.715194 0.919389 0.0275068 0.0273914
0 0.119375 0.484472 0.0315624 0.0306505
0 0.398011 0.785003 0.0303204 0.0298522
0 0.932106 0.96937 0.0659266 0.0598168
0 0.599249 0.713317 0.0285348 0.0280066
0 0.866612 0.937971 0.0264184 0.0254393
0 0.811083 0.68102 0.0247438 0.0242307
0 0.739753 0.554499 0.267344 0.257217
0 0.443558 0.482699 0.0252437 0.0246477
0 0.512093 0.255353 0.024337 0.0242196
0 0.57575 0.510253 0.0244353 0.0241681
0 0.274849 0.950499 0.0235531 0.0230991
0 0.401576 0.00474282 0.0275174 0.00944065
0 0.852083 0.988366 0.0323943 0.0232683
0 0.619102 0.690194 0.206885 0.194806
0 0.138124 0.0300801 0.024905 0.0257395
0 0.569498 0.434469 0.0279295 0.0275078
0 0.787762 0.0686002 0.0375975 0.0358373
0 0.271322 0.899356 0.0262094 0.0247808
0 0.487323 0.419753 0.0597932 0.0548712
0 0.0963823 0.840145 0.0379639 0.0364286
0 0.403594 0.337102 0.0241597 0.0240291
0 0.0480156 0.75783 0.0627222 0.0591965
0 0.804992 0.459733 0.0262861 0.0263116
0 0.0829231 0.657955 0.0296957 0.0282617
0 0.982197 0.0162279 0.035607 0.0323805
0 0.116973 0.697443 0.0427786 0.0495818
0 0.260663 0.720872 0.0356516 0.0346792
0 0.822485 0.771471 0.0336705 0.032476
0 0.242486 0.58943 0.0225519 0.0226258
0 0.460018 0.0111386 0.033208 0.0222187
0 0.297824 0.594269 0.0239072 0.0234078
0 0.349074 0.499307 0.44245 0.437151
0 0.986025 0.673314 0.0223455 0.0219765
