0 0.455547 0.661455 0.381306 0.285173
0 0.649906 0.40749 0.177774 0.136457
0 0.88384 0.440157 0.0988271 0.0723084
0 0.241545 0.737908 0.262115 0.193144
0 0.623503 0.203404 0.140784 0.110468
0 0.304008 0.426749 0.142523 0.108706
0 0.202589 0.352464 0.0671825 0.0530281
0 0.662074 0.315752 0.0811229 0.0654354
0 0.690642 0.18117 0.119147 0.096085
0 0.228899 0.530486 0.0992512 0.0763166
0 0.41827 0.250498 0.183533 0.147884
0 0.507897 0.187542 0.0865371 0.0671948
0 0.749135 0.50206 0.0457937 0.0349446
0 0.54099 0.277436 0.143144 0.11134
0 0.971332 0.501029 0.0517412 0.0380106
0 0.911712 0.0571444 0.176534 0.114054
0 0.784476 0.153423 0.041913 0.0316531
0 0.976599 0.61999 0.0467688 0.0460727
0 0.792537 0.484849 0.0362617 0.0275414
0 0.716146 0.667068 0.0840416 0.0643108
0 0.370038 0.841304 0.0434605 0.0330696
0 0.519386 0.542114 0.055263 0.0432386
0 0.815214 0.0932139 0.084811 0.0613105
0 0.195453 0.0477255 0.0661711 0.0545731
0 0.513173 0.434075 0.0768922 0.0632141
0 0.981623 0.712754 0.0313127 0.0236292
0 0.14328 0.428248 0.198787 0.156388
0 0.759405 0.424636 0.0311284 0.0232777
0 0.323192 0.508451 0.107621 0.0854118
0 0.346399 0.821914 0.0340976 0.025702
0 0.301441 0.0915241 0.0621946 0.050553
0 0.75518 0.173564 0.0284058 0.0217614
0 0.751505 0.0929762 0.0292462 0.0227772
0 0.937792 0.875569 0.0395784 0.0302037
0 0.266343 0.173699 0.0285722 0.0227139
0 0.37184 0.172239 0.0388745 0.0305293
0 0.347625 0.33202 0.11677 0.0964946
0 0.423285 0.38788 0.0278379 0.0229774
0 0.975287 0.470481 0.0292986 0.0223533
0 0.0586796 0.0510985 0.0617301 0.0506916
0 0.325463 0.00515827 0.0336177 0.0103164
0 0.826246 0.713814 0.0397072 0.0311377
0 0.261841 0.338598 0.03021 0.0243504
0 0.603167 0.333045 0.0426936 0.0325948
0 0.262289 0.233832 0.0444317 0.0351164
0 0.504555 0.914617 0.0641517 0.0488793
0 0.179648 0.17585 0.0495085 0.0378047
