0 0.675346 0.610681 0.0540193 0.0510514
0 0.286191 0.716737 0.0482178 0.0464966
0 0.714362 0.733645 0.0413282 0.0387389
0 0.94763 0.286961 0.0452188 0.0429808
0 0.669582 0.812191 0.0326743 0.0309881
0 0.706257 0.903119 0.0275233 0.0263547
0 0.31966 0.640262 0.0287155 0.0270741
0 0.942402 0.313021 0.0351755 0.0335936
0 0.669301 0.534691 0.0245153 0.0233956
0 0.799918 0.700738 0.0251455 0.0241439
0 0.676521 0.690117 0.0246604 0.0233422
0 0.957359 0.164833 0.0251624 0.0235905
0 0.528367 0.485769 0.0242319 0.0231918
0 0.727558 0.517222 0.0236955 0.022224
0 0.155184 0.561177 0.0233062 0.0226376
0 0.500052 0.890341 0.0284588 0.0256961
0 0.442302 0.0133564 0.0216555 0.0211496
0 0.512936 0.896739 0.0322512 0.029882
0 0.636575 0.199808 0.0226955 0.0211473
0 0.304811 0.660954 0.0224085 0.0215302
