0 0.0691277 0.0170248 0.0458154 0.0339627
0 0.629991 0.389292 0.0457883 0.0340029
0 0.505904 0.511056 0.0743173 0.0566513
0 0.863459 0.865704 0.0517191 0.0389009
0 0.310659 0.443193 0.0366154 0.0279188
0 0.770568 0.346055 0.0340955 0.0263692
0 0.33834 0.949977 0.0301023 0.023649
0 0.818088 0.0511948 0.0392184 0.0316583
0 0.90031 0.888805 0.0399685 0.028976
0 0.656685 0.00449114 0.0481118 0.00890837
0 0.158646 0.270689 0.0362499 0.0277404
0 0.712913 0.113974 0.0291803 0.0230335
0 0.989944 0.109512 0.0199235 0.0263186
0 0.324793 0.575339 0.0321941 0.024444
0 0.863814 0.773514 0.0500129 0.0369456
0 0.0334331 0.392521 0.0337496 0.0255008
0 0.915618 0.563841 0.0462685 0.0352957
0 0.890481 0.0132707 0.0408251 0.0265413
0 0.503668 0.557089 0.0294191 0.0229318
0 0.78956 0.0326254 0.0411704 0.0316666
0 0.217289 0.0491927 0.106008 0.0887744
0 0.989177 0.935371 0.0216456 0.0220054
0 0.511128 0.970584 0.0831504 0.0583574
0 0.310898 0.479361 0.0306473 0.0234916
0 0.219788 0.416208 0.0398382 0.0303457
0 0.807843 0.241707 0.0278432 0.0213967
0 0.939685 0.54081 0.0271601 0.0210416
0 0.109583 0.368054 0.0338976 0.0262121
0 0.285636 0.757895 0.115288 0.089628
0 0.824334 0.711366 0.0340199 0.025143
