0 0.88328 0.664344 0.0597274 0.0585224
0 0.509652 0.593323 0.0471888 0.04656
0 0.602971 0.879629 0.0539888 0.053091
0 0.0906855 0.101715 0.0393194 0.0381288
0 0.654554 0.679796 0.0279032 0.0270681
0 0.421487 0.0382333 0.0289311 0.0283156
0 0.455874 0.548556 0.0301449 0.0294309
0 0.737825 0.507909 0.0298088 0.0286962
0 0.0102419 0.132496 0.020418 0.0273789
0 0.629243 0.00834218 0.0326502 0.0166674
0 0.496045 0.425069 0.0263811 0.0256356
0 0.350805 0.326224 0.02472 0.0239578
0 0.597491 0.194284 0.0264597 0.0261351
0 0.484998 0.525311 0.0262793 0.0253372
0 0.557887 0.393454 0.0265321 0.0255667
0 0.381786 0.0869675 0.0246269 0.023806
0 0.551541 0.325091 0.0243204 0.0235603
0 0.710865 0.203275 0.0243902 0.0232703
0 0.574941 0.0063112 0.0242006 0.0126084
0 0.0232302 0.409738 0.0236353 0.0229696
0 0.263675 0.435178 0.052281 0.0506361
0 0.498694 0.535935 0.0271674 0.0265653
0 0.120293 0.273395 0.0245826 0.0239636
0 0.353055 0.330871 0.208624 0.195821
0 0.817522 0.305867 0.0245909 0.0236213
0 0.566948 0.900556 0.0599329 0.0589751
0 0.0084196 0.46406 0.0168392 0.0461802
0 0.399446 0.566972 0.0225544 0.0219927
0 0.657062 0.431775 0.0227902 0.0220871
0 0.472663 0.101566 0.0226964 0.0225472
0 0.766453 0.155185 0.0241675 0.0236455
0 0.427055 0.631553 0.0653163 0.0642532
0 0.0429813 0.0651385 0.0229858 0.0226441
0 0.195187 0.539346 0.024092 0.0236825
0 0.743006 0.977752 0.0264771 0.0264099
