0 0.571844 0.465003 0.263929 0.243628
0 0.128745 0.107614 0.195485 0.172591
0 0.372389 0.285708 0.173424 0.159856
0 0.559546 0.456391 0.0425598 0.0389328
0 0.188796 0.590982 0.110739 0.103448
0 0.248392 0.642216 0.0381265 0.0359442
0 0.764823 0.841301 0.0278783 0.02565
0 0.537939 0.711603 0.0265682 0.0240595
0 0.711505 0.582914 0.0295343 0.0269878
0 0.91261 0.248841 0.0250921 0.0240149
0 0.645361 0.726833 0.0266972 0.0236176
0 0.638871 0.71225 0.0263275 0.0237293
0 0.244512 0.980577 0.0310667 0.0293016
0 0.863619 0.46954 0.0254955 0.0230725
0 0.288968 0.553771 0.117687 0.106642
0 0.823652 0.11009 0.0241416 0.0229641
0 0.251029 0.408197 0.315499 0.260331
0 0.292367 0.114099 0.0255595 0.0239633
0 0.831324 0.338363 0.0238253 0.0227808
0 0.728155 0.958438 0.187051 0.083121
0 0.323835 0.399443 0.176779 0.165961
0 0.419926 0.371444 0.0248284 0.0236288
0 0.176541 0.214001 0.0599699 0.052804
0 0.285016 0.0391686 0.135707 0.0783371
0 0.629279 0.612635 0.0242079 0.0224526
