0 0.0889728 0.459869 0.0714791 0.0684907
0 0.74693 0.644757 0.0564246 0.0543502
0 0.291043 0.549532 0.0491534 0.0468495
0 0.0287974 0.543726 0.0573241 0.0618855
0 0.407052 0.110074 0.0524126 0.0503838
0 0.372557 0.267576 0.0794461 0.0761313
0 0.807659 0.498917 0.177497 0.17375
0 0.129634 0.8741 0.0406508 0.0392815
0 0.220702 0.194288 0.034289 0.0331941
0 0.26659 0.28351 0.0555498 0.0537806
0 0.0533814 0.707666 0.0385618 0.0369721
0 0.831778 0.141625 0.0826523 0.078648
0 0.940527 0.440529 0.0300054 0.0287553
0 0.0276253 0.361444 0.0552506 0.0683776
0 0.0190915 0.727608 0.0319539 0.0308183
0 0.666806 0.188989 0.0266269 0.0250008
0 0.892592 0.209802 0.0363384 0.0343897
0 0.356196 0.20187 0.0269045 0.0257396
0 0.985184 0.64208 0.0293837 0.0318991
0 0.741513 0.475284 0.0268548 0.0252767
0 0.592965 0.30211 0.0416558 0.0400491
0 0.558581 0.66607 0.0295887 0.0277357
0 0.533443 0.567659 0.120765 0.111464
0 0.22703 0.133126 0.0549007 0.0529942
0 0.941089 0.635048 0.0351284 0.0337643
0 0.371097 0.760797 0.0253724 0.0244973
0 0.843074 0.901005 0.0615878 0.0611029
0 0.65154 0.083265 0.0784249 0.077125
0 0.599742 0.385573 0.0857146 0.0777853
0 0.66165 0.904536 0.0267503 0.0254884
0 0.668393 0.338091 0.025394 0.0244685
0 0.792841 0.284081 0.0252783 0.0244923
0 0.00838719 0.980781 0.0167744 0.0378963
0 0.866196 0.633981 0.0239054 0.0231382
0 0.461057 0.91821 0.0240902 0.0229528
0 0.500958 0.501983 0.0320976 0.0310855
0 0.481267 0.793524 0.0289458 0.0279187
0 0.155612 0.682076 0.0247466 0.0233111
0 0.275652 0.0751796 0.0236062 0.0232003
0 0.957828 0.249275 0.0843451 0.131683
0 0.168354 0.333679 0.0421479 0.0406673
0 0.276451 0.202802 0.027522 0.026464
0 0.857369 0.218251 0.0291278 0.0271853
0 0.169042 0.992466 0.0246293 0.0150677
0 0.13876 0.0275692 0.0234682 0.0224673
0 0.246744 0.968354 0.0683933 0.0627966
0 0.981468 0.839084 0.0370645 0.0479593
0 0.224308 0.896517 0.0286232 0.0271078
0 0.548309 0.495137 0.0680215 0.0641003
0 0.857734 0.436946 0.0254725 0.0246702
0 0.0290896 0.790673 0.0292993 0.0284616
0 0.439134 0.549451 0.0355607 0.0343351
0 0.780284 0.00497282 0.0224137 0.00987242
0 0.52614 0.12968 0.0251951 0.0244438
0 0.0824495 0.652096 0.0223013 0.0212345
0 0.0855403 0.503273 0.028777 0.027059
0 0.177816 0.146771 0.0244994 0.0237554
