0 0.351732 0.642822 0.0412849 0.0364261
0 0.617471 0.0157139 0.0688462 0.0313786
0 0.186481 0.49603 0.029732 0.0263691
0 0.70533 0.947611 0.152061 0.104616
0 0.488113 0.00788031 0.0373722 0.0157062
0 0.309943 0.773021 0.0280227 0.0249681
0 0.437939 0.81573 0.0315276 0.0269293
0 0.715822 0.932796 0.0386005 0.0334734
0 0.335424 0.71611 0.0287548 0.0257356
0 0.842126 0.918314 0.0296848 0.0258578
0 0.620316 0.584814 0.0245414 0.0226977
0 0.659683 0.557727 0.0241558 0.0229287
0 0.784816 0.292247 0.0596682 0.0502187
0 0.254949 0.855416 0.0254132 0.0225363
0 0.762704 0.848195 0.16131 0.135588
