0 0.844014 0.546805 0.287496 0.282962
0 0.503923 0.951767 0.0608315 0.0591258
0 0.413767 0.90588 0.0461701 0.0449834
0 0.320813 0.384268 0.0411368 0.0403724
0 0.212735 0.0759733 0.0473898 0.0464769
0 0.365932 0.959422 0.0299485 0.0285705
0 0.186627 0.604423 0.0241589 0.0232413
0 0.0144486 0.841292 0.0288972 0.031141
0 0.292096 0.46911 0.0259895 0.0251188
0 0.443226 0.0246606 0.0257475 0.0250486
0 0.37272 0.387545 0.0234375 0.0230522
0 0.0507887 0.319748 0.023269 0.0218869
0 0.0104328 0.625136 0.0207921 0.0228467
0 0.0405394 0.140666 0.0252467 0.0245965
0 0.166961 0.124074 0.0234981 0.0230852
0 0.0618417 0.147487 0.0244104 0.0235526
