0 0.0158783 0.520376 0.0317567 0.0354904
0 0.977091 0.194491 0.043354 0.0423479
0 0.032955 0.461159 0.0505542 0.0478516
0 0.578471 0.251289 0.0994098 0.0955766
0 0.049491 0.605258 0.0359671 0.0330679
0 0.564317 0.288506 0.0439619 0.0428843
0 0.883673 0.705212 0.0307554 0.0297071
0 0.456709 0.461557 0.0694659 0.065097
0 0.0483676 0.566997 0.02883 0.026716
0 0.299383 0.00606007 0.0328644 0.0121201
0 0.0763921 0.248785 0.0280016 0.0269057
0 0.381072 0.743398 0.026985 0.0261138
0 0.148797 0.257174 0.0535715 0.0511984
0 0.458453 0.314421 0.102997 0.100049
0 0.942522 0.675097 0.0253321 0.0245668
0 0.0568013 0.984536 0.0260741 0.0257421
0 0.484546 0.235371 0.0587021 0.0566751
0 0.244747 0.0424823 0.0241369 0.0231706
0 0.111276 0.936483 0.0614915 0.0579877
0 0.340513 0.875988 0.0239147 0.0232487
0 0.920038 0.769276 0.0284305 0.0266231
0 0.492263 0.880616 0.0237296 0.0231002
0 0.277412 0.704596 0.0237213 0.0229819
0 0.663552 0.992209 0.0239566 0.0155825
0 0.237041 0.7976 0.0334266 0.0322842
0 0.520682 0.204068 0.0412103 0.0393728
0 0.459552 0.510688 0.0620156 0.0572721
0 0.0438775 0.240234 0.0439481 0.0424179
0 0.405921 0.584471 0.122304 0.115458
0 0.236345 0.347256 0.0339579 0.0323329
0 0.0768552 0.0628951 0.15371 0.12579
0 0.31367 0.682456 0.0225687 0.0220806
0 0.57665 0.404304 0.187965 0.18394
