0 0.329565 0.368214 0.108075 0.0875313
0 0.0545292 0.132831 0.0604014 0.0478119
0 0.0271712 0.944476 0.04927 0.0403621
0 0.0397184 0.983773 0.0746841 0.0322763
0 0.155513 0.625033 0.0700079 0.0547634
0 0.146245 0.233973 0.0377789 0.029825
0 0.377188 0.507896 0.0387316 0.0303768
0 0.243789 0.55003 0.310109 0.223454
0 0.133924 0.790331 0.038331 0.0299938
0 0.787766 0.723643 0.0779116 0.0626019
0 0.658541 0.267165 0.589247 0.515553
0 0.456952 0.748304 0.0319203 0.0255259
0 0.357538 0.483823 0.035717 0.0277388
0 0.27742 0.0278633 0.0837677 0.055555
0 0.0706732 0.366954 0.0374838 0.0288572
0 0.738963 0.724519 0.18989 0.147692
0 0.0356128 0.447981 0.0298737 0.023998
0 0.078217 0.843936 0.0478088 0.0361335
0 0.341091 0.0863469 0.0504317 0.0394784
0 0.980128 0.742916 0.039744 0.106034
0 0.402172 0.0423122 0.0309777 0.0248425
0 0.0852998 0.82583 0.0343477 0.0258833
0 0.196858 0.432384 0.0299318 0.0236389
0 0.802897 0.378359 0.327269 0.269748
0 0.979915 0.977099 0.0400441 0.0458021
0 0.436146 0.0796026 0.0571647 0.0476255
0 0.954705 0.702067 0.0275912 0.0227171
0 0.326492 0.677213 0.0652359 0.0519564
0 0.0733845 0.56873 0.0286424 0.0234617
0 0.546783 0.733669 0.0380747 0.0293962
0 0.136139 0.555619 0.110602 0.0872897
0 0.152278 0.40733 0.0272296 0.0218734
0 0.18296 0.819134 0.0281519 0.0228483
0 0.888754 0.642857 0.0544391 0.0432624
0 0.952712 0.521553 0.0263321 0.0227659
0 0.0550739 0.856512 0.0266389 0.0213544
0 0.22162 0.23914 0.0310468 0.0251477
0 0.941427 0.623804 0.0297359 0.0247103
0 0.715903 0.551495 0.0726282 0.0603959
0 0.493099 0.0383002 0.190761 0.0766005
0 0.307457 0.139828 0.0288984 0.0225613
0 0.0855285 0.456771 0.0845425 0.0672875
0 0.0475242 0.608202 0.0864342 0.0713029
