0 0.647641 0.159819 0.0873342 0.074996
0 0.949049 0.492632 0.0847561 0.0698596
0 0.480528 0.830869 0.0629281 0.0531918
0 0.776668 0.812774 0.143994 0.122811
0 0.346353 0.237633 0.0497302 0.041754
0 0.644667 0.493055 0.054063 0.046604
0 0.665675 0.395934 0.0624065 0.0528109
0 0.632676 0.444711 0.056951 0.0488528
0 0.428108 0.111436 0.0599656 0.050401
0 0.0922045 0.332123 0.0615392 0.0519034
0 0.184121 0.131201 0.0497195 0.0408169
0 0.979758 0.954564 0.040472 0.0473644
0 0.953074 0.339529 0.0937416 0.148249
0 0.336894 0.6296 0.0599685 0.0511739
0 0.552426 0.537438 0.0391228 0.0338267
0 0.107003 0.363364 0.0433834 0.0374961
0 0.625554 0.747902 0.0316101 0.0278895
0 0.254098 0.327005 0.0430246 0.0362794
0 0.644124 0.334206 0.0691782 0.0597657
0 0.663334 0.533125 0.0391631 0.0340562
0 0.323151 0.585923 0.0348033 0.0299145
0 0.57107 0.051804 0.0358417 0.0308996
0 0.379399 0.394723 0.0529394 0.0452253
0 0.015881 0.424115 0.031762 0.0350474
0 0.320075 0.805244 0.0315593 0.0266566
0 0.0130962 0.607125 0.0261923 0.025851
0 0.586051 0.587812 0.0287437 0.0252908
0 0.806362 0.300335 0.0340381 0.0284755
0 0.579415 0.484063 0.0343699 0.0287068
0 0.852498 0.727863 0.102514 0.087392
0 0.3143 0.291632 0.0372887 0.0308315
0 0.0369293 0.938771 0.0343525 0.0299444
0 0.852158 0.25972 0.118725 0.0979698
0 0.625323 0.289664 0.0351067 0.0293984
0 0.0272092 0.107584 0.0404435 0.0332609
0 0.869096 0.038445 0.261809 0.0768899
0 0.714396 0.460618 0.122054 0.105454
0 0.314142 0.334131 0.0353167 0.0297763
0 0.0652379 0.412857 0.0374685 0.0312467
0 0.675509 0.57051 0.0338621 0.0285397
0 0.524699 0.578264 0.0909455 0.0798576
0 0.267288 0.607808 0.0822186 0.0716758
0 0.0716908 0.487285 0.0285174 0.0241098
0 0.520794 0.47871 0.0284002 0.0246525
0 0.694605 0.767461 0.0788313 0.0669198
0 0.0731487 0.370505 0.0312722 0.0270182
0 0.0993892 0.839349 0.027061 0.0233151
0 0.865239 0.569399 0.0794516 0.0655117
0 0.469132 0.394646 0.0345045 0.0298367
0 0.299991 0.651602 0.0289197 0.0249971
0 0.89923 0.289741 0.0342832 0.0284159
0 0.403522 0.183165 0.0600029 0.0522031
0 0.154732 0.17269 0.02721 0.0230504
0 0.849013 0.868835 0.0430281 0.0375483
0 0.84207 0.20349 0.0308412 0.0271084
0 0.642006 0.914006 0.0263455 0.0236729
0 0.132398 0.143606 0.0328452 0.0271733
0 0.536794 0.10159 0.028232 0.02441
0 0.03132 0.00813542 0.0580364 0.0162318
0 0.546486 0.201039 0.028272 0.0235575
0 0.803395 0.180635 0.0268694 0.0234668
0 0.634471 0.209495 0.0329893 0.0283821
0 0.398163 0.0885619 0.0269475 0.0229762
0 0.480497 0.570148 0.025611 0.0228345
0 0.579403 0.673367 0.0254986 0.0230344
0 0.521433 0.846958 0.0381546 0.0329592
0 0.0426197 0.402794 0.0276954 0.0236999
0 0.926783 0.637173 0.146434 0.153703
0 0.287581 0.538018 0.0273042 0.0231056
0 0.618331 0.733748 0.105502 0.0925112
0 0.465069 0.0430165 0.101249 0.0844428
0 0.453311 0.421331 0.0299279 0.0267642
0 0.864548 0.995851 0.0292108 0.00829849
0 0.218605 0.286725 0.0277839 0.0246547
0 0.826973 0.991515 0.0270004 0.0169692
0 0.970105 0.283405 0.0589245 0.0556679
0 0.85034 0.711652 0.0789251 0.0621953
0 0.51687 0.827517 0.0833888 0.0710642
0 0.0480887 0.631821 0.0259869 0.0221303
0 0.0615163 0.202514 0.0260467 0.022866
0 0.916487 0.392855 0.0376992 0.0315905
0 0.780589 0.170716 0.0257829 0.0229858
0 0.827195 0.173457 0.0264827 0.0237878
0 0.423242 0.554397 0.0265371 0.023675
0 0.465928 0.958341 0.0486876 0.0426313
0 0.174169 0.958455 0.0256101 0.022135
0 0.821159 0.435911 0.0550662 0.0476341
