0 0.907085 0.677019 0.185482 0.204552
0 0.659721 0.294058 0.0740049 0.0652328
0 0.561588 0.906492 0.0728168 0.0621922
0 0.174888 0.0755245 0.081723 0.0717517
0 0.599983 0.956408 0.125937 0.0871738
0 0.0271481 0.867735 0.0541169 0.0510693
0 0.434737 0.166167 0.188639 0.15488
0 0.442211 0.341809 0.0557885 0.0487283
0 0.322881 0.362499 0.0374876 0.0327545
0 0.586484 0.0384768 0.133087 0.0769536
0 0.648652 0.772169 0.0853038 0.0737755
0 0.38112 0.362524 0.0429451 0.037901
0 0.250478 0.60118 0.0434463 0.0387747
0 0.105706 0.469734 0.0304423 0.0271687
0 0.434216 0.75393 0.0363193 0.0327184
0 0.388132 0.794762 0.0357324 0.0320184
0 0.814695 0.419525 0.0420403 0.0382473
0 0.287902 0.988832 0.0510484 0.0223351
0 0.549755 0.217768 0.0935967 0.0812904
0 0.467156 0.401645 0.0314697 0.0282238
0 0.734248 0.282052 0.0342259 0.0311489
0 0.540349 0.74355 0.0281482 0.0250561
0 0.685645 0.49207 0.0427246 0.0401914
0 0.436966 0.410694 0.396376 0.343192
0 0.748857 0.952196 0.0288548 0.0253568
0 0.0964231 0.976511 0.031317 0.0275661
0 0.0646324 0.035977 0.0259684 0.023849
0 0.10427 0.679368 0.0385641 0.0344679
0 0.218943 0.347118 0.0316414 0.0284865
0 0.685039 0.715149 0.0471716 0.0423198
0 0.28686 0.58673 0.0412674 0.0370537
0 0.753005 0.253595 0.0289599 0.026312
0 0.942787 0.204064 0.0309444 0.0260988
0 0.201263 0.141769 0.0252973 0.0235601
0 0.698623 0.897084 0.0274062 0.0241923
0 0.0978463 0.594643 0.0303617 0.0275788
0 0.317609 0.609031 0.031211 0.0272305
0 0.161803 0.423394 0.0539913 0.0499643
0 0.0411182 0.771626 0.0290399 0.0265064
0 0.467828 0.935501 0.0643271 0.0546241
0 0.906441 0.138571 0.0406733 0.0347007
0 0.599492 0.301892 0.0554864 0.0490152
0 0.226502 0.641887 0.0278526 0.0257328
0 0.504532 0.830083 0.0328074 0.0281384
0 0.981683 0.31857 0.0366058 0.0806475
0 0.499871 0.74034 0.0401695 0.0363215
0 0.374781 0.899586 0.0304137 0.0273656
0 0.333376 0.0399835 0.0407194 0.0354137
0 0.418306 0.364408 0.0348389 0.0312078
0 0.0694347 0.00931574 0.0258602 0.018488
0 0.00734679 0.30996 0.0146936 0.0235379
0 0.883773 0.228141 0.0245543 0.0226038
