0 0.891478 0.39661 0.213621 0.212798
0 0.35281 0.947971 0.0815252 0.0796947
0 0.674371 0.813879 0.0617749 0.0590496
0 0.151169 0.725773 0.0737777 0.0714841
0 0.108432 0.267959 0.0455878 0.0438818
0 0.4263 0.955451 0.032004 0.031535
0 0.38711 0.0396523 0.0353993 0.0341828
0 0.0201439 0.555704 0.0330537 0.0324868
0 0.711796 0.048398 0.029797 0.0290507
0 0.270314 0.70486 0.0305495 0.0304553
0 0.55782 0.402635 0.0305984 0.0292807
0 0.308876 0.817831 0.0296129 0.0294698
0 0.49787 0.773424 0.118047 0.114071
0 0.253135 0.113589 0.0403165 0.0393079
0 0.374266 0.137895 0.0349771 0.0339204
0 0.219145 0.937641 0.0341578 0.0330613
0 0.388355 0.25945 0.0655437 0.0626634
0 0.126861 0.986729 0.0263445 0.0253084
0 0.68171 0.222759 0.0271516 0.0264203
0 0.357034 0.678925 0.0268538 0.0265291
0 0.830012 0.878278 0.066973 0.0655615
0 0.125564 0.603086 0.025534 0.0253638
0 0.361984 0.605865 0.0285116 0.0276467
0 0.348801 0.165951 0.0276784 0.0268283
0 0.711692 0.22994 0.0249398 0.0249438
0 0.807015 0.0491039 0.024585 0.02438
0 0.371702 0.210654 0.030045 0.028691
0 0.628015 0.280283 0.12939 0.126787
0 0.648696 0.905824 0.0239649 0.0240377
0 0.21893 0.641621 0.0381633 0.0372772
0 0.338207 0.850869 0.024034 0.0240723
0 0.400129 0.904335 0.0479107 0.048191
0 0.0220667 0.388197 0.0236959 0.0231472
0 0.0773278 0.891865 0.024669 0.0242149
0 0.394728 0.0724735 0.0284017 0.0267831
0 0.158302 0.529933 0.0232392 0.0228267
0 0.182729 0.071185 0.0533564 0.0516719
0 0.127421 0.151535 0.0240982 0.0236319
0 0.691185 0.102464 0.259446 0.204225
0 0.378655 0.638213 0.0474325 0.0472029
0 0.305478 0.422385 0.0243632 0.0244012
0 0.580624 0.8875 0.0698602 0.0689424
0 0.632694 0.06142 0.0237794 0.0232161
0 0.733181 0.770971 0.0791416 0.0759654
0 0.577163 0.450254 0.0249236 0.0242814
0 0.229585 0.457555 0.0239232 0.0239806
0 0.306057 0.761166 0.022881 0.0224519
0 0.167246 0.661416 0.0339755 0.0334837
0 0.355917 0.748859 0.0560759 0.0563166
0 0.879214 0.150449 0.0726345 0.0694058
0 0.77302 0.950636 0.0799337 0.0780749
0 0.0334492 0.629838 0.0318931 0.0312221
0 0.771498 0.494023 0.0233233 0.0230447
0 0.365313 0.865285 0.0424979 0.0428743
0 0.323024 0.156878 0.0243021 0.0237831
0 0.108092 0.11944 0.0546979 0.0526217
0 0.492771 0.240946 0.0238835 0.0229435
0 0.73177 0.319545 0.0358511 0.0342827
