0 0.93799 0.0421605 0.0548213 0.0536885
0 0.141006 0.86314 0.0489314 0.0467323
0 0.494713 0.495278 0.0462896 0.0445158
0 0.60245 0.523821 0.0371592 0.0360355
0 0.0451773 0.127077 0.0332833 0.0322181
0 0.539179 0.599465 0.0329289 0.0320747
0 0.603799 0.688428 0.031298 0.030136
0 0.0787549 0.700198 0.0410998 0.0400756
0 0.442924 0.105115 0.033234 0.0324736
0 0.0262304 0.170402 0.0318248 0.0303093
0 0.109186 0.492604 0.0302797 0.0291961
0 0.852603 0.169507 0.0270648 0.0261131
0 0.0996776 0.608028 0.0366304 0.0354967
0 0.302086 0.690468 0.0338878 0.0332911
0 0.524709 0.187984 0.0283632 0.027584
0 0.298544 0.346142 0.0291855 0.0287936
0 0.158875 0.457488 0.0266319 0.0259231
0 0.289922 0.939265 0.0282905 0.0273154
0 0.125038 0.196022 0.0256543 0.0253234
0 0.529915 0.959153 0.0459385 0.0453371
0 0.970373 0.238008 0.0285506 0.0275608
0 0.0416714 0.51964 0.0283857 0.027456
0 0.325585 0.71647 0.0267663 0.0262418
0 0.586611 0.108199 0.0251147 0.0241295
0 0.7615 0.356321 0.0327651 0.0318582
0 0.588438 0.060537 0.0262461 0.0251137
0 0.990993 0.231724 0.0180132 0.0312376
0 0.217781 0.648878 0.0274467 0.0260215
0 0.646357 0.332443 0.026253 0.0252314
0 0.582703 0.215268 0.0294013 0.0280467
0 0.527671 0.776389 0.0249596 0.0242432
0 0.257901 0.0192937 0.0249711 0.0248262
0 0.620168 0.12387 0.0244051 0.0236922
0 0.138736 0.361891 0.0238884 0.0232763
0 0.228664 0.221326 0.0259341 0.0252717
0 0.114722 0.274752 0.0239419 0.0231658
0 0.0216335 0.277545 0.0233827 0.022539
0 0.213103 0.763403 0.0260408 0.0256181
0 0.803495 0.871571 0.0679555 0.0624699
0 0.0648335 0.205758 0.0238043 0.0231228
0 0.119322 0.764705 0.0249983 0.0243514
0 0.402503 0.943358 0.0327425 0.0313128
0 0.348139 0.369829 0.0270884 0.0259815
0 0.00641352 0.154229 0.012827 0.0256558
0 0.284604 0.916721 0.0250253 0.024082
0 0.475223 0.047015 0.0333242 0.0324016
0 0.224147 0.913236 0.0260137 0.0250203
0 0.33619 0.218234 0.0231657 0.0227321
0 0.500639 0.967251 0.0533791 0.0528817
0 0.818324 0.0208606 0.0307924 0.0298628
0 0.434238 0.806165 0.0234228 0.0228124
0 0.983423 0.201144 0.0262899 0.025772
0 0.399735 0.359795 0.0270885 0.0267128
0 0.628004 0.276301 0.0237633 0.0230372
0 0.44878 0.658593 0.0240787 0.0237365
0 0.178759 0.644044 0.0287663 0.0282359
0 0.419388 0.637414 0.0235165 0.0229154
0 0.981175 0.106264 0.0232282 0.0221242
0 0.246109 0.854322 0.0240734 0.023368
0 0.241151 0.731796 0.0374002 0.0363058
0 0.0984531 0.0230256 0.0342829 0.0335383
0 0.282918 0.551431 0.0268754 0.0257065
0 0.358515 0.672421 0.0254126 0.0247229
0 0.321036 0.33595 0.0287229 0.0276379
0 0.871274 0.154676 0.0230027 0.0219569
0 0.711354 0.434109 0.0224277 0.0219334
0 0.128339 0.539345 0.0230015 0.0223949
0 0.674251 0.341354 0.023208 0.0223201
0 0.0162132 0.338337 0.0225849 0.0220318
0 0.678662 0.199215 0.0226305 0.0217156
0 0.266156 0.181423 0.023169 0.0226868
0 0.272482 0.841351 0.0232756 0.0227695
0 0.366064 0.172332 0.0249831 0.0243604
0 0.788425 0.892831 0.0274081 0.0267846
0 0.428944 0.582551 0.0267612 0.0260423
0 0.403139 0.924483 0.0250618 0.0250225
0 0.242352 0.892551 0.0242555 0.0237901
0 0.0267038 0.0933205 0.037227 0.0360044
0 0.0828195 0.339893 0.022231 0.0210962
0 0.849301 0.207725 0.0218761 0.0213195
0 0.474528 0.00998254 0.0223663 0.0199651
0 0.158056 0.511381 0.0224222 0.0221675
0 0.753747 0.104484 0.0237966 0.0230751
0 0.417992 0.593755 0.0239457 0.0239473
0 0.23598 0.280662 0.022331 0.0219922
0 0.766398 0.891116 0.0225474 0.0211189
0 0.136914 0.218196 0.0232112 0.0224195
0 0.336977 0.0525209 0.0230066 0.0224286
0 0.0470666 0.675118 0.0420223 0.0399265
0 0.0526102 0.401681 0.0215226 0.0210166
