0 0.29637 0.475361 0.0477123 0.0479971
0 0.413656 0.317328 0.0409647 0.0401362
0 0.335311 0.453566 0.0357963 0.0351799
0 0.0187599 0.60243 0.0375199 0.046849
0 0.278216 0.225273 0.0303316 0.030159
0 0.169067 0.136863 0.0465169 0.0456817
0 0.951075 0.722892 0.0305204 0.0299065
0 0.14309 0.0294689 0.0313853 0.03087
0 0.127428 0.532235 0.0434774 0.042392
0 0.713356 0.8076 0.0315898 0.0316488
0 0.418874 0.221803 0.0452849 0.0446929
0 0.127658 0.204127 0.0519513 0.0502903
0 0.177844 0.564833 0.033149 0.0326833
0 0.228982 0.568166 0.0441499 0.0438399
0 0.571964 0.0995246 0.0356854 0.0347154
0 0.479113 0.841464 0.0375198 0.0364361
0 0.0938799 0.872741 0.0325977 0.0311067
0 0.280164 0.95598 0.0508115 0.0498047
0 0.940473 0.991129 0.0330841 0.0177423
0 0.798178 0.890458 0.0255098 0.0254416
0 0.513737 0.925181 0.0593074 0.0591674
0 0.296684 0.887385 0.34422 0.225231
0 0.967767 0.78037 0.0323753 0.0319658
0 0.947929 0.810231 0.0546274 0.0538803
0 0.0680215 0.847884 0.0278456 0.0273204
0 0.33097 0.0438052 0.036443 0.0358159
0 0.965985 0.0668711 0.0677082 0.0657989
0 0.421537 0.152436 0.0431742 0.0417999
0 0.160236 0.696724 0.144502 0.132405
0 0.657398 0.903071 0.0254362 0.0249815
0 0.619191 0.884366 0.0282946 0.0278581
0 0.70035 0.229084 0.0246868 0.025038
0 0.542782 0.768749 0.230232 0.23678
0 0.190175 0.17731 0.0320185 0.0309359
0 0.222321 0.697044 0.0253767 0.0240772
0 0.0727976 0.729956 0.034788 0.0335984
0 0.445633 0.128694 0.0253436 0.0248567
0 0.0583505 0.754221 0.0242903 0.0238971
0 0.0946203 0.162081 0.0352833 0.0337695
0 0.983186 0.755063 0.0336287 0.0463839
0 0.27309 0.310095 0.0244989 0.0240684
0 0.0620141 0.396139 0.122944 0.278185
0 0.81334 0.322774 0.0316568 0.0310583
0 0.775568 0.429464 0.445312 0.554416
0 0.535625 0.84825 0.029661 0.0293149
0 0.416986 0.738201 0.0358629 0.0349817
0 0.0847081 0.967424 0.0451754 0.0444923
0 0.299821 0.0629117 0.0240912 0.0240479
0 0.95368 0.560266 0.0240605 0.0238416
0 0.559678 0.730569 0.0250162 0.0244657
0 0.267733 0.00892594 0.0310113 0.0178383
0 0.188337 0.772864 0.0248278 0.024924
0 0.361405 0.0413666 0.0275233 0.0266782
0 0.406632 0.190056 0.0287541 0.0283532
0 0.900993 0.832319 0.0264661 0.0258842
0 0.410498 0.38683 0.0230987 0.0232866
0 0.241833 0.719325 0.0248728 0.0244706
0 0.513505 0.913505 0.0308571 0.0315289
0 0.113013 0.0170304 0.0238544 0.0236326
0 0.524295 0.379362 0.0242455 0.0235156
0 0.995175 0.152465 0.0096508 0.031776
0 0.521517 0.955918 0.197433 0.0881642
0 0.211334 0.783702 0.0260553 0.0252918
0 0.317542 0.781204 0.0388802 0.038782
0 0.571266 0.0481677 0.374683 0.0963355
0 0.608578 0.775973 0.0310431 0.0300479
0 0.290198 0.142775 0.0301257 0.029363
0 0.486024 0.658428 0.0230267 0.0228071
0 0.965455 0.8231 0.0277762 0.0270758
0 0.95592 0.158102 0.077683 0.0774632
0 0.330375 0.371174 0.0254556 0.0251709
0 0.364947 0.0147219 0.0221965 0.0215985
0 0.931668 0.483801 0.0244173 0.0236409
