0 0.375786 0.608115 0.0955595 0.0936684
0 0.657468 0.884273 0.15422 0.148639
0 0.980418 0.114502 0.0390841 0.0491577
0 0.969475 0.900364 0.0609725 0.0713989
0 0.658662 0.287043 0.185886 0.183373
0 0.192144 0.0472731 0.0510289 0.050491
0 0.587607 0.645238 0.0448942 0.043346
0 0.710335 0.598322 0.0459764 0.046313
0 0.113956 0.0501366 0.0326815 0.0321621
0 0.877949 0.30467 0.0297284 0.0294975
0 0.781038 0.909283 0.0350873 0.0341546
0 0.65279 0.641582 0.0472318 0.0461057
0 0.101551 0.887672 0.032215 0.0315847
0 0.373594 0.251615 0.0295543 0.0281985
0 0.234233 0.896359 0.0250618 0.0246778
0 0.781396 0.875021 0.0282221 0.0273731
0 0.212318 0.217879 0.0259532 0.0256664
0 0.623665 0.101649 0.0339313 0.0330322
0 0.123623 0.795602 0.026099 0.0251812
0 0.615229 0.142194 0.0397613 0.0384235
0 0.988313 0.803168 0.0233125 0.0274773
0 0.634224 0.76966 0.0676007 0.0660565
0 0.679814 0.462671 0.0283585 0.0276761
0 0.119193 0.969586 0.0234628 0.0232878
0 0.750186 0.613989 0.0474393 0.0469435
0 0.716825 0.236932 0.0224254 0.0219539
0 0.735646 0.651069 0.0290995 0.029197
0 0.934941 0.616675 0.0239792 0.0235222
0 0.249665 0.0090739 0.0252889 0.0180732
0 0.679796 0.8732 0.023845 0.023784
0 0.891607 0.359837 0.0271029 0.0268418
0 0.75868 0.68997 0.0590048 0.0580766
0 0.564188 0.0033368 0.028197 0.00666346
0 0.19294 0.0101118 0.0222367 0.0202236
0 0.643871 0.176704 0.0335514 0.0329067
0 0.731762 0.0992962 0.0222038 0.0219583
0 0.145502 0.592293 0.047665 0.0468986
0 0.844072 0.621909 0.0575221 0.0569322
