0 0.385447 0.445884 0.0999036 0.0739143
0 0.253586 0.232262 0.0559381 0.0429261
0 0.160512 0.553194 0.0468042 0.0367046
0 0.277171 0.536472 0.0385514 0.0296825
0 0.177643 0.927573 0.036284 0.0283387
0 0.556922 0.011782 0.0394788 0.0235489
0 0.343522 0.0771666 0.0386983 0.030172
0 0.157518 0.621127 0.0447838 0.034365
0 0.112865 0.515229 0.0319173 0.0248882
0 0.501765 0.931898 0.03088 0.0242132
0 0.401312 0.798456 0.0342847 0.0278205
0 0.411722 0.570357 0.0324153 0.0247906
0 0.593541 0.682051 0.0302401 0.0232174
0 0.247 0.826326 0.0324224 0.0252779
0 0.141278 0.210373 0.029616 0.0237803
0 0.761566 0.713704 0.0343922 0.0262876
0 0.567229 0.83503 0.0379238 0.0295767
0 0.961218 0.0843284 0.030746 0.0247377
0 0.600456 0.281955 0.0353828 0.0271901
0 0.959083 0.513798 0.0343083 0.0271552
0 0.112255 0.054901 0.059289 0.0462454
0 0.164159 0.53301 0.0273957 0.0217099
0 0.0723142 0.835482 0.0309503 0.025523
0 0.335625 0.39599 0.0336694 0.0263864
0 0.892908 0.544569 0.045073 0.0353236
0 0.922413 0.932437 0.155175 0.135127
0 0.582784 0.951136 0.213258 0.0977274
0 0.35904 0.214524 0.192286 0.141613
0 0.0565973 0.107118 0.113195 0.121019
0 0.963582 0.100281 0.0437179 0.0333959
0 0.737864 0.634977 0.524272 0.559791
0 0.529709 0.836438 0.0288805 0.0234689
0 0.0426544 0.446697 0.084746 0.245993
