0 0.0996574 0.691002 0.199287 0.304468
0 0.27075 0.439134 0.107819 0.104682
0 0.939231 0.231357 0.121538 0.191573
0 0.244927 0.180222 0.0492099 0.0471258
0 0.280692 0.534147 0.0679141 0.0671116
0 0.675209 0.23882 0.0981333 0.0955444
0 0.451593 0.321978 0.0698539 0.0685283
0 0.147185 0.533769 0.032846 0.0323392
0 0.445558 0.284242 0.0317441 0.0311769
0 0.01102 0.505633 0.02204 0.0297569
0 0.391034 0.934924 0.0369842 0.0356126
0 0.02225 0.898575 0.0444161 0.0734494
0 0.868263 0.56933 0.263474 0.489744
0 0.155019 0.0131216 0.0376769 0.0262431
0 0.726065 0.954808 0.068437 0.0669655
0 0.250272 0.371307 0.0307669 0.0298723
0 0.198723 0.53882 0.0462662 0.0443447
0 0.243401 0.233736 0.0365091 0.0350728
0 0.751719 0.45929 0.0596004 0.0597168
0 0.0459636 0.325496 0.0298575 0.0283458
0 0.537431 0.299706 0.0251395 0.0253502
0 0.918964 0.131819 0.0321495 0.0309269
0 0.029226 0.817076 0.0582832 0.0697241
0 0.874651 0.250574 0.0508068 0.0497334
0 0.218093 0.0225253 0.0256715 0.024964
0 0.210504 0.821353 0.060887 0.0579591
0 0.307952 0.90056 0.025116 0.0245552
0 0.552376 0.334633 0.0240915 0.0239136
0 0.319902 0.603474 0.0594644 0.0583425
0 0.556688 0.684812 0.0513755 0.0505208
0 0.728168 0.566244 0.028327 0.0283291
0 0.0636497 0.961462 0.0774072 0.0723351
0 0.818241 0.335902 0.251358 0.241673
0 0.223634 0.615584 0.155187 0.149264
0 0.505817 0.122154 0.485286 0.244164
0 0.610603 0.423225 0.0397977 0.0388695
0 0.585161 0.900707 0.0260258 0.0248141
0 0.673022 0.737567 0.0385308 0.0372338
0 0.355614 0.29588 0.0338364 0.0327342
0 0.981386 0.249548 0.0308337 0.0298758
0 0.667325 0.365006 0.026768 0.0262923
0 0.546914 0.884162 0.0241666 0.0231812
0 0.952941 0.0831306 0.0241293 0.0231359
0 0.218105 0.858393 0.0978103 0.0963547
0 0.505465 0.636186 0.0229075 0.0226915
0 0.599328 0.158085 0.022912 0.0228074
0 0.267493 0.028808 0.0313219 0.0304475
0 0.458647 0.488252 0.0834189 0.0818559
0 0.0549531 0.267631 0.024413 0.0233114
0 0.606207 0.361289 0.037538 0.0358576
0 0.404469 0.985296 0.0552367 0.0294076
0 0.733182 0.544366 0.0239632 0.0229554
0 0.104028 0.850113 0.0251052 0.0249374
0 0.327985 0.309484 0.0406832 0.0402232
0 0.0834638 0.404398 0.0362453 0.0346845
0 0.476117 0.570519 0.0770425 0.0756987
0 0.0478668 0.139703 0.0956693 0.215026
0 0.712646 0.370576 0.0248706 0.0237344
0 0.362646 0.566521 0.0496044 0.0488534
0 0.483129 0.130643 0.0248152 0.0239454
0 0.753834 0.792755 0.0502841 0.0489924
0 0.416749 0.959027 0.0284422 0.0274192
