0 0.866266 0.753132 0.133006 0.111329
0 0.341595 0.197997 0.169953 0.150201
0 0.0495695 0.228669 0.0991391 0.0882783
0 0.809662 0.393734 0.0757369 0.0655689
0 0.230707 0.0980969 0.265936 0.196194
0 0.887472 0.871693 0.0945705 0.0814226
0 0.346296 0.823061 0.0462552 0.0406664
0 0.65415 0.639945 0.222227 0.189139
0 0.837258 0.550395 0.0965793 0.0859824
0 0.938134 0.44678 0.0462925 0.0396305
0 0.0830671 0.301358 0.16413 0.142531
0 0.528609 0.36471 0.100009 0.0846093
0 0.447594 0.17908 0.0563219 0.0494843
0 0.403248 0.434123 0.0809913 0.0671309
0 0.222125 0.60579 0.133517 0.113046
0 0.127072 0.790273 0.252807 0.39569
0 0.966627 0.253894 0.0666687 0.0690539
0 0.0422027 0.437265 0.0844053 0.0813194
0 0.80817 0.453311 0.0410502 0.0366658
0 0.450665 0.480006 0.0871042 0.0723883
0 0.69825 0.388712 0.0770769 0.0679324
0 0.762201 0.944948 0.030936 0.0266685
0 0.0592157 0.975121 0.0618402 0.0497583
0 0.740919 0.836401 0.0359461 0.0299606
0 0.825742 0.576604 0.0299165 0.0270788
0 0.242572 0.401143 0.107931 0.0891917
0 0.708513 0.170156 0.0355613 0.0312568
0 0.213201 0.716247 0.0347257 0.0290983
0 0.314715 0.442762 0.0747352 0.0636364
0 0.423063 0.287456 0.0366216 0.0314002
0 0.615744 0.561138 0.144344 0.123713
0 0.0855416 0.842012 0.0254484 0.0228488
0 0.348034 0.54077 0.199937 0.169513
0 0.786988 0.35107 0.0355227 0.0306826
0 0.852803 0.838444 0.0261693 0.0228232
0 0.236659 0.451884 0.058455 0.047974
0 0.516903 0.59362 0.156081 0.137206
0 0.0689732 0.631716 0.0430791 0.035383
0 0.898725 0.355521 0.0895164 0.0763123
0 0.569234 0.472585 0.0735884 0.0650448
0 0.369879 0.391096 0.0496117 0.0398633
0 0.604393 0.475032 0.12142 0.108528
0 0.635913 0.884452 0.296155 0.228717
0 0.889164 0.575122 0.026506 0.0238544
0 0.942587 0.329561 0.0266113 0.0235807
0 0.58581 0.976201 0.0335155 0.0271254
0 0.962911 0.882038 0.0459191 0.040064
0 0.479653 0.315263 0.0366081 0.0310201
0 0.078339 0.0296034 0.156678 0.0590967
0 0.575539 0.773243 0.104601 0.0920693
0 0.440633 0.800282 0.0546106 0.049472
0 0.320261 0.286823 0.0293013 0.0261069
0 0.867651 0.229561 0.119638 0.101159
0 0.888521 0.813617 0.025687 0.0215185
0 0.70717 0.181883 0.503896 0.36165
0 0.0374997 0.073053 0.0576628 0.0467134
0 0.952092 0.647779 0.0523128 0.044095
0 0.684735 0.778638 0.0958843 0.0834515
0 0.386455 0.288577 0.0389776 0.0333154
0 0.152322 0.39795 0.0638088 0.0544718
0 0.809464 0.772128 0.06685 0.0552959
0 0.969058 0.473484 0.0328485 0.0284201
0 0.392094 0.987446 0.041048 0.0250776
0 0.941391 0.0353708 0.0703564 0.0594009
0 0.472986 0.825101 0.0254595 0.0228586
0 0.86426 0.124048 0.0262649 0.0225794
0 0.991412 0.114978 0.0171175 0.0824727
0 0.237986 0.956242 0.23243 0.0874359
0 0.9368 0.168729 0.049784 0.0411446
0 0.399128 0.934302 0.150074 0.128646
0 0.560412 0.936284 0.0354762 0.0319847
0 0.418857 0.531908 0.0553995 0.0456331
0 0.350334 0.711031 0.0410774 0.0347862
0 0.624311 0.474081 0.0869762 0.0775567
