0 0.504199 0.5329 0.0352616 0.0334573
0 0.762858 0.163363 0.0364349 0.0345088
0 0.371165 0.491529 0.0293656 0.0284508
0 0.454127 0.590951 0.0257115 0.0243236
0 0.146412 0.855771 0.0295539 0.0275435
0 0.0180394 0.0513359 0.0342321 0.0323395
0 0.943346 0.860202 0.0261314 0.0249582
0 0.484367 0.63524 0.024762 0.0234777
0 0.39036 0.602805 0.0249681 0.0237222
0 0.212227 0.651256 0.0241803 0.0232563
0 0.225906 0.792787 0.0241763 0.023249
0 0.53848 0.694812 0.0239553 0.0229077
0 0.0181766 0.0111197 0.0334907 0.0221738
0 0.9572 0.9462 0.0234575 0.0220318
0 0.271002 0.675177 0.0232494 0.0222739
0 0.304938 0.94277 0.0238955 0.0226543
0 0.372445 0.401522 0.0231989 0.0220414
