0 0.443851 0.0493213 0.0531747 0.0493793
0 0.4429 0.237092 0.0466827 0.0431618
0 0.898616 0.100639 0.0480655 0.0459466
0 0.0602847 0.5321 0.0317261 0.0304573
0 0.324677 0.799309 0.0619455 0.0578064
0 0.851251 0.713696 0.0333057 0.0313684
0 0.852398 0.877036 0.0717246 0.0668221
0 0.576527 0.149904 0.0271986 0.0254298
0 0.944501 0.933406 0.0404784 0.0365735
0 0.800717 0.717692 0.0287153 0.0261087
0 0.503983 0.847564 0.0326856 0.031517
0 0.992421 0.979164 0.0151583 0.0331532
0 0.508216 0.87672 0.0351182 0.0330274
0 0.801186 0.778326 0.0457915 0.0436522
0 0.750455 0.701782 0.0427545 0.0404999
0 0.703033 0.212317 0.0271572 0.0256186
0 0.755874 0.936137 0.0258383 0.0244479
0 0.949836 0.355541 0.0291233 0.0281366
0 0.0128434 0.337536 0.0256039 0.0259008
0 0.230591 0.150022 0.0458023 0.0441871
0 0.822001 0.306751 0.0257521 0.0251644
0 0.992998 0.654707 0.0140046 0.0248821
0 0.298772 0.849945 0.0545632 0.0542706
0 0.782469 0.931987 0.02523 0.024406
0 0.968878 0.54062 0.0307579 0.0288067
0 0.49706 0.158293 0.0259588 0.0240282
0 0.291198 0.0313418 0.0275031 0.0261884
0 0.975389 0.710624 0.0260555 0.0238454
0 0.925609 0.910904 0.0316048 0.0304775
0 0.180527 0.167873 0.0282292 0.0263535
0 0.297013 0.822025 0.0376729 0.0346996
0 0.892911 0.922441 0.0401252 0.0387903
0 0.930991 0.00826391 0.0246215 0.0165278
0 0.829746 0.821395 0.0263305 0.0248659
0 0.822503 0.661965 0.0252595 0.0234632
0 0.610552 0.238734 0.0256236 0.0236482
0 0.521379 0.208056 0.052305 0.0470765
0 0.81669 0.32534 0.023005 0.0227074
0 0.806815 0.460113 0.0241703 0.0232465
0 0.87967 0.706012 0.0251403 0.0236168
0 0.976125 0.764691 0.0248184 0.0231736
0 0.638447 0.200065 0.0241954 0.0227839
0 0.766261 0.0792435 0.0482065 0.0445773
0 0.114034 0.503459 0.0226423 0.0219783
0 0.957649 0.518068 0.0255913 0.0249062
0 0.75881 0.0578342 0.044189 0.0414998
0 0.796365 0.0958838 0.0302994 0.0290394
0 0.529157 0.904102 0.0452657 0.0440769
0 0.510541 0.186696 0.0519866 0.0476624
0 0.54989 0.916201 0.0308465 0.0292721
0 0.35768 0.758898 0.0255973 0.023556
0 0.819303 0.984537 0.023832 0.0224214
0 0.374049 0.792104 0.0428388 0.0392613
0 0.171399 0.00452104 0.0257078 0.00901988
0 0.884818 0.77354 0.0247507 0.023173
0 0.516997 0.199368 0.0617121 0.0598778
0 0.395302 0.599293 0.0232078 0.0220971
0 0.366387 0.784014 0.0313172 0.0279311
0 0.899808 0.444444 0.0237286 0.0231871
0 0.431269 0.442386 0.0222713 0.021622
0 0.775394 0.763348 0.0293417 0.027015
0 0.935723 0.762902 0.0253452 0.0235642
