0 0.421296 0.821092 0.290026 0.269188
0 0.798996 0.942668 0.119551 0.108644
0 0.239048 0.358909 0.0942876 0.0836243
0 0.731331 0.49668 0.241251 0.224404
0 0.122128 0.260556 0.0495507 0.0456159
0 0.833843 0.840891 0.0324855 0.029104
0 0.449446 0.360768 0.0498118 0.0436021
0 0.613865 0.771253 0.0310867 0.0275052
0 0.533898 0.622904 0.122915 0.111662
0 0.313747 0.303146 0.0920249 0.084377
0 0.328308 0.42036 0.0271038 0.0243641
0 0.0684067 0.311776 0.0265538 0.0245758
0 0.928561 0.17825 0.0309598 0.0285573
0 0.977018 0.0569476 0.0459634 0.0515371
0 0.546486 0.333809 0.0428107 0.03802
0 0.556801 0.75791 0.032424 0.0288531
0 0.490718 0.557683 0.108748 0.0961826
0 0.580778 0.783136 0.0347307 0.0310827
0 0.4062 0.596613 0.0366404 0.0332623
0 0.635279 0.183185 0.0362049 0.0327268
0 0.747033 0.0962911 0.0339816 0.0316957
0 0.656986 0.273581 0.031005 0.0278569
0 0.421457 0.976065 0.0700978 0.047597
0 0.0139241 0.0769018 0.0278245 0.0285088
0 0.277975 0.159459 0.125627 0.115062
0 0.857182 0.0455881 0.0307443 0.0286103
0 0.267411 0.0897231 0.0313131 0.0292105
0 0.536131 0.968464 0.181523 0.062917
0 0.496196 0.345891 0.0307712 0.026781
0 0.456516 0.953906 0.0315505 0.0294818
0 0.490275 0.920697 0.0277403 0.0254288
0 0.0984394 0.799982 0.0423001 0.0359139
0 0.889067 0.40079 0.0288623 0.0268107
0 0.965818 0.717671 0.0257422 0.024024
0 0.607049 0.590932 0.0502609 0.0444107
0 0.906718 0.173762 0.0295361 0.0266655
0 0.443643 0.504314 0.0263787 0.0235726
0 0.560874 0.382992 0.0412608 0.0358587
0 0.109602 0.974286 0.0248284 0.0227197
0 0.176624 0.987956 0.0399601 0.0240453
0 0.188465 0.27064 0.0721299 0.0654131
0 0.995608 0.598439 0.00878353 0.0389408
0 0.713903 0.121033 0.0775062 0.0720281
0 0.142538 0.053618 0.024936 0.0235521
0 0.877915 0.0784047 0.026325 0.0245169
0 0.982856 0.391181 0.0341227 0.0848751
0 0.123733 0.300946 0.0243234 0.0227911
0 0.521727 0.229225 0.0262555 0.0243006
0 0.784829 0.692521 0.0283615 0.0253786
0 0.64016 0.364446 0.0334746 0.0297012
0 0.990559 0.505755 0.0188823 0.0244283
0 0.390471 0.140302 0.0617281 0.0571544
0 0.631495 0.115593 0.0240419 0.0231006
0 0.264349 0.435826 0.0250676 0.0230473
0 0.293402 0.0631927 0.468536 0.126385
0 0.0372681 0.317228 0.0242957 0.0224948
0 0.695322 0.134486 0.0236514 0.0223707
