0 0.945387 0.173086 0.100989 0.0840029
0 0.368064 0.776377 0.0572828 0.0525831
0 0.410883 0.674276 0.0592889 0.0557044
0 0.589298 0.704033 0.0424045 0.0386195
0 0.190872 0.990023 0.043957 0.0199538
0 0.771103 0.645039 0.0308286 0.0284105
0 0.634472 0.628182 0.0342533 0.0314984
0 0.724561 0.848159 0.0255212 0.0242146
0 0.764793 0.0681946 0.402274 0.136389
0 0.026418 0.070197 0.0288882 0.0266283
0 0.552242 0.24524 0.0496517 0.0443826
0 0.671446 0.59683 0.0252192 0.0237823
0 0.876011 0.623234 0.247957 0.47508
0 0.658978 0.623938 0.0390291 0.035532
0 0.203876 0.490962 0.0249354 0.0235665
0 0.63487 0.489663 0.0259458 0.0235944
0 0.562544 0.322953 0.0466785 0.0413908
0 0.77791 0.242946 0.444181 0.372739
0 0.0102685 0.186809 0.0204904 0.0256731
0 0.0891614 0.977199 0.0433038 0.0412944
0 0.0340003 0.189785 0.0268161 0.0245423
0 0.59824 0.754208 0.0253402 0.0237498
0 0.590261 0.597869 0.0237787 0.0222793
0 0.237837 0.790959 0.0268335 0.0248721
0 0.50825 0.901925 0.0279846 0.0263496
0 0.124003 0.124751 0.0266498 0.0242733
0 0.0998062 0.53379 0.0633738 0.0581065
0 0.584211 0.77286 0.0249153 0.0236809
0 0.0356085 0.687971 0.0225947 0.0214818
0 0.992412 0.561761 0.0151756 0.0228385
0 0.585138 0.66847 0.0232482 0.021373
