0 0.140005 0.485455 0.069271 0.0637738
0 0.71991 0.149044 0.0762157 0.0722649
0 0.259804 0.825038 0.0872279 0.078026
0 0.611873 0.607405 0.0401032 0.0387404
0 0.508923 0.526134 0.0531769 0.0510241
0 0.819977 0.233927 0.0647051 0.0615332
0 0.811644 0.0379214 0.173807 0.0757993
0 0.982401 0.226086 0.0344663 0.0336627
0 0.703525 0.500737 0.039211 0.0372743
0 0.968718 0.866583 0.0419205 0.0392327
0 0.163765 0.391306 0.028388 0.026693
0 0.862199 0.873688 0.0320907 0.0288668
0 0.861219 0.354846 0.0643305 0.05876
0 0.612816 0.801509 0.0664122 0.0613659
0 0.796961 0.720243 0.0903986 0.0841659
0 0.90972 0.568492 0.0303601 0.0276947
0 0.700346 0.201354 0.0308724 0.0296741
0 0.228716 0.0955112 0.0446407 0.0425681
0 0.466589 0.0966569 0.0523963 0.0483813
0 0.144205 0.829852 0.0360403 0.0328035
0 0.495091 0.812653 0.0260262 0.0253737
0 0.796464 0.190331 0.0316334 0.0306219
0 0.444349 0.607696 0.028544 0.0270418
0 0.0417427 0.0411692 0.0307417 0.0289203
0 0.679839 0.98625 0.0286366 0.0255401
0 0.904925 0.458021 0.0253637 0.0236804
0 0.50877 0.969414 0.025166 0.0240878
0 0.266915 0.369066 0.53383 0.574508
0 0.655115 0.0668664 0.0304681 0.0288826
0 0.79432 0.422667 0.0958578 0.088825
0 0.00889753 0.772188 0.0177951 0.0499954
0 0.028888 0.869905 0.0249389 0.0236559
0 0.717023 0.747614 0.0260351 0.0242739
0 0.817796 0.113747 0.101701 0.0974838
0 0.995218 0.126823 0.00956497 0.0433098
0 0.92574 0.144109 0.0348354 0.0332018
0 0.886425 0.200124 0.115072 0.110443
0 0.222436 0.0406798 0.0315259 0.0300242
0 0.989075 0.00398282 0.0218508 0.00792231
0 0.74098 0.462425 0.0240238 0.023005
0 0.62297 0.214499 0.0334198 0.032799
0 0.875515 0.501256 0.0260299 0.0237956
0 0.701925 0.365531 0.0535253 0.0506555
0 0.99494 0.387283 0.0101205 0.0246098
0 0.322402 0.949469 0.0269912 0.02529
0 0.115049 0.873351 0.229884 0.231488
0 0.572694 0.181977 0.0696855 0.0659428
0 0.272127 0.489644 0.544254 0.583055
0 0.360086 0.888094 0.0567692 0.0526727
