0 0.390575 0.0401895 0.0735218 0.0701249
0 0.0135286 0.191825 0.0270572 0.0302199
0 0.0356393 0.558482 0.0352243 0.0334466
0 0.040908 0.17447 0.0359023 0.0344543
0 0.379568 0.464408 0.0283118 0.0266969
0 0.668222 0.500703 0.0267803 0.0257466
0 0.0497322 0.938086 0.0253561 0.0249772
0 0.0941239 0.506157 0.0252445 0.024248
0 0.819529 0.444712 0.023495 0.0223371
0 0.747807 0.0729659 0.0236542 0.0228343
0 0.681084 0.857901 0.0232608 0.022591
0 0.931236 0.482874 0.0239201 0.0226106
0 0.306367 0.725447 0.0231571 0.0226107
0 0.630623 0.602129 0.0236543 0.0226656
