0 0.119828 0.256355 0.0642152 0.0617158
0 0.54533 0.0840691 0.0355432 0.0333655
0 0.0333349 0.0306586 0.0286852 0.0279035
0 0.166772 0.266595 0.0471049 0.0457512
0 0.925696 0.652512 0.0290722 0.0284162
0 0.171633 0.522982 0.0409161 0.0388522
0 0.401901 0.212156 0.0244613 0.0235625
0 0.875897 0.931652 0.0249064 0.023794
0 0.158037 0.508078 0.0319605 0.0302598
0 0.0517348 0.264705 0.0297903 0.0291525
0 0.413312 0.44833 0.0233952 0.0228123
0 0.749943 0.58429 0.0244908 0.0237214
0 0.190205 0.0581022 0.0240617 0.0234136
0 0.133101 0.52091 0.0267621 0.0251453
0 0.821781 0.00608522 0.0270782 0.012165
0 0.442822 0.536998 0.0227715 0.0219805
0 0.851504 0.134386 0.0235593 0.0226249
0 0.960128 0.36849 0.0230012 0.0223958
0 0.142013 0.496552 0.0317822 0.0294927
