0 0.072804 0.349949 0.0483867 0.0460701
0 0.80902 0.710204 0.035583 0.0340974
0 0.779538 0.601141 0.0354709 0.0339575
0 0.420951 0.73695 0.036356 0.0345197
0 0.816829 0.808308 0.0343162 0.033129
0 0.601896 0.640442 0.0255859 0.0245175
0 0.124363 0.180464 0.0244784 0.0237265
0 0.315761 0.27762 0.0247012 0.0238174
0 0.63607 0.883743 0.0241399 0.0232416
0 0.72838 0.636191 0.0232389 0.0221453
0 0.174969 0.66656 0.0235494 0.0218451
0 0.244397 0.714832 0.0233176 0.0226175
0 0.596787 0.827707 0.0234873 0.0223765
0 0.897821 0.402495 0.0229292 0.0219655
0 0.495924 0.488675 0.0231655 0.0225572
0 0.399003 0.992859 0.0229286 0.0142823
