0 0.0925436 0.666651 0.0855266 0.0820561
0 0.425859 0.0530006 0.0993096 0.0969928
0 0.277004 0.576189 0.0612836 0.058453
0 0.809784 0.146634 0.083003 0.0796532
0 0.663011 0.943441 0.167393 0.113117
0 0.769238 0.0176668 0.0378573 0.0353228
0 0.349294 0.672757 0.0338767 0.0329908
0 0.7226 0.567013 0.0965996 0.0913262
0 0.822773 0.350222 0.0591045 0.0571763
0 0.489655 0.951638 0.108047 0.0967238
0 0.65562 0.306599 0.0460947 0.0448844
0 0.206304 0.655203 0.0425565 0.0422943
0 0.295152 0.707579 0.0442963 0.0416209
0 0.859625 0.574403 0.107464 0.101307
0 0.709188 0.468631 0.046396 0.0451616
0 0.400905 0.859342 0.0574876 0.0549094
0 0.267637 0.469516 0.0294347 0.0290113
0 0.798293 0.711174 0.113992 0.106245
0 0.225528 0.706708 0.0517642 0.050092
0 0.658769 0.986559 0.0505087 0.026653
0 0.923828 0.366601 0.045754 0.0430315
0 0.29656 0.776272 0.0386459 0.036412
0 0.574054 0.803367 0.02995 0.0283852
0 0.946999 0.117508 0.0351422 0.0333488
0 0.0558715 0.483697 0.0256288 0.0253464
0 0.916388 0.833577 0.0413547 0.0395973
0 0.11512 0.515649 0.0311046 0.0301993
0 0.75146 0.292025 0.0497494 0.0481148
0 0.942415 0.715833 0.031498 0.0294797
0 0.66078 0.0146493 0.0807123 0.0292182
0 0.909086 0.247886 0.0277991 0.0268342
0 0.214465 0.475521 0.0315211 0.031127
0 0.914517 0.46902 0.170729 0.26034
0 0.295806 0.808275 0.0348166 0.0332167
0 0.473342 0.215673 0.57885 0.431345
0 0.975731 0.513972 0.02817 0.0265081
0 0.811512 0.284483 0.0344514 0.0330448
0 0.0826627 0.372987 0.024409 0.0241753
0 0.24001 0.801495 0.0296934 0.0281875
0 0.421212 0.614738 0.0284716 0.0275264
0 0.626126 0.874504 0.0317261 0.0294175
0 0.268629 0.985788 0.0387563 0.0281024
0 0.729872 0.416734 0.0546975 0.0526253
0 0.753663 0.2558 0.0396731 0.0377507
0 0.96653 0.474264 0.0257388 0.0246593
0 0.389018 0.525854 0.0409207 0.0400969
0 0.422526 0.670792 0.0257645 0.0251384
0 0.821874 0.309731 0.0375781 0.036947
0 0.121879 0.111425 0.242616 0.22285
0 0.979931 0.211319 0.0258312 0.024826
0 0.477839 0.896122 0.0326508 0.0315437
0 0.540645 0.0237717 0.0295916 0.0284026
0 0.132693 0.495108 0.0253063 0.0245466
0 0.341638 0.899304 0.0247149 0.0240266
0 0.411902 0.496029 0.0455102 0.0450268
0 0.220813 0.671889 0.0275611 0.0266078
0 0.00830935 0.838546 0.0166187 0.0245762
0 0.957387 0.273512 0.0850807 0.161575
0 0.00774856 0.972724 0.0154971 0.0542404
0 0.461366 0.512825 0.0581689 0.0567898
0 0.787952 0.379935 0.0269691 0.0253792
0 0.376361 0.833652 0.0289299 0.0285413
0 0.464362 0.731618 0.0253056 0.0249698
0 0.294756 0.679665 0.0247048 0.0232881
0 0.9971 0.102222 0.00580101 0.0358699
0 0.601673 0.423548 0.0427966 0.0407366
0 0.969848 0.839228 0.0601202 0.241819
0 0.0395176 0.877531 0.0328169 0.0315153
0 0.514372 0.00490572 0.0355726 0.00977335
0 0.465348 0.871645 0.0283275 0.0275948
0 0.258736 0.620673 0.0300179 0.0278268
0 0.771279 0.353008 0.0274174 0.0266154
0 0.577196 0.139469 0.0226495 0.0220554
0 0.561237 0.00647368 0.0506995 0.0129474
0 0.351096 0.550287 0.0252681 0.0249966
0 0.435006 0.897322 0.0403365 0.0398977
0 0.680355 0.386828 0.0235793 0.0231359
0 0.693137 0.579074 0.0454839 0.043421
0 0.234164 0.533675 0.0256147 0.0250029
0 0.41735 0.851387 0.0275554 0.0268211
0 0.708351 0.647273 0.0877841 0.0826601
0 0.549627 0.337531 0.0696995 0.0660319
0 0.18216 0.479822 0.0300208 0.0291879
0 0.269609 0.835958 0.0251158 0.0243694
0 0.868044 0.537484 0.0246395 0.0238067
0 0.930555 0.963214 0.138891 0.073572
0 0.756311 0.37285 0.0233363 0.0229404
0 0.234639 0.549153 0.0293796 0.0278333
0 0.751703 0.908213 0.0262256 0.0258201
