0 0.718651 0.765624 0.463908 0.368797
0 0.615808 0.414915 0.0568857 0.0445009
0 0.195348 0.187269 0.181798 0.145135
0 0.835916 0.069419 0.328168 0.138838
0 0.861795 0.266821 0.0489389 0.0376593
0 0.718915 0.965226 0.0529728 0.0406628
0 0.182068 0.908291 0.273334 0.183419
0 0.0732925 0.432635 0.146585 0.219018
0 0.491651 0.180844 0.0380898 0.0297794
0 0.577435 0.981064 0.0490696 0.0360697
0 0.378923 0.846282 0.0973511 0.0754911
0 0.37316 0.199062 0.0460228 0.036587
0 0.659487 0.516503 0.0322487 0.0261698
0 0.178152 0.613495 0.0386035 0.0321325
0 0.163194 0.566071 0.143953 0.116795
0 0.554981 0.326238 0.0282555 0.0229427
0 0.735366 0.990571 0.0311568 0.0188458
0 0.667027 0.447552 0.0298759 0.023782
0 0.47872 0.869069 0.1081 0.0890152
0 0.610727 0.144335 0.0424972 0.0316857
0 0.704847 0.401224 0.0280638 0.022577
0 0.430477 0.940564 0.0725041 0.0562935
0 0.782168 0.0519196 0.0293641 0.0230893
0 0.522761 0.522686 0.0289176 0.0232508
0 0.967396 0.396356 0.0652081 0.113593
0 0.1063 0.285032 0.0309372 0.0258395
0 0.246928 0.0279809 0.0344828 0.0287152
0 0.380571 0.00745818 0.0410687 0.0148797
0 0.0500923 0.80953 0.0993291 0.377683
0 0.957385 0.862698 0.0845082 0.0733275
0 0.0143527 0.0405678 0.0287053 0.0395582
