0 0.852916 0.388523 0.293504 0.286063
0 0.705216 0.117384 0.142723 0.136073
0 0.855947 0.212784 0.287721 0.265748
0 0.0985573 0.236033 0.197115 0.215028
0 0.476631 0.580218 0.165001 0.155112
0 0.265398 0.559859 0.0607744 0.052834
0 0.575034 0.947352 0.0582278 0.0555664
0 0.46716 0.251808 0.130081 0.123249
0 0.768674 0.808591 0.0481646 0.0474365
0 0.698478 0.698648 0.0771047 0.0741189
0 0.666549 0.0379746 0.0415069 0.0405325
0 0.2923 0.678138 0.0533357 0.0473545
0 0.047229 0.404219 0.0260963 0.0249115
0 0.391089 0.796891 0.1036 0.0947118
0 0.625115 0.756795 0.0558212 0.0536903
0 0.295691 0.873323 0.0705287 0.0665665
0 0.258845 0.511631 0.044484 0.0405058
0 0.378648 0.29734 0.0661584 0.0635263
0 0.327282 0.619346 0.0356984 0.032269
0 0.642506 0.894196 0.0303771 0.0297108
0 0.373742 0.121968 0.0722104 0.0674759
0 0.947016 0.983811 0.0449018 0.0322296
0 0.0993664 0.510806 0.0432239 0.0405017
0 0.140643 0.395497 0.0564484 0.0521525
0 0.0606799 0.726124 0.0313379 0.0276005
0 0.591862 0.783008 0.0346743 0.0330357
0 0.479697 0.390685 0.026315 0.0254185
0 0.954078 0.920543 0.0918442 0.14271
0 0.330407 0.569306 0.0664444 0.058226
0 0.421747 0.989265 0.0618808 0.0214693
0 0.966916 0.790663 0.0659649 0.0704982
0 0.225404 0.695476 0.0280993 0.0251258
0 0.335382 0.920195 0.0504637 0.0473413
0 0.675641 0.975847 0.0570812 0.0483066
0 0.342245 0.658264 0.0418673 0.0393686
0 0.18284 0.361051 0.0573617 0.054794
0 0.696423 0.937933 0.0445378 0.0429328
0 0.897377 0.971973 0.0611021 0.0555496
0 0.959098 0.739421 0.0672167 0.064338
0 0.161481 0.909597 0.0717848 0.064281
0 0.37174 0.46151 0.204237 0.182962
0 0.630418 0.931354 0.0333674 0.0316512
0 0.571807 0.312545 0.0589805 0.0548077
0 0.825796 0.89421 0.0299165 0.0293965
0 0.731962 0.770218 0.0404913 0.0392406
0 0.0185519 0.121894 0.0370726 0.0419102
0 0.584565 0.144387 0.0639832 0.0624775
0 0.536525 0.662599 0.0367275 0.0345459
0 0.630437 0.967504 0.0431776 0.0424409
0 0.0622008 0.446489 0.113978 0.107025
0 0.179733 0.730669 0.0548556 0.0471389
0 0.202294 0.567324 0.0357397 0.0325522
0 0.143271 0.571073 0.0423577 0.0394022
0 0.554706 0.0890933 0.0678687 0.0647583
0 0.833041 0.924712 0.0548458 0.0532854
0 0.133821 0.763474 0.0537268 0.0457783
0 0.441474 0.742831 0.103378 0.0925083
0 0.699732 0.659989 0.0422571 0.0400667
0 0.66634 0.758867 0.0280888 0.0267619
0 0.0220741 0.0874517 0.0249252 0.0223392
0 0.243443 0.658921 0.0511037 0.0449673
0 0.515574 0.150781 0.0482754 0.045835
0 0.342615 0.890738 0.0322619 0.0303094
0 0.0885091 0.990692 0.0549601 0.0186158
0 0.618108 0.61774 0.0491304 0.0465848
0 0.304474 0.175471 0.0542451 0.0515804
0 0.325857 0.325687 0.0229272 0.0224066
0 0.0409873 0.504748 0.0723074 0.0672362
0 0.902975 0.747429 0.0341644 0.0331207
0 0.366358 0.692269 0.0520476 0.0477783
0 0.475771 0.167923 0.0355443 0.0343724
0 0.696673 0.820879 0.0359473 0.0351729
0 0.535447 0.359837 0.0587869 0.0537435
0 0.452332 0.744537 0.0831088 0.0794465
0 0.113937 0.357342 0.0342779 0.0324264
