0 0.184273 0.878615 0.291926 0.242771
0 0.745142 0.493656 0.0556158 0.0470668
0 0.954889 0.458446 0.0654191 0.054561
0 0.224914 0.649486 0.0631965 0.0547714
0 0.418209 0.483014 0.0495498 0.0425978
0 0.605593 0.88206 0.0447104 0.0375077
0 0.142974 0.208187 0.285739 0.390394
0 0.592181 0.423969 0.0730905 0.062715
0 0.635156 0.45002 0.0361664 0.0313827
0 0.238005 0.00888408 0.05077 0.0177433
0 0.601951 0.641985 0.0326717 0.0271963
0 0.242707 0.398955 0.0300741 0.0255019
0 0.544259 0.707951 0.0289632 0.0248582
0 0.384468 0.0784223 0.0284911 0.0248451
0 0.810435 0.170198 0.0333896 0.0291755
0 0.564654 0.839522 0.0342762 0.0281686
0 0.393565 0.899119 0.0325971 0.0270588
0 0.676824 0.136389 0.0357796 0.0307433
0 0.812167 0.0517401 0.33086 0.10348
0 0.665438 0.0216952 0.0484642 0.0411222
0 0.644382 0.515613 0.0553042 0.0487368
0 0.287947 0.491882 0.0370367 0.0311449
0 0.605228 0.322886 0.064378 0.0562201
0 0.161349 0.533076 0.0363474 0.0305412
0 0.428145 0.909231 0.0400387 0.0336963
0 0.104424 0.545492 0.20519 0.359093
0 0.132474 0.710895 0.0243382 0.0219147
0 0.478978 0.962251 0.0272344 0.0233827
0 0.554766 0.795358 0.0716538 0.0599012
0 0.874335 0.134665 0.0258669 0.0226827
0 0.533992 0.538038 0.0452869 0.0402115
0 0.866297 0.935074 0.0862705 0.0728247
0 0.953032 0.0929622 0.0253717 0.0226685
0 0.95713 0.239103 0.0857406 0.216237
0 0.923064 0.619389 0.128221 0.105628
0 0.988029 0.0825483 0.0237323 0.0276372
0 0.616273 0.698467 0.0304852 0.0262044
0 0.151474 0.378767 0.076028 0.0651122
0 0.55457 0.959249 0.0409563 0.0345559
0 0.967074 0.734206 0.0658523 0.182231
0 0.698277 0.238926 0.0322826 0.0283088
0 0.771315 0.246613 0.023903 0.0212062
0 0.195067 0.342605 0.0633369 0.0557754
0 0.133967 0.385085 0.106601 0.0818281
0 0.562616 0.0404182 0.166463 0.0808365
0 0.29683 0.296465 0.0271863 0.0231528
