0 0.528815 0.10706 0.0568626 0.0542438
0 0.516393 0.777561 0.0512238 0.0473073
0 0.816667 0.835173 0.0468355 0.0422788
0 0.447144 0.208639 0.243474 0.217634
0 0.108735 0.61016 0.0510081 0.0466746
0 0.605072 0.390917 0.105005 0.0949886
0 0.756121 0.906734 0.0321145 0.0298309
0 0.497998 0.434695 0.0890491 0.0820049
0 0.929733 0.549379 0.140144 0.151
0 0.396219 0.128594 0.0277011 0.0263071
0 0.753856 0.684509 0.078079 0.070715
0 0.667196 0.407279 0.0326958 0.030126
0 0.574252 0.492854 0.0299341 0.0271627
0 0.329056 0.0542358 0.0295825 0.0281486
0 0.573048 0.591146 0.0268128 0.0248873
0 0.380667 0.588469 0.0269771 0.0249839
0 0.790858 0.109125 0.0322573 0.0303844
0 0.348578 0.817713 0.0306401 0.0282598
0 0.171435 0.461297 0.0345177 0.0318764
0 0.876598 0.467086 0.0268894 0.0251155
0 0.19487 0.482879 0.0322031 0.0299785
0 0.91959 0.317843 0.0300166 0.0277032
0 0.682447 0.711495 0.0705464 0.0644398
0 0.569622 0.708426 0.0269166 0.0251217
0 0.094462 0.732718 0.026167 0.024032
0 0.566619 0.371963 0.0247765 0.0230388
0 0.832129 0.806715 0.0246382 0.022451
0 0.656533 0.752271 0.0244452 0.0231695
0 0.932678 0.261529 0.0754795 0.0708307
0 0.443647 0.886161 0.0257737 0.0240471
0 0.362345 0.860515 0.0482101 0.0441794
0 0.55266 0.0350064 0.0314145 0.0304014
0 0.650264 0.0889265 0.0254876 0.0242955
0 0.742937 0.745308 0.0961691 0.0874228
0 0.146942 0.485783 0.0300362 0.0269829
0 0.741289 0.264278 0.024153 0.0228915
0 0.178969 0.3295 0.0236588 0.0230386
0 0.930668 0.447463 0.138663 0.146205
0 0.44806 0.563904 0.0502934 0.0460984
0 0.811675 0.47585 0.0928779 0.0852518
0 0.972338 0.778147 0.0254865 0.0229328
0 0.747349 0.141278 0.0237153 0.0228832
0 0.695403 0.674836 0.0309947 0.0287285
0 0.361146 0.944289 0.0360554 0.0340576
0 0.805974 0.0900765 0.0243086 0.022983
