0 0.43436 0.234837 0.0839898 0.0768197
0 0.392154 0.318555 0.111434 0.100142
0 0.808593 0.721779 0.0483382 0.0407786
0 0.257457 0.731132 0.0409898 0.0367143
0 0.754661 0.522222 0.0350297 0.0309007
0 0.0900739 0.351657 0.042218 0.0363983
0 0.747442 0.955398 0.0374336 0.0310268
0 0.988959 0.740447 0.0220072 0.0462303
0 0.71853 0.383773 0.0313846 0.0275545
0 0.157199 0.475273 0.0337296 0.0292463
0 0.0998398 0.506593 0.0500465 0.0443822
0 0.896315 0.949183 0.0338597 0.0266464
0 0.192676 0.375412 0.0347924 0.0295769
0 0.856984 0.360204 0.0334272 0.0291338
0 0.0250448 0.358544 0.047953 0.041509
0 0.719916 0.137552 0.0265718 0.0252223
0 0.0988928 0.975733 0.025284 0.0231907
0 0.963005 0.0494966 0.0328987 0.0284095
0 0.369561 0.690765 0.0285517 0.0257936
0 0.156072 0.192157 0.0261814 0.0232698
0 0.685945 0.787496 0.0272527 0.022928
0 0.851916 0.454834 0.0383363 0.0338757
0 0.0298718 0.463725 0.0522332 0.0443251
0 0.210127 0.679085 0.0250952 0.022908
0 0.704442 0.0467243 0.0243979 0.0235682
0 0.0443128 0.294024 0.0687399 0.0586861
0 0.669791 0.917602 0.0367916 0.0301466
0 0.00717064 0.49513 0.0143413 0.0717596
0 0.0173147 0.0154899 0.0315569 0.0274223
0 0.154302 0.576711 0.032755 0.029516
0 0.880923 0.772059 0.0306433 0.0256133
0 0.969395 0.270358 0.0436573 0.0380627
0 0.258958 0.365141 0.0531597 0.0455907
0 0.9167 0.843762 0.0281994 0.0241857
0 0.769556 0.489499 0.0433137 0.0370427
0 0.168323 0.527413 0.0866586 0.0757179
0 0.98517 0.846091 0.0294971 0.0714297
0 0.00382127 0.875951 0.00764255 0.0255177
0 0.0317184 0.61831 0.0265093 0.0232079
0 0.567463 0.797777 0.365322 0.322716
0 0.0422086 0.656756 0.0253417 0.0230153
0 0.309488 0.20036 0.073278 0.0639306
