0 0.439151 0.288698 0.0611851 0.0466698
0 0.732189 0.665155 0.0857767 0.0656861
0 0.0573448 0.650577 0.11469 0.116124
0 0.0119243 0.947322 0.0238486 0.0362812
0 0.578111 0.91361 0.382352 0.171571
0 0.40702 0.753079 0.0641374 0.0483808
0 0.0215619 0.581762 0.037034 0.0293689
0 0.813091 0.0808464 0.0442263 0.0341255
0 0.914553 0.868575 0.0717497 0.0551257
0 0.347949 0.717077 0.080759 0.0599108
0 0.14914 0.668225 0.0920656 0.0683737
0 0.654696 0.677089 0.0798154 0.0633433
0 0.896635 0.958153 0.0455758 0.0342017
0 0.968082 0.50717 0.0632704 0.0620882
0 0.968426 0.863174 0.037314 0.0286901
0 0.504275 0.325855 0.0301467 0.0233328
0 0.269156 0.701962 0.038232 0.0290477
0 0.663202 0.732134 0.0385652 0.0305316
0 0.2791 0.555682 0.0401305 0.0295162
0 0.606711 0.348166 0.0332725 0.0254076
0 0.225245 0.761081 0.0281618 0.0224991
0 0.686566 0.0453157 0.0428566 0.0319669
0 0.784678 0.0574104 0.0326991 0.0247796
0 0.735875 0.0462296 0.0491138 0.037395
0 0.933065 0.243111 0.0276407 0.0225639
0 0.575192 0.00702423 0.0436506 0.0140308
0 0.0241892 0.43098 0.0483785 0.0599322
0 0.902621 0.488547 0.0818605 0.0628682
0 0.757531 0.201045 0.0299854 0.0221152
0 0.0865931 0.587916 0.0810498 0.0579424
0 0.913387 0.61225 0.0348467 0.025923
0 0.0291767 0.784655 0.0547616 0.0412919
