0 0.766079 0.440316 0.310691 0.252323
0 0.329918 0.108618 0.286156 0.215737
0 0.725071 0.703534 0.180685 0.152988
0 0.361329 0.374536 0.245685 0.213634
0 0.388571 0.22739 0.167473 0.148616
0 0.496428 0.546851 0.0989217 0.0864369
0 0.0529663 0.134643 0.105933 0.170853
0 0.930742 0.0411373 0.130149 0.0821859
0 0.0521283 0.917469 0.0565577 0.0478016
0 0.736894 0.135227 0.126127 0.107988
0 0.140479 0.952581 0.0371679 0.0316523
0 0.187747 0.844331 0.0341342 0.0292227
0 0.937382 0.201644 0.0565178 0.0473015
0 0.902527 0.320412 0.140575 0.124001
0 0.905686 0.650968 0.0560009 0.0474715
0 0.390335 0.593015 0.0490696 0.041317
0 0.0324989 0.874583 0.0306391 0.0264348
0 0.48885 0.245372 0.0375262 0.0327125
0 0.825224 0.270063 0.0710052 0.0602149
0 0.517729 0.774315 0.0536276 0.0441482
0 0.733902 0.266601 0.029371 0.0256655
0 0.633363 0.863297 0.0364714 0.0310046
0 0.93434 0.831988 0.0346046 0.0295722
0 0.965669 0.088257 0.0333929 0.0283115
0 0.807593 0.321014 0.048784 0.0410746
0 0.903648 0.153148 0.0332548 0.0282547
0 0.0203596 0.305185 0.0407192 0.0548382
0 0.667128 0.277325 0.030688 0.0257903
0 0.467258 0.310133 0.0289006 0.0250124
0 0.625131 0.992897 0.028823 0.0141951
0 0.925751 0.22355 0.0315656 0.0258925
0 0.159979 0.0465898 0.104535 0.0840419
0 0.173011 0.211247 0.120252 0.102569
0 0.0139701 0.831322 0.0279208 0.028897
0 0.89598 0.260029 0.0492193 0.04225
0 0.505134 0.119674 0.0261637 0.0235678
0 0.530015 0.0100475 0.0319731 0.0200889
0 0.139062 0.31074 0.277322 0.290442
0 0.860309 0.944693 0.278141 0.110614
0 0.453084 0.789719 0.0639664 0.0533616
0 0.0986196 0.585265 0.196441 0.470227
0 0.831762 0.047548 0.0300047 0.0254562
0 0.908337 0.123418 0.0260507 0.0220572
0 0.67786 0.56987 0.0290677 0.025247
0 0.265973 0.577992 0.0435622 0.037472
0 0.722185 0.218794 0.0499048 0.0434074
0 0.769927 0.196876 0.0428737 0.0372211
0 0.608007 0.783185 0.0682724 0.0582128
0 0.425328 0.9709 0.0823889 0.0581131
0 0.988556 0.57071 0.0228839 0.0240495
0 0.688453 0.968561 0.0947924 0.0627604
0 0.783504 0.889835 0.0426368 0.0359974
0 0.148794 0.100162 0.0254461 0.0217866
0 0.570348 0.507847 0.0300655 0.0271653
0 0.831936 0.909536 0.0311251 0.0264468
0 0.223471 0.458511 0.0395872 0.0361729
0 0.216552 0.969775 0.0690124 0.0587252
0 0.916528 0.871932 0.0590261 0.0514312
