0 0.668453 0.302352 0.0509102 0.0384147
0 0.234826 0.469972 0.0602092 0.0448629
0 0.982216 0.324002 0.0355681 0.0384907
0 0.109214 0.319744 0.0479638 0.035884
0 0.144228 0.596059 0.043444 0.0319586
0 0.31924 0.59959 0.0458117 0.0333888
0 0.209782 0.397882 0.0514021 0.037691
0 0.607112 0.580555 0.0408707 0.0301321
0 0.392407 0.492925 0.0342182 0.0253861
0 0.901493 0.38677 0.0526163 0.0404481
0 0.259457 0.708838 0.0670886 0.0492119
0 0.77478 0.340032 0.0551732 0.0401607
0 0.573505 0.479659 0.0371714 0.027537
0 0.7147 0.396224 0.0366762 0.0272361
0 0.25364 0.104806 0.0398197 0.0298886
0 0.690533 0.284935 0.0341816 0.0253001
0 0.772191 0.0233108 0.118992 0.0465655
0 0.458343 0.275714 0.0542703 0.03942
0 0.240395 0.128636 0.0344758 0.025701
0 0.301878 0.232301 0.0392948 0.0297712
0 0.93716 0.244447 0.030187 0.0229348
0 0.302644 0.769137 0.15647 0.114219
0 0.829044 0.523507 0.0427175 0.0332139
0 0.192998 0.0583828 0.0384027 0.029251
0 0.31108 0.264373 0.0388945 0.0296961
0 0.447256 0.0405531 0.0492548 0.0363471
0 0.631252 0.0532678 0.0308163 0.0238394
0 0.631485 0.686364 0.11269 0.0821788
0 0.731458 0.492784 0.028938 0.0217107
0 0.659418 0.532428 0.0313857 0.0229475
0 0.22477 0.533197 0.0315889 0.0238245
0 0.243853 0.0809091 0.123482 0.0900093
0 0.479716 0.109985 0.0464003 0.0354445
0 0.252972 0.392856 0.0298318 0.0222578
0 0.672731 0.642571 0.0302936 0.0225785
0 0.312612 0.641532 0.0301651 0.0218526
0 0.00564432 0.495423 0.0112886 0.0254844
0 0.877537 0.298362 0.0298539 0.0231863
0 0.941379 0.132758 0.117241 0.12237
0 0.139672 0.0177485 0.0376215 0.0295289
0 0.890809 0.126079 0.0338671 0.0250449
0 0.558089 0.0381415 0.114054 0.0760299
0 0.0997208 0.180629 0.0280815 0.0221142
0 0.9208 0.617182 0.0269923 0.0209238
0 0.325195 0.0160411 0.0812795 0.0320822
