0 0.267286 0.568583 0.0284015 0.0278785
0 0.0737735 0.0783212 0.0307859 0.0299401
0 0.166529 0.0732945 0.0312624 0.0303088
0 0.603061 0.633436 0.0272271 0.0265243
0 0.825582 0.885463 0.0260158 0.0249393
0 0.481367 0.503353 0.0247597 0.0238699
0 0.823285 0.294854 0.0675936 0.062316
0 0.516031 0.00540009 0.026576 0.0107201
0 0.556682 0.497149 0.0239735 0.0229697
0 0.927348 0.36813 0.0241047 0.0230558
0 0.509593 0.438239 0.0227417 0.0220131
0 0.988333 0.403048 0.0229271 0.022462
0 0.767101 0.719129 0.0221667 0.0215178
0 0.621298 0.772263 0.0223279 0.0218847
0 0.843946 0.234798 0.0591218 0.0578771
