0 0.0578669 0.454146 0.115726 0.130132
0 0.124701 0.756024 0.0604396 0.0586336
0 0.076423 0.139643 0.0438883 0.0430821
0 0.619246 0.136487 0.0433326 0.0425012
0 0.559552 0.834181 0.0408006 0.0402637
0 0.641343 0.95628 0.0424878 0.0412038
0 0.28644 0.34999 0.0328598 0.0323138
0 0.08723 0.102711 0.0315619 0.0309061
0 0.676602 0.0508816 0.0331317 0.0325251
0 0.217896 0.108856 0.0286484 0.028287
0 0.608927 0.801219 0.0380361 0.0375254
0 0.648376 0.525465 0.0308299 0.0302535
0 0.280254 0.192662 0.0290579 0.0284292
0 0.317685 0.965301 0.0287314 0.0286572
0 0.716729 0.967424 0.0303867 0.0298104
0 0.6075 0.48905 0.0270491 0.0268956
0 0.105901 0.307127 0.0327251 0.0320722
0 0.597788 0.104492 0.0322698 0.0317996
0 0.745109 0.108992 0.0252542 0.0247849
0 0.122732 0.259549 0.0302445 0.0296304
0 0.571556 0.0844648 0.0252113 0.0250728
0 0.688779 0.0312076 0.0265624 0.0263388
0 0.54989 0.0971236 0.0242662 0.0238129
0 0.365284 0.610711 0.0244313 0.0239311
0 0.876196 0.834487 0.247608 0.331026
0 0.430319 0.570488 0.0232756 0.0232127
0 0.666363 0.00675574 0.0301845 0.0134683
0 0.681063 0.0155749 0.0260671 0.0260517
0 0.342665 0.950482 0.0363078 0.0359447
0 0.127306 0.315713 0.0237875 0.0231584
0 0.380024 0.907809 0.0247397 0.0243786
0 0.0375846 0.135914 0.022898 0.0222516
0 0.541254 0.723743 0.0829105 0.0815233
0 0.493699 0.659583 0.0947943 0.0937824
0 0.659365 0.840693 0.0225244 0.0224325
0 0.625078 0.809296 0.0219409 0.0213065
0 0.346386 0.276222 0.0236357 0.0234094
0 0.789753 0.235313 0.024316 0.0238883
0 0.0635839 0.167719 0.0222111 0.0216253
0 0.268953 0.122361 0.0222809 0.0221338
0 0.54416 0.225287 0.559221 0.450574
0 0.677145 0.652152 0.0288636 0.0282854
