0 0.473319 0.026418 0.0656929 0.0527827
0 0.151905 0.631646 0.0404614 0.0398886
0 0.116578 0.361752 0.0336349 0.0328
0 0.212073 0.0842607 0.140835 0.134851
0 0.674025 0.577314 0.0313252 0.0304429
0 0.178225 0.572045 0.0286888 0.0280154
0 0.128464 0.126844 0.0386232 0.0374574
0 0.975665 0.630599 0.0418434 0.0416208
0 0.566563 0.258572 0.0258397 0.0246753
0 0.628225 0.185091 0.0934499 0.0904692
0 0.237518 0.64938 0.0254912 0.0245187
0 0.288374 0.843108 0.0391182 0.0375736
0 0.0487102 0.17945 0.0312909 0.029659
0 0.708816 0.90631 0.0261576 0.0258247
0 0.603892 0.309456 0.0336939 0.0325097
0 0.124493 0.149355 0.0317589 0.0319619
0 0.271837 0.62479 0.022748 0.0223784
0 0.151845 0.578425 0.0237279 0.0231719
0 0.709446 0.0329656 0.0244012 0.024114
0 0.117631 0.0317909 0.0250664 0.0241385
0 0.0442085 0.00771867 0.0244051 0.0154203
