0 0.812859 0.133841 0.181563 0.133384
0 0.945985 0.37185 0.10803 0.100361
0 0.485763 0.488201 0.0655087 0.0490883
0 0.33004 0.659251 0.066179 0.0464688
0 0.649476 0.358649 0.0900074 0.0661865
0 0.586289 0.708967 0.0450303 0.0336251
0 0.129438 0.0902419 0.142311 0.108268
0 0.264844 0.704402 0.0456572 0.0334133
0 0.349155 0.407294 0.0362888 0.0278028
0 0.0546377 0.637117 0.0368518 0.0273094
0 0.481075 0.270122 0.0428345 0.0321101
0 0.729145 0.26772 0.0587208 0.0436308
0 0.799921 0.428134 0.144461 0.104496
0 0.712998 0.499122 0.0399299 0.0296664
0 0.550787 0.0480621 0.0336444 0.0255278
0 0.0156705 0.598888 0.031341 0.0275122
0 0.520501 0.781117 0.0531917 0.0389836
0 0.652066 0.0237295 0.0321458 0.0248449
0 0.406828 0.0165545 0.0452732 0.0328789
0 0.245195 0.19688 0.0674241 0.0520303
0 0.745538 0.334213 0.0450013 0.0339131
0 0.187041 0.692476 0.0311891 0.0232984
0 0.592259 0.536456 0.0941257 0.0699092
0 0.108409 0.685242 0.0318457 0.0232708
0 0.43472 0.261891 0.0493999 0.0389468
0 0.112148 0.554435 0.032344 0.0245612
0 0.980684 0.0335957 0.038631 0.03242
0 0.438754 0.46826 0.0484214 0.0357032
0 0.774847 0.277131 0.0421046 0.0319904
0 0.986612 0.217206 0.0266503 0.0251335
0 0.676514 0.257533 0.0434975 0.0323674
0 0.506435 0.237193 0.0724586 0.0534463
0 0.435078 0.0449714 0.0510949 0.0380243
0 0.444261 0.0186549 0.0295553 0.0231417
0 0.74405 0.237049 0.0317259 0.024418
0 0.321561 0.626221 0.0296859 0.0223002
0 0.936047 0.110849 0.127906 0.119667
0 0.423166 0.228439 0.0293526 0.0231174
0 0.399983 0.424369 0.0307093 0.0225325
0 0.213461 0.678639 0.030852 0.0224893
0 0.0128129 0.76524 0.0256259 0.0224688
0 0.116606 0.527214 0.0291807 0.0223501
0 0.856587 0.306339 0.119913 0.088761
0 0.379437 0.567855 0.0802695 0.0619197
0 0.299915 0.0768827 0.193812 0.150571
0 0.702857 0.717039 0.0293295 0.0220991
0 0.657891 0.0860139 0.292684 0.171918
0 0.412499 0.55944 0.103726 0.0802741
0 0.68145 0.408551 0.0299013 0.0227975
0 0.443334 0.146391 0.173266 0.132727
0 0.934414 0.283367 0.0972545 0.0711642
0 0.321968 0.112924 0.101854 0.0806884
0 0.57144 0.790274 0.0475857 0.0250715
