0 0.57421 0.856591 0.364824 0.286818
0 0.187315 0.842044 0.0823318 0.075556
0 0.952854 0.231841 0.0517071 0.0464165
0 0.0118938 0.00980631 0.0237876 0.0194755
0 0.733566 0.0817675 0.0473156 0.0431725
0 0.263155 0.189075 0.039318 0.0360996
0 0.0264083 0.659978 0.0307846 0.0286777
0 0.829041 0.893045 0.0581481 0.0546673
0 0.639992 0.569853 0.0252633 0.0241919
0 0.928364 0.385813 0.0280504 0.0254726
0 0.358811 0.888115 0.0256499 0.0236315
0 0.328823 0.993884 0.027208 0.0122313
0 0.461287 0.106985 0.024604 0.0233019
0 0.173784 0.755927 0.100015 0.0942846
0 0.0626695 0.607778 0.0339467 0.0312504
0 0.128601 0.0216527 0.0260582 0.0239372
0 0.0848944 0.160746 0.0241141 0.0224726
0 0.544809 0.2603 0.0324194 0.0308603
0 0.449041 0.0421891 0.0236602 0.0225969
0 0.585771 0.818318 0.0227901 0.0225227
0 0.225264 0.255197 0.0332342 0.0298441
0 0.56424 0.500193 0.0348513 0.0338704
0 0.735578 0.40124 0.0240614 0.022504
0 0.0629355 0.0903508 0.0243304 0.0227588
0 0.262061 0.428766 0.0273032 0.0253502
