0 0.662579 0.891747 0.302378 0.216506
0 0.502599 0.637327 0.106923 0.107347
0 0.194962 0.757089 0.147789 0.141085
0 0.607599 0.675193 0.0807026 0.0792727
0 0.884642 0.341875 0.104992 0.101618
0 0.762677 0.654952 0.0909489 0.0889418
0 0.059641 0.863208 0.118834 0.17664
0 0.879807 0.831569 0.0721598 0.0709663
0 0.828214 0.274364 0.0752351 0.0726906
0 0.954283 0.182659 0.0390178 0.0371952
0 0.665887 0.747833 0.0452634 0.0440269
0 0.654511 0.552418 0.0444009 0.0436502
0 0.147779 0.953573 0.0502515 0.0484977
0 0.627977 0.102799 0.0751996 0.0738123
0 0.887333 0.913045 0.225335 0.173909
0 0.871862 0.416567 0.0574376 0.0554626
0 0.601683 0.215171 0.031408 0.0309109
0 0.718472 0.207481 0.0568445 0.0561507
0 0.143174 0.710036 0.05679 0.055078
0 0.753332 0.594947 0.0601454 0.0584987
0 0.0651003 0.989377 0.0497784 0.0212452
0 0.769057 0.260524 0.0467832 0.0453023
0 0.855528 0.46807 0.044764 0.0436018
0 0.441339 0.956676 0.0640076 0.0621782
0 0.0581326 0.767839 0.0650576 0.0641065
0 0.632423 0.0510551 0.0278573 0.0274716
0 0.821518 0.170062 0.0342603 0.0333884
0 0.575402 0.39847 0.0251551 0.0250807
0 0.157435 0.422236 0.0372636 0.0370129
0 0.138399 0.447294 0.0518178 0.0502247
0 0.579401 0.445339 0.0590121 0.0592475
0 0.375817 0.0402132 0.0543355 0.0499097
0 0.905509 0.11333 0.0263664 0.0254985
0 0.482367 0.446289 0.17807 0.175007
0 0.245016 0.902914 0.0402103 0.0392034
0 0.372298 0.84441 0.12682 0.1188
0 0.145875 0.830256 0.0240451 0.0234639
0 0.371745 0.754907 0.065165 0.062036
0 0.207956 0.389594 0.028465 0.0273241
0 0.960667 0.036905 0.0256586 0.0247819
0 0.16965 0.156753 0.026655 0.0256738
0 0.428692 0.651953 0.0518232 0.0502308
0 0.72071 0.399183 0.0964458 0.094062
0 0.36833 0.712377 0.0672319 0.0621109
0 0.996253 0.138973 0.00749474 0.026479
0 0.984568 0.674277 0.0308195 0.0385843
0 0.651002 0.229495 0.0296936 0.029341
0 0.219144 0.335694 0.0400338 0.0391237
0 0.262807 0.673661 0.0784268 0.0760772
0 0.801676 0.829476 0.0241644 0.0241347
0 0.210998 0.599347 0.0626556 0.0613273
0 0.299931 0.566516 0.0531798 0.0510829
0 0.444863 0.605253 0.0402753 0.0406785
0 0.239132 0.55207 0.0516057 0.0498442
0 0.942111 0.740745 0.115778 0.258746
0 0.790346 0.389911 0.0242752 0.0242285
0 0.738393 0.0069083 0.0303302 0.0137991
0 0.88964 0.0608432 0.0244731 0.0240907
0 0.285435 0.815996 0.0303032 0.0291538
0 0.130036 0.309598 0.0238387 0.0235649
0 0.169359 0.66625 0.0464009 0.0444775
0 0.654213 0.427533 0.0231202 0.0233284
0 0.647258 0.177999 0.0348398 0.0343184
0 0.944306 0.118051 0.0260846 0.0252223
0 0.939751 0.608277 0.0234544 0.0229406
0 0.327349 0.97943 0.0242522 0.023375
0 0.905766 0.512407 0.0394227 0.0391523
0 0.527076 0.861571 0.0252512 0.0251057
0 0.947326 0.0481447 0.0241607 0.0237251
0 0.345423 0.807849 0.0454183 0.0433166
0 0.881401 0.493388 0.0286624 0.0272619
0 0.516975 0.137979 0.0232667 0.0226654
0 0.115575 0.986164 0.0296225 0.027363
0 0.522105 0.410235 0.0305572 0.0291076
0 0.281843 0.537894 0.027128 0.0265497
0 0.132546 0.758745 0.0253742 0.0247192
0 0.994371 0.273572 0.0112579 0.0399926
0 0.025963 0.718365 0.0509006 0.0508001
0 0.488505 0.789441 0.150163 0.146298
0 0.457048 0.325448 0.0279623 0.0273315
0 0.451366 0.114852 0.0367861 0.034061
0 0.932066 0.892733 0.027096 0.0262552
0 0.407003 0.541556 0.0247576 0.0240281
0 0.472554 0.539683 0.0293837 0.0285028
