0 0.682773 0.812106 0.131689 0.0986416
0 0.0488282 0.812738 0.0976565 0.0763316
0 0.652195 0.436898 0.0815641 0.0612677
0 0.975745 0.488576 0.0484394 0.0578846
0 0.605849 0.142368 0.043936 0.0337532
0 0.962919 0.243839 0.0557024 0.0436234
0 0.384071 0.841602 0.0434898 0.0327287
0 0.510502 0.767557 0.0716 0.0554825
0 0.897898 0.191529 0.054822 0.0419656
0 0.438771 0.94338 0.0490519 0.0373451
0 0.354303 0.980215 0.0747015 0.0391422
0 0.133184 0.744866 0.059193 0.0449421
0 0.148092 0.103395 0.086866 0.0634046
0 0.446994 0.369312 0.0479748 0.0352547
0 0.308032 0.574356 0.056784 0.0431952
0 0.896176 0.874894 0.0513362 0.0395247
0 0.222454 0.197258 0.0846061 0.0640451
0 0.0233794 0.233035 0.0433021 0.0324544
0 0.915971 0.531774 0.0962773 0.0721064
0 0.865003 0.111082 0.0417582 0.0311871
0 0.295255 0.248736 0.0564497 0.0397027
0 0.823754 0.538073 0.0451136 0.0331038
0 0.98537 0.700859 0.0292603 0.0252283
0 0.126518 0.834801 0.0564192 0.0400146
0 0.913285 0.0853279 0.0362382 0.0278388
0 0.983243 0.214489 0.0335145 0.0392565
0 0.830682 0.202272 0.0378816 0.0285945
0 0.493722 0.384457 0.0435709 0.0316359
0 0.119343 0.325471 0.0631272 0.0472094
0 0.500458 0.27881 0.0443868 0.0336576
0 0.964661 0.290609 0.0706783 0.0800195
0 0.22998 0.647351 0.0793572 0.0591025
0 0.892729 0.130751 0.0374713 0.027984
0 0.988896 0.170203 0.0221308 0.0272127
0 0.711296 0.0256632 0.0328686 0.024297
0 0.989809 0.190353 0.0199992 0.0243704
0 0.634406 0.656622 0.0589589 0.0451235
0 0.240463 0.969528 0.0631895 0.0465747
0 0.366866 0.373059 0.0514795 0.0384281
0 0.474053 0.923942 0.0384253 0.0294704
0 0.127264 0.240255 0.0379329 0.0275313
0 0.778407 0.509487 0.0351534 0.0265379
0 0.109701 0.569383 0.0498855 0.0362079
0 0.138393 0.781207 0.0392617 0.0293789
0 0.0539498 0.384831 0.0976846 0.0697797
0 0.668255 0.962969 0.0817411 0.0634897
0 0.18875 0.381997 0.0435135 0.0320954
0 0.524764 0.901668 0.0807187 0.0617079
0 0.0811488 0.532723 0.0596987 0.0433443
0 0.375894 0.513017 0.0556943 0.0426632
0 0.559597 0.0690956 0.0384362 0.0301592
0 0.416696 0.890907 0.070484 0.053184
0 0.463607 0.989541 0.0350053 0.0209187
0 0.0778765 0.949439 0.0326196 0.0232436
0 0.98737 0.352808 0.0249497 0.0593045
0 0.947004 0.876298 0.0357118 0.026604
0 0.571656 0.742052 0.033354 0.0252976
0 0.451402 0.091069 0.0380749 0.0306255
0 0.0611904 0.132131 0.0402527 0.0301027
0 0.779826 0.0858455 0.028125 0.0213745
0 0.356086 0.301666 0.0429686 0.0317899
0 0.0440594 0.614156 0.0439322 0.0318544
0 0.178991 0.340846 0.0831131 0.0590589
0 0.461781 0.316964 0.0344516 0.0256656
0 0.740046 0.0150123 0.0297544 0.022922
0 0.0819803 0.0266722 0.0343657 0.0255341
0 0.834187 0.79486 0.0457535 0.034306
0 0.70785 0.203871 0.0310954 0.0234298
0 0.067466 0.0741828 0.0397009 0.0291893
0 0.335893 0.806566 0.0348849 0.0260019
0 0.448688 0.44866 0.0508779 0.0385883
0 0.0977883 0.991609 0.0440028 0.0167826
0 0.526294 0.270495 0.0483227 0.0373813
0 0.834848 0.260223 0.03163 0.024017
0 0.827172 0.310914 0.0290895 0.0225164
0 0.0980682 0.214186 0.0406763 0.0304074
0 0.545609 0.538493 0.0383413 0.0284207
0 0.962685 0.104447 0.0457025 0.0349
0 0.722911 0.344979 0.0482092 0.0383331
0 0.735588 0.746958 0.0467353 0.035779
0 0.635351 0.619806 0.0439644 0.0356498
0 0.353941 0.915638 0.0638638 0.0485222
0 0.0418559 0.468538 0.0466982 0.0344292
0 0.737131 0.860798 0.0455394 0.0349302
0 0.395376 0.211104 0.0376444 0.0296868
0 0.897756 0.262131 0.0313683 0.023868
0 0.863394 0.136225 0.0305578 0.0239437
0 0.217245 0.161429 0.0359101 0.0286404
0 0.151765 0.404322 0.0399452 0.0298094
0 0.814369 0.505421 0.0324335 0.0255058
0 0.524382 0.81468 0.0482703 0.0374985
0 0.723647 0.220971 0.0324839 0.0239446
0 0.751181 0.0780184 0.0464475 0.0348205
0 0.369152 0.0637462 0.0431572 0.0330425
0 0.958186 0.727553 0.0423026 0.0319359
0 0.485989 0.355064 0.0412828 0.0297015
0 0.613817 0.705568 0.0348413 0.0280198
0 0.177171 0.520006 0.0325203 0.023039
0 0.487566 0.500618 0.0369481 0.0279837
0 0.22184 0.0878058 0.0647076 0.047822
0 0.434484 0.636331 0.0308013 0.0230609
0 0.584045 0.55525 0.0457914 0.0341711
0 0.590333 0.719482 0.0296671 0.0234351
0 0.704245 0.315193 0.029986 0.0234694
0 0.177087 0.463038 0.0423708 0.0319192
0 0.206492 0.76592 0.0621962 0.0434494
0 0.297318 0.196401 0.0498177 0.0370992
0 0.785188 0.216176 0.0277426 0.0216234
