0 0.110199 0.123752 0.220263 0.221276
0 0.769426 0.464233 0.149187 0.130309
0 0.404404 0.979826 0.0578699 0.0401679
0 0.390546 0.484355 0.144344 0.120682
0 0.529175 0.48872 0.220208 0.174664
0 0.154316 0.90829 0.0545043 0.0455391
0 0.0522874 0.922195 0.104575 0.132077
0 0.687688 0.345748 0.0431228 0.0363183
0 0.0374878 0.751042 0.0415557 0.0349984
0 0.155411 0.759802 0.034895 0.0301032
0 0.813758 0.0634108 0.036534 0.0314591
0 0.665358 0.0130813 0.0385251 0.0261593
0 0.936269 0.761906 0.0321048 0.0272048
0 0.661908 0.368037 0.0413014 0.0345914
0 0.25431 0.522127 0.0835646 0.070107
0 0.690881 0.21612 0.137445 0.120076
0 0.960967 0.316267 0.0288879 0.0253006
0 0.962534 0.244657 0.0748241 0.201576
0 0.8385 0.707595 0.0265938 0.0240176
0 0.964706 0.789955 0.0366928 0.0322033
0 0.0453554 0.461947 0.0316918 0.0260278
0 0.320253 0.194671 0.230113 0.20002
0 0.802082 0.722358 0.027843 0.0243293
0 0.013 0.634719 0.0259951 0.046936
0 0.984064 0.401416 0.0318727 0.0458803
0 0.896517 0.191212 0.059386 0.0516079
0 0.398881 0.820796 0.0279033 0.0234299
0 0.543571 0.106745 0.0287047 0.0240541
0 0.102643 0.958616 0.028201 0.0237112
0 0.79622 0.381556 0.10718 0.0940675
0 0.102888 0.851445 0.0294204 0.0249863
0 0.276441 0.14153 0.0464481 0.0389384
0 0.510583 0.352369 0.115385 0.0981025
0 0.619558 0.419211 0.0479662 0.0393417
0 0.917643 0.116689 0.0335364 0.0286044
0 0.729748 0.394754 0.0260563 0.0231073
0 0.659806 0.990684 0.0401455 0.0186314
0 0.353659 0.209822 0.0273962 0.0225715
0 0.237144 0.862661 0.117229 0.0990581
0 0.818893 0.149757 0.361535 0.299514
0 0.445923 0.212637 0.0455563 0.0385085
0 0.0050076 0.357046 0.0100152 0.0265336
0 0.956858 0.860943 0.0256407 0.0218638
0 0.213864 0.563923 0.100652 0.0873397
0 0.594848 0.398514 0.0359722 0.0296205
