0 0.409732 0.824237 0.292981 0.290581
0 0.304415 0.406133 0.221956 0.212654
0 0.0921564 0.682919 0.0523531 0.0506748
0 0.453464 0.594189 0.170513 0.155281
0 0.10013 0.792527 0.105563 0.101976
0 0.212914 0.8942 0.0641209 0.0620699
0 0.778148 0.684185 0.048935 0.0461334
0 0.117937 0.437604 0.0940741 0.0886795
0 0.0598394 0.947945 0.109587 0.104111
0 0.136423 0.906938 0.0602828 0.0597401
0 0.26444 0.879373 0.048836 0.0472732
0 0.703781 0.968375 0.045545 0.0442035
0 0.140949 0.0316443 0.0703803 0.0632885
0 0.583532 0.0101859 0.0333622 0.0203718
0 0.751863 0.92753 0.0523117 0.0511107
0 0.553376 0.428012 0.0373666 0.0345602
0 0.256247 0.968955 0.0334716 0.0330153
0 0.0371099 0.878564 0.0370072 0.036695
0 0.0167111 0.617135 0.0291399 0.0282719
0 0.754605 0.360919 0.030138 0.0282862
0 0.20056 0.467059 0.037614 0.0363353
0 0.0550059 0.150766 0.0304385 0.0293778
0 0.17216 0.621781 0.0410173 0.0400055
0 0.80935 0.188609 0.0474598 0.0461122
0 0.07087 0.559201 0.0517295 0.0499259
0 0.328546 0.0131982 0.0273076 0.0259434
0 0.834906 0.119016 0.0268622 0.0260624
0 0.0158808 0.575797 0.0317617 0.0372066
0 0.523838 0.497767 0.0341496 0.0322218
0 0.661659 0.129097 0.144903 0.142623
0 0.567735 0.0804869 0.0244708 0.024439
0 0.204659 0.0136146 0.101457 0.0271216
0 0.973781 0.428563 0.0249574 0.0238328
0 0.158845 0.723923 0.0417711 0.0402465
0 0.724237 0.0108378 0.0240369 0.0216756
0 0.113663 0.958447 0.148868 0.0831071
0 0.806312 0.4165 0.0262825 0.0252558
0 0.159114 0.569057 0.0283576 0.0279353
0 0.195546 0.297411 0.0481895 0.045719
0 0.0779347 0.597685 0.0361236 0.0350825
0 0.463073 0.989937 0.049079 0.0201251
0 0.191289 0.930973 0.0249539 0.0241709
0 0.219629 0.504385 0.0604477 0.0577583
0 0.498934 0.310282 0.03163 0.0313107
0 0.204085 0.707715 0.0706774 0.0682507
0 0.86917 0.643101 0.0226991 0.0224252
0 0.562653 0.212068 0.0297699 0.0287455
0 0.496971 0.564708 0.073798 0.0680274
0 0.00517706 0.0618166 0.0103541 0.028537
0 0.53946 0.0147861 0.0548088 0.0295415
0 0.873149 0.462354 0.107374 0.101539
0 0.340211 0.255109 0.102579 0.0972965
0 0.510983 0.470782 0.0238239 0.0225778
0 0.971379 0.112109 0.023276 0.0229919
0 0.229672 0.579816 0.0359252 0.0354018
0 0.648352 0.412324 0.0375676 0.0358964
0 0.738685 0.411863 0.0413251 0.0381712
0 0.305651 0.656951 0.187536 0.189403
0 0.0307597 0.240579 0.0239936 0.0228092
0 0.609863 0.739058 0.023726 0.0230705
0 0.909291 0.933469 0.02298 0.0218873
0 0.133141 0.619053 0.0234941 0.022892
0 0.1183 0.86191 0.0289955 0.02861
0 0.0342297 0.80854 0.0577431 0.0542655
0 0.433023 0.2104 0.025873 0.0256183
0 0.270203 0.216851 0.540405 0.433701
0 0.061469 0.58211 0.0226375 0.0218393
0 0.102866 0.632907 0.0393541 0.0382843
0 0.64688 0.900553 0.0397406 0.0380375
0 0.375713 0.681709 0.0493297 0.0470309
0 0.90923 0.387303 0.0595983 0.0559855
