0 0.769833 0.614102 0.0535431 0.0517602
0 0.251919 0.433782 0.0509739 0.0503628
0 0.833085 0.337206 0.0357305 0.0347229
0 0.816298 0.669618 0.0468945 0.0460639
0 0.27677 0.795083 0.0357817 0.0348875
0 0.92841 0.390785 0.0408392 0.0394386
0 0.792628 0.726937 0.0422873 0.0417826
0 0.821652 0.780005 0.0390016 0.0379353
0 0.698276 0.668573 0.0459001 0.045102
0 0.42592 0.253401 0.0307921 0.0295611
0 0.771498 0.952825 0.0441782 0.0423346
0 0.9094 0.735016 0.0257711 0.0253355
0 0.948397 0.551209 0.035919 0.034739
0 0.806398 0.462723 0.031753 0.0308569
0 0.692676 0.493576 0.0992077 0.0983797
0 0.901136 0.672181 0.0267721 0.0263993
0 0.0253532 0.198473 0.0403615 0.0391305
0 0.271021 0.180717 0.0250777 0.0245521
0 0.588656 0.971574 0.0387716 0.0373939
0 0.906821 0.6313 0.0257555 0.0248752
0 0.875881 0.77195 0.0286563 0.0278485
0 0.800337 0.217989 0.0262771 0.0257234
0 0.74412 0.806769 0.0261818 0.0251045
0 0.653879 0.441651 0.103572 0.0995534
0 0.609839 0.892573 0.0278895 0.0270901
0 0.233222 0.394212 0.0434119 0.0422896
0 0.446144 0.697235 0.0321165 0.0310531
0 0.157497 0.0928937 0.0272162 0.0266583
0 0.866505 0.729894 0.0260645 0.0252113
0 0.14371 0.316547 0.111905 0.109669
0 0.923332 0.988669 0.0392222 0.0226614
0 0.770517 0.571692 0.0297093 0.0291157
0 0.837613 0.707361 0.0425528 0.0425041
0 0.41022 0.95204 0.146908 0.0955367
0 0.508308 0.762811 0.0903618 0.0867982
0 0.691868 0.390103 0.0221303 0.0218008
0 0.0173224 0.486398 0.0346352 0.0414472
0 0.478074 0.907516 0.0244107 0.0244548
0 0.428083 0.784053 0.0766841 0.076055
0 0.872463 0.94541 0.0263162 0.0259333
0 0.537326 0.713778 0.0280735 0.0273589
0 0.833646 0.897536 0.0247801 0.0242861
0 0.313387 0.627546 0.0870931 0.0845211
0 0.316976 0.111281 0.0264103 0.0252244
0 0.783136 0.520009 0.0249079 0.0249233
0 0.852214 0.0827325 0.229021 0.165465
0 0.226371 0.794575 0.0240373 0.0235709
0 0.298442 0.909895 0.122874 0.121048
0 0.778239 0.927432 0.0246606 0.0249028
0 0.766748 0.536831 0.02862 0.0274113
0 0.330479 0.0856363 0.0293529 0.0287825
0 0.490252 0.591475 0.0770459 0.0744805
0 0.703786 0.740688 0.0263433 0.0266836
