0 0.235358 0.0713311 0.0576944 0.0543652
0 0.109435 0.623515 0.0344833 0.0322149
0 0.123411 0.664738 0.0341682 0.0323579
0 0.22932 0.542543 0.0321419 0.0304377
0 0.702769 0.655633 0.282829 0.258813
0 0.0496106 0.37073 0.0324403 0.0306955
0 0.0632382 0.227093 0.0295051 0.0283489
0 0.210871 0.815251 0.0310121 0.0294306
0 0.140127 0.791858 0.0294112 0.0279603
0 0.353815 0.0229343 0.0297865 0.0282488
0 0.616584 0.41363 0.0389073 0.0363996
0 0.238557 0.282945 0.0285197 0.0271307
0 0.889093 0.737124 0.221815 0.496965
0 0.356885 0.615245 0.0242468 0.0231485
0 0.652635 0.205449 0.0425382 0.0401335
0 0.24855 0.153038 0.023935 0.0229294
0 0.719589 0.202057 0.038991 0.0369426
0 0.0143857 0.843055 0.0280543 0.0278393
0 0.387053 0.0856601 0.0327655 0.0301363
0 0.149435 0.204234 0.0232757 0.0229582
0 0.354452 0.476024 0.0242602 0.0234844
0 0.267219 0.862308 0.0242613 0.0235677
0 0.27403 0.386537 0.0319062 0.0306509
0 0.257966 0.961559 0.0244953 0.0236312
0 0.359703 0.0523714 0.0279262 0.0269127
0 0.48748 0.445374 0.0238248 0.0225966
0 0.329303 0.535997 0.0252777 0.0244996
0 0.308517 0.013303 0.0237981 0.0228268
0 0.343904 0.699235 0.0272892 0.0258417
0 0.526922 0.994263 0.0286544 0.0114736
0 0.642995 0.173293 0.034211 0.0327075
