0 0.865716 0.079381 0.0837571 0.08149
0 0.801174 0.922702 0.0511891 0.0491345
0 0.686336 0.432871 0.0524934 0.0512524
0 0.526376 0.597978 0.038277 0.037515
0 0.661124 0.366643 0.0341276 0.032495
0 0.103457 0.712211 0.0347558 0.0337583
0 0.553761 0.382297 0.029665 0.0291587
0 0.770179 0.964688 0.0337029 0.0329277
0 0.176749 0.430911 0.0340654 0.0333714
0 0.155083 0.481328 0.0282102 0.0275279
0 0.91853 0.143812 0.0278316 0.0275109
0 0.697748 0.40622 0.0360384 0.0354903
0 0.429765 0.466643 0.0310314 0.0301795
0 0.769141 0.881249 0.0304251 0.0294789
0 0.416965 0.941017 0.0676814 0.0671153
0 0.208626 0.666678 0.0276575 0.0270739
0 0.17996 0.88878 0.0322225 0.0311718
0 0.784365 0.456218 0.025631 0.0251018
0 0.846119 0.866972 0.0427646 0.0413716
0 0.738833 0.840639 0.028078 0.0273692
0 0.441277 0.556537 0.0367171 0.0356574
0 0.57819 0.656273 0.0242512 0.0239761
0 0.659234 0.483983 0.0379977 0.0369514
0 0.957852 0.198824 0.0249318 0.024019
0 0.481083 0.00643037 0.0437433 0.0128266
0 0.428074 0.659848 0.0247581 0.0242282
0 0.357623 0.423178 0.0249456 0.0243164
0 0.881944 0.735639 0.0285346 0.0285447
0 0.631518 0.791476 0.0246854 0.0242944
0 0.578676 0.779877 0.0244926 0.0243529
0 0.228333 0.992208 0.0360974 0.0155426
0 0.878392 0.449252 0.0231857 0.0225705
0 0.699266 0.559997 0.0239201 0.0234776
0 0.241419 0.0590014 0.024067 0.0231321
0 0.251981 0.352693 0.0243963 0.0231578
0 0.272249 0.628259 0.0263035 0.0256209
0 0.647785 0.717764 0.0411961 0.0411789
0 0.3525 0.803536 0.0228674 0.0224411
0 0.0944607 0.863963 0.05836 0.0569686
0 0.534386 0.852162 0.0491445 0.0494817
