0 0.534935 0.819262 0.108512 0.0946314
0 0.211963 0.716185 0.0503082 0.0424847
0 0.716011 0.735511 0.029752 0.0278869
0 0.306043 0.75642 0.0408512 0.0335527
0 0.178144 0.263425 0.177898 0.154423
0 0.375316 0.763652 0.0286948 0.0249308
0 0.0905388 0.365931 0.0938921 0.0823056
0 0.886057 0.0941123 0.0915443 0.0773825
0 0.77855 0.878943 0.0265231 0.0242889
0 0.569701 0.0260009 0.0339212 0.0305843
0 0.969941 0.526944 0.0254982 0.0238755
0 0.537099 0.437805 0.0268018 0.0234397
0 0.0445931 0.0561808 0.0276401 0.0249248
0 0.452428 0.318367 0.10227 0.0891178
0 0.737175 0.235503 0.0640713 0.0533739
0 0.779572 0.803885 0.0233316 0.022017
0 0.31661 0.939046 0.157009 0.121215
0 0.796795 0.0911707 0.0513591 0.0467471
0 0.652852 0.0713664 0.0713512 0.0625065
0 0.120937 0.562644 0.0959854 0.0879532
0 0.189569 0.936961 0.0246704 0.0221076
0 0.434246 0.264545 0.190336 0.167189
0 0.0739083 0.809955 0.147711 0.198352
0 0.541396 0.293556 0.0610552 0.0535998
0 0.393468 0.592237 0.0346904 0.030101
0 0.968969 0.840745 0.0618825 0.070333
0 0.73439 0.0828898 0.0903945 0.080284
