0 0.504286 0.215698 0.233282 0.205566
0 0.95398 0.765576 0.0589897 0.0512447
0 0.838796 0.256101 0.0774343 0.0672679
0 0.471427 0.0829801 0.0967409 0.0848668
0 0.515599 0.0326199 0.0460566 0.0410776
0 0.589123 0.484651 0.040658 0.0362303
0 0.407594 0.161582 0.040786 0.0369098
0 0.099125 0.346095 0.036079 0.0309566
0 0.357845 0.319669 0.0331174 0.0299973
0 0.575577 0.79794 0.0362411 0.0330589
0 0.901589 0.785052 0.196822 0.343795
0 0.093791 0.178253 0.0513894 0.0441897
0 0.637923 0.0386764 0.0373309 0.0326862
0 0.421559 0.83488 0.0408495 0.0357523
0 0.19671 0.593667 0.0313594 0.0274482
0 0.0129803 0.0225228 0.0259607 0.0259166
0 0.279411 0.940354 0.105827 0.0910214
0 0.804714 0.693655 0.0374389 0.0331249
0 0.604339 0.0663678 0.0284455 0.0253635
0 0.767218 0.816625 0.0441035 0.0377667
0 0.433891 0.891791 0.0267611 0.0241383
0 0.450782 0.108037 0.026217 0.024151
0 0.142195 0.54842 0.027743 0.0243474
0 0.970384 0.439648 0.0277871 0.0249743
0 0.388487 0.713157 0.0400485 0.0354569
0 0.629003 0.379669 0.0377975 0.0329738
0 0.69572 0.194212 0.150442 0.127503
0 0.00705671 0.117915 0.0140661 0.0708728
0 0.576292 0.302555 0.0777441 0.0677361
0 0.11839 0.615755 0.0369836 0.0317797
0 0.632264 0.959341 0.0322256 0.0284996
0 0.562869 0.0391074 0.0244267 0.0223647
0 0.0386597 0.111886 0.0491327 0.0409355
0 0.492536 0.144299 0.0378741 0.0344628
0 0.659835 0.936002 0.0399004 0.0337359
0 0.396264 0.0765282 0.0253043 0.0228468
0 0.955459 0.288924 0.0883145 0.0804839
0 0.0136783 0.293422 0.0253669 0.0230155
0 0.301786 0.37528 0.0540284 0.0469386
0 0.858196 0.0950211 0.281405 0.189985
0 0.347664 0.976171 0.0253132 0.0227432
0 0.408065 0.0597661 0.0273548 0.0246628
0 0.0681498 0.958664 0.0278453 0.0231897
0 0.172498 0.014358 0.073286 0.028716
0 0.104345 0.732766 0.0583093 0.0498323
0 0.0346421 0.16629 0.0255083 0.0221634
0 0.118487 0.902911 0.114694 0.096382
0 0.895615 0.078021 0.206913 0.155537
