0 0.414868 0.140069 0.0565158 0.0413553
0 0.180246 0.127016 0.0400715 0.0297476
0 0.267749 0.812971 0.0350041 0.0275619
0 0.24387 0.226079 0.0350316 0.026474
0 0.337446 0.216668 0.0354651 0.0271362
0 0.290598 0.157918 0.0351231 0.0261499
0 0.685092 0.37112 0.0352092 0.0266824
0 0.283867 0.033662 0.0335937 0.0254482
0 0.765326 0.304029 0.0317578 0.023962
0 0.104305 0.0321441 0.0304178 0.0227442
0 0.292247 0.206833 0.0315799 0.0237934
0 0.143724 0.0924107 0.0284403 0.0218779
0 0.280771 0.179201 0.0280127 0.0210317
0 0.699053 0.349618 0.029767 0.0223968
0 0.698225 0.951074 0.0282828 0.0217634
