0 0.720302 0.353993 0.0548711 0.0539265
0 0.685561 0.616661 0.0527909 0.051013
0 0.97378 0.808936 0.0521708 0.0626181
0 0.975694 0.462066 0.0467142 0.0463452
0 0.108968 0.967134 0.0456005 0.0432084
0 0.500064 0.552069 0.0405205 0.0393764
0 0.910823 0.375002 0.0366845 0.0351498
0 0.86762 0.0789857 0.104895 0.100771
0 0.236532 0.500621 0.0296925 0.0287508
0 0.934684 0.972635 0.0356231 0.0340806
0 0.861565 0.381558 0.0307067 0.0302216
0 0.012624 0.175052 0.0252188 0.0662345
0 0.284364 0.363588 0.0361139 0.0352541
0 0.0244925 0.230675 0.0489849 0.078284
0 0.737997 0.419454 0.0352626 0.0344086
0 0.96693 0.501816 0.0254173 0.0248085
0 0.498404 0.488384 0.0372818 0.0357523
0 0.27702 0.866181 0.0318655 0.0317695
0 0.0648356 0.631059 0.0825765 0.0809645
0 0.156569 0.637612 0.0293198 0.0288242
0 0.165721 0.349363 0.0312959 0.0308779
0 0.289495 0.278222 0.0389208 0.0375245
0 0.831476 0.278542 0.0315643 0.0308447
0 0.214849 0.990951 0.0302981 0.0180979
0 0.839299 0.484798 0.0247929 0.024518
0 0.707127 0.700874 0.0275197 0.0276574
0 0.0141774 0.0922632 0.028311 0.095778
0 0.321882 0.629959 0.066686 0.0645079
0 0.875195 0.7772 0.0322197 0.0313296
0 0.978097 0.907657 0.023938 0.0236475
0 0.155968 0.233247 0.0349127 0.0336762
0 0.911859 0.517578 0.0320387 0.0313828
0 0.60415 0.685895 0.0254821 0.0246722
0 0.129825 0.921203 0.0292073 0.0280622
0 0.772456 0.0456156 0.103619 0.0910136
0 0.803948 0.456664 0.0250251 0.0252227
0 0.439334 0.544049 0.0346605 0.032547
0 0.753387 0.198088 0.0693727 0.0679111
0 0.693663 0.0157362 0.0968707 0.0313774
0 0.427496 0.472649 0.0249455 0.0244051
0 0.576052 0.0429139 0.165763 0.0856276
0 0.625564 0.544081 0.0336557 0.0325998
0 0.879856 0.370246 0.0247299 0.0244992
0 0.0122463 0.0355871 0.0243749 0.0261011
0 0.258638 0.437243 0.0236113 0.023005
0 0.233445 0.317648 0.0278486 0.0268943
0 0.289911 0.834651 0.0302618 0.0301165
0 0.482429 0.791659 0.0682687 0.0673542
0 0.908055 0.802773 0.0709866 0.0695188
0 0.177394 0.949571 0.0261206 0.0254741
0 0.514951 0.693375 0.0300488 0.0288177
0 0.0185343 0.680176 0.0370665 0.0687364
0 0.239643 0.694394 0.0367698 0.0364629
0 0.911628 0.603429 0.036984 0.0354452
0 0.255694 0.0837485 0.0246052 0.0240778
0 0.741188 0.460788 0.0247284 0.0245712
0 0.547871 0.953312 0.0610631 0.0593722
0 0.0945076 0.747086 0.0300652 0.0291027
0 0.946917 0.199663 0.063282 0.0600338
0 0.991761 0.315797 0.0164772 0.0221909
0 0.601214 0.294513 0.0235331 0.023671
0 0.959306 0.107758 0.0813883 0.106842
0 0.0485565 0.466258 0.0757062 0.0751617
0 0.533369 0.65859 0.0603164 0.0583043
