0 0.612955 0.84522 0.074077 0.0703402
0 0.678316 0.667719 0.0373247 0.0355756
0 0.740132 0.58866 0.0357227 0.0334601
0 0.578746 0.337492 0.026784 0.0258014
0 0.853903 0.571126 0.0389648 0.0369929
0 0.718578 0.645489 0.0310094 0.0292692
0 0.803592 0.327315 0.0360208 0.0353172
0 0.784564 0.207583 0.0276675 0.0269198
0 0.509265 0.873061 0.052109 0.0485096
0 0.758884 0.572912 0.0272102 0.0250649
0 0.834256 0.522976 0.0308619 0.0293469
0 0.612354 0.823826 0.0294645 0.0278701
0 0.853421 0.453924 0.026975 0.0258745
0 0.270703 0.855416 0.0365555 0.0355548
0 0.527599 0.905459 0.0616915 0.0575164
0 0.265431 0.784139 0.0311377 0.0304344
0 0.41716 0.830405 0.0265597 0.0259088
0 0.844037 0.537191 0.0251992 0.0242655
0 0.935794 0.26473 0.0341492 0.032755
0 0.653199 0.394174 0.0245202 0.0240322
0 0.839502 0.705228 0.0779576 0.0747554
0 0.770545 0.371631 0.0236852 0.0227799
0 0.756145 0.619984 0.0237374 0.0223252
0 0.79813 0.738399 0.0349866 0.0327936
0 0.625388 0.993324 0.0273469 0.0133524
0 0.975085 0.919333 0.0282926 0.027339
0 0.623248 0.938812 0.0508889 0.047623
0 0.53417 0.939174 0.0377867 0.0363172
0 0.927106 0.334132 0.0236732 0.0228391
0 0.448724 0.931198 0.0284729 0.0276106
0 0.851534 0.92652 0.0229004 0.0223738
