0 0.612256 0.400293 0.261744 0.261525
0 0.126031 0.209493 0.249869 0.253471
0 0.142122 0.370515 0.0862341 0.0843196
0 0.958061 0.287572 0.0574646 0.0561706
0 0.0711234 0.432808 0.0769149 0.0751473
0 0.828862 0.791831 0.0475866 0.0467278
0 0.775839 0.572604 0.11982 0.117644
0 0.982333 0.106723 0.0353336 0.0445352
0 0.487761 0.554788 0.0600157 0.0588698
0 0.770043 0.18491 0.28372 0.267286
0 0.263146 0.228362 0.0412173 0.0411396
0 0.579084 0.960654 0.0320998 0.0311291
0 0.766821 0.913523 0.029731 0.0299754
0 0.683792 0.92875 0.024965 0.0247955
0 0.518023 0.439841 0.0380428 0.0376349
0 0.884298 0.757643 0.0414491 0.0413155
0 0.257798 0.480464 0.0357542 0.0355767
0 0.112477 0.828119 0.0290352 0.0285157
0 0.821948 0.836343 0.0258157 0.0257158
0 0.268863 0.12687 0.0520444 0.0506424
0 0.415432 0.809083 0.0280857 0.0270335
0 0.869483 0.268821 0.0467066 0.0456591
0 0.632904 0.412799 0.0301692 0.0301843
0 0.143622 0.755787 0.287245 0.283174
0 0.557293 0.784584 0.034627 0.034375
0 0.302163 0.0839161 0.0291531 0.0289259
0 0.334525 0.365403 0.0247355 0.0245228
0 0.526002 0.886779 0.0249128 0.0245657
0 0.375875 0.564789 0.0403208 0.0395737
0 0.940727 0.813303 0.0254749 0.0251743
0 0.383889 0.947068 0.0294082 0.0289342
0 0.197791 0.609756 0.03072 0.0299705
0 0.157002 0.834017 0.0258837 0.0249968
0 0.82535 0.282273 0.0444648 0.0447195
0 0.642622 0.376151 0.0249063 0.0248125
0 0.181906 0.857126 0.0238693 0.0241122
0 0.0711149 0.33478 0.0255059 0.0253188
0 0.825584 0.388813 0.168995 0.165296
0 0.510487 0.74099 0.0425056 0.0416636
0 0.348011 0.646393 0.0287251 0.0280383
0 0.227863 0.0118268 0.0238741 0.0230514
0 0.550024 0.831816 0.0236626 0.023249
0 0.750094 0.369593 0.0324988 0.0316921
0 0.946064 0.836651 0.107872 0.326698
0 0.318885 0.55902 0.0606108 0.0596085
0 0.54315 0.132815 0.337067 0.264481
0 0.82152 0.308151 0.0292029 0.0288755
0 0.412288 0.667908 0.0295048 0.0287452
0 0.312958 0.29905 0.0231732 0.0231538
0 0.0882916 0.906025 0.0273781 0.0270295
0 0.371009 0.817297 0.0232375 0.0232647
0 0.0315685 0.871188 0.0277226 0.0265831
0 0.882057 0.0944655 0.0325743 0.0318924
0 0.46686 0.641919 0.0738554 0.0720076
0 0.665269 0.690367 0.0244597 0.0243278
0 0.162797 0.808569 0.325594 0.380308
0 0.909616 0.23156 0.0240415 0.0236558
0 0.473058 0.690268 0.0318514 0.0313836
0 0.252612 0.514354 0.0227137 0.0217414
0 0.0967476 0.757771 0.0222938 0.0216134
0 0.300594 0.47929 0.366583 0.36613
0 0.342796 0.74972 0.0290127 0.028888
0 0.192447 0.0941594 0.0364756 0.0360313
0 0.594286 0.661338 0.0456762 0.0453882
0 0.0142869 0.169514 0.0285739 0.0337419
0 0.896401 0.0303063 0.0247406 0.0241299
0 0.963882 0.195143 0.022659 0.0223304
0 0.996829 0.150052 0.0063427 0.0248385
0 0.215415 0.253128 0.063259 0.064189
0 0.978489 0.150232 0.0244162 0.0236563
0 0.993269 0.485838 0.0134628 0.0229111
0 0.237817 0.0569878 0.158239 0.113764
