0 0.611983 0.114314 0.0479708 0.0464533
0 0.446219 0.897933 0.0356951 0.0339403
0 0.356336 0.506937 0.0449631 0.0426486
0 0.881166 0.0122608 0.0263206 0.0244704
0 0.527731 0.672266 0.0339079 0.0323386
0 0.345174 0.0327421 0.0277488 0.0267465
0 0.652056 0.12974 0.0307622 0.0288526
0 0.124929 0.0936696 0.0322635 0.0311394
0 0.248182 0.387111 0.0289758 0.0275355
0 0.827722 0.234571 0.0257504 0.0242787
0 0.646259 0.566534 0.0295453 0.0282414
0 0.962927 0.270593 0.0267446 0.0253917
0 0.564853 0.418443 0.0271765 0.0260455
0 0.159725 0.453786 0.034263 0.0326349
0 0.525802 0.595 0.0250058 0.0243699
0 0.815688 0.313421 0.0308192 0.0291089
0 0.179244 0.423677 0.0279665 0.0270854
0 0.146766 0.428115 0.0298778 0.0289765
0 0.232313 0.793685 0.0282989 0.0263724
0 0.600954 0.788828 0.0256869 0.0238495
0 0.762107 0.608923 0.025504 0.0245001
0 0.968833 0.40877 0.0251604 0.024041
0 0.712334 0.227746 0.0237795 0.022705
0 0.924371 0.868013 0.0333979 0.0326354
0 0.514225 0.530868 0.0260315 0.0251176
0 0.500519 0.830255 0.0284511 0.0264325
0 0.970953 0.990663 0.0242285 0.018675
0 0.528819 0.012178 0.0241401 0.0227386
0 0.218594 0.0376992 0.0235035 0.0228488
0 0.589011 0.481987 0.0232837 0.0228334
0 0.523062 0.389408 0.0252894 0.0237441
0 0.218903 0.638307 0.0326851 0.0311292
0 0.01494 0.533365 0.023895 0.0228636
0 0.657494 0.428277 0.0244546 0.023551
0 0.797662 0.98599 0.0231972 0.0222652
0 0.764261 0.282519 0.0225624 0.0219582
0 0.440799 0.53436 0.0223317 0.021488
0 0.228016 0.7721 0.0228718 0.0218165
0 0.765502 0.921497 0.0295859 0.0280868
0 0.866097 0.854413 0.0245728 0.0241313
0 0.89855 0.873878 0.0237551 0.023149
