0 0.112898 0.49845 0.0675394 0.0595372
0 0.262878 0.0839799 0.0561044 0.0453162
0 0.727408 0.301128 0.0460548 0.0374839
0 0.0304724 0.384577 0.0524009 0.0452082
0 0.777408 0.00811337 0.0295033 0.0162267
0 0.165843 0.0230763 0.0687325 0.0461525
0 0.190399 0.846412 0.0451768 0.0371676
0 0.614668 0.889128 0.0872286 0.0683295
0 0.778178 0.575544 0.0714037 0.0597713
0 0.379842 0.270945 0.0868945 0.0730144
0 0.666233 0.435795 0.0837781 0.0710181
0 0.538303 0.973656 0.069971 0.0526875
0 0.263219 0.737372 0.0309284 0.0258684
0 0.297321 0.849939 0.0438699 0.0362734
0 0.535284 0.110763 0.0338855 0.0293052
0 0.110066 0.916976 0.0402992 0.0327808
0 0.571269 0.222972 0.0273995 0.0234134
0 0.378927 0.582553 0.0383779 0.0324184
0 0.570374 0.613765 0.0709885 0.0578623
0 0.199647 0.22472 0.0525705 0.0427498
0 0.10387 0.062154 0.0782069 0.0650391
0 0.241786 0.608703 0.0290647 0.0256995
0 0.654321 0.364596 0.047998 0.0409037
0 0.00609711 0.417158 0.0121942 0.0351262
0 0.363173 0.196381 0.0385784 0.0318629
0 0.259843 0.661029 0.0504436 0.0426525
0 0.368825 0.411185 0.0403081 0.0344519
0 0.478836 0.979774 0.062514 0.0401609
0 0.316268 0.604547 0.058211 0.0488734
0 0.0523551 0.980581 0.0323796 0.0254636
0 0.724928 0.421115 0.0268142 0.0238697
0 0.122032 0.157384 0.0429039 0.0343576
0 0.256121 0.599729 0.0514478 0.0441116
0 0.650247 0.0914759 0.0415521 0.0351159
0 0.418415 0.299128 0.0434824 0.0367154
0 0.212164 0.168648 0.0419907 0.0338827
0 0.142829 0.192725 0.0810594 0.069527
0 0.245493 0.208453 0.0507233 0.0409343
0 0.802884 0.94582 0.0775139 0.0602021
0 0.12367 0.950677 0.0809383 0.0662148
0 0.630236 0.666698 0.0305481 0.0251667
0 0.648053 0.19316 0.0408912 0.0342767
0 0.00911892 0.498112 0.0182378 0.0243673
0 0.203807 0.131981 0.0302924 0.0255796
0 0.167408 0.749494 0.0274199 0.0237091
0 0.173714 0.772477 0.0479126 0.0386631
0 0.156071 0.0679946 0.0403801 0.0335946
0 0.970255 0.963281 0.0594894 0.0734327
0 0.683127 0.0449851 0.0250797 0.0224957
0 0.911843 0.976946 0.0422784 0.0333261
0 0.641718 0.0606585 0.0427744 0.035035
0 0.652398 0.128775 0.0378838 0.0336046
