0 0.454996 0.21228 0.0274946 0.026604
0 0.489287 0.114804 0.0259302 0.0254305
0 0.499147 0.816083 0.0344558 0.0344084
0 0.421423 0.149089 0.0254081 0.0250979
0 0.125478 0.472035 0.0322847 0.031405
0 0.126977 0.492755 0.0276119 0.0267583
0 0.099397 0.545484 0.025023 0.024455
0 0.0343678 0.692232 0.0241928 0.0239997
0 0.0356699 0.531564 0.0384288 0.0368268
0 0.948974 0.126157 0.0311685 0.0308246
0 0.612659 0.834405 0.0300879 0.0291953
0 0.0753253 0.577809 0.0237679 0.0234673
0 0.977926 0.133048 0.024774 0.0242895
0 0.850978 0.737914 0.058949 0.0570898
