0 0.571896 0.460594 0.154745 0.150266
0 0.573517 0.193213 0.0892707 0.0852546
0 0.933481 0.479109 0.110877 0.107484
0 0.875649 0.659746 0.0739409 0.0698435
0 0.856739 0.309903 0.111988 0.113342
0 0.119154 0.629848 0.0684511 0.0669787
0 0.792535 0.106332 0.0661263 0.0651442
0 0.894284 0.769968 0.0571081 0.056073
0 0.732715 0.745789 0.0433499 0.0418549
0 0.310768 0.746833 0.0645168 0.0632318
0 0.819861 0.624047 0.0424763 0.0414338
0 0.894098 0.599492 0.0422101 0.0411167
0 0.924723 0.735485 0.0398355 0.0384099
0 0.0670708 0.0105613 0.0323238 0.0210697
0 0.770154 0.72049 0.0361593 0.035028
0 0.470781 0.0356834 0.0410256 0.0396021
0 0.642395 0.147797 0.0265455 0.0257657
0 0.921255 0.569163 0.0407784 0.0391531
0 0.829076 0.794262 0.0301324 0.0293197
0 0.782438 0.509023 0.0318707 0.0308022
0 0.282917 0.052188 0.0272419 0.0266867
0 0.926376 0.669253 0.0350714 0.0336285
0 0.797703 0.84192 0.0338604 0.0329447
0 0.889779 0.106901 0.0421475 0.0414712
0 0.356623 0.0918207 0.0308957 0.0301809
0 0.884351 0.524004 0.0301633 0.0290569
0 0.915087 0.392237 0.0567765 0.055055
0 0.777285 0.239539 0.066353 0.0665109
0 0.913584 0.0264136 0.0597844 0.0527629
0 0.882898 0.990661 0.0441794 0.0185271
0 0.782783 0.685603 0.0351068 0.0335057
0 0.724407 0.95954 0.0245501 0.0239502
0 0.715649 0.341786 0.026764 0.026746
0 0.306104 0.139414 0.0339513 0.0328152
0 0.00840987 0.34106 0.0168197 0.0236042
0 0.704446 0.470407 0.0245333 0.0241695
0 0.7728 0.902179 0.0363722 0.0354624
0 0.960758 0.964004 0.0285362 0.0272829
0 0.748972 0.281417 0.0315175 0.0310574
0 0.977809 0.608058 0.0348881 0.0339117
0 0.925843 0.612034 0.0336361 0.031802
0 0.984969 0.981129 0.029907 0.0334161
0 0.713922 0.103151 0.0470377 0.0450958
0 0.687538 0.756474 0.0630415 0.0620433
0 0.974834 0.554926 0.050332 0.0952768
0 0.949171 0.642611 0.0407415 0.039196
0 0.224336 0.161089 0.0345836 0.0329707
0 0.973611 0.0634139 0.0407748 0.0398601
0 0.966881 0.674687 0.0491855 0.0476148
0 0.415909 0.197091 0.0477229 0.0451445
0 0.299812 0.178453 0.0390197 0.03812
