0 0.318074 0.312201 0.327348 0.281983
0 0.808716 0.544889 0.217165 0.216962
0 0.0313005 0.922596 0.0624535 0.0820759
0 0.921013 0.810078 0.157974 0.291768
0 0.666997 0.850874 0.0589128 0.0563035
0 0.628387 0.729565 0.0362182 0.0348859
0 0.677937 0.951185 0.0451865 0.0433922
0 0.633111 0.628052 0.0423368 0.0411329
0 0.638425 0.599064 0.0375972 0.0365437
0 0.643717 0.694163 0.0330314 0.0321288
0 0.160894 0.75972 0.024548 0.0232806
0 0.563739 0.877616 0.0240269 0.0230557
0 0.490762 0.665591 0.0240773 0.0233526
0 0.732213 0.98601 0.059348 0.0278474
0 0.0186508 0.803616 0.026265 0.0240915
0 0.456537 0.745303 0.0481027 0.0472138
0 0.379932 0.971372 0.0258239 0.0251007
0 0.963825 0.271098 0.0233883 0.0227126
0 0.124108 0.582658 0.0252447 0.0244215
