0 0.762491 0.87074 0.149713 0.143469
0 0.771517 0.732562 0.0437112 0.0428854
0 0.514162 0.673085 0.0382721 0.0372974
0 0.581736 0.541698 0.0393286 0.038142
0 0.0148134 0.975209 0.0296268 0.0354071
0 0.855685 0.818937 0.0333275 0.0324736
0 0.394362 0.414153 0.0328218 0.0314603
0 0.399256 0.855181 0.0317853 0.0312325
0 0.921557 0.686517 0.0265821 0.0261724
0 0.786332 0.955722 0.0512995 0.0492042
0 0.830647 0.918795 0.0327739 0.0322952
0 0.958767 0.695993 0.0267272 0.0258479
0 0.817676 0.938492 0.0275487 0.0268942
0 0.472839 0.899906 0.149459 0.146484
0 0.953627 0.542668 0.0259933 0.0249843
0 0.731771 0.970108 0.0814495 0.0597834
0 0.161415 0.518019 0.0252692 0.0242596
0 0.994445 0.871476 0.0111095 0.0274968
0 0.518235 0.992663 0.0246511 0.0146744
0 0.522511 0.00487484 0.0276239 0.00965489
0 0.961717 0.843751 0.0244542 0.0238759
0 0.786199 0.610646 0.0687682 0.0660882
0 0.821645 0.181956 0.0388749 0.0388554
0 0.871268 0.329705 0.0373168 0.0355251
0 0.845759 0.720752 0.0812669 0.0786736
0 0.734792 0.308447 0.0414741 0.0393585
0 0.272912 0.24916 0.545824 0.495802
0 0.566835 0.887324 0.0468986 0.0453563
0 0.937338 0.501513 0.0655263 0.0627515
0 0.659126 0.56529 0.0234389 0.0228035
0 0.672404 0.988023 0.044782 0.0239013
0 0.220235 0.557196 0.0239075 0.0230182
0 0.0683108 0.804844 0.119325 0.113944
0 0.887287 0.676938 0.0221278 0.0217253
0 0.848113 0.431802 0.0228248 0.02209
