0 0.620193 0.741387 0.168888 0.153357
0 0.530204 0.816024 0.074049 0.0662567
0 0.0989845 0.906175 0.0671896 0.061474
0 0.78121 0.539736 0.0563025 0.0502023
0 0.529608 0.951423 0.0477097 0.0430138
0 0.43343 0.132417 0.183262 0.16441
0 0.904963 0.0373691 0.0860384 0.074252
0 0.642382 0.302225 0.0374822 0.0332115
0 0.0232988 0.0635502 0.0331417 0.0306317
0 0.894947 0.235485 0.0339717 0.0310262
0 0.170691 0.96799 0.0383616 0.0339735
0 0.065494 0.972471 0.0638396 0.0550581
0 0.871778 0.921553 0.0331011 0.0299027
0 0.969136 0.0297041 0.061295 0.0584217
0 0.95488 0.885068 0.0281618 0.0249781
0 0.346312 0.981064 0.0298519 0.0255812
0 0.0101076 0.609895 0.0202023 0.0374176
0 0.557947 0.273394 0.0347438 0.0314562
0 0.920475 0.155949 0.0283991 0.0268165
0 0.181034 0.627731 0.0260984 0.0234713
0 0.0103762 0.308033 0.0207175 0.0659657
0 0.0151339 0.155773 0.0253987 0.0239761
0 0.333958 0.893007 0.0352231 0.030125
0 0.170116 0.764689 0.0267146 0.0233526
0 0.420871 0.513135 0.0287522 0.026588
0 0.0101828 0.263988 0.0203455 0.0296648
0 0.00874019 0.825432 0.0174804 0.0227951
0 0.15931 0.00740866 0.0256988 0.0147701
0 0.495084 0.622118 0.105697 0.0954204
0 0.0118972 0.897671 0.0234742 0.0229608
0 0.161554 0.992459 0.0278223 0.0150829
0 0.947026 0.957151 0.105947 0.0856986
0 0.864764 0.358434 0.0248188 0.022661
0 0.184693 0.697755 0.222204 0.192745
0 0.647763 0.502564 0.0265155 0.0233027
0 0.368794 0.945105 0.0269473 0.0238846
0 0.205834 0.572118 0.0309352 0.0282457
0 0.546369 0.292788 0.0237594 0.0217544
0 0.793133 0.0916747 0.0237861 0.0221813
0 0.420533 0.615279 0.0238804 0.0224031
0 0.0845348 0.838084 0.0230505 0.0215685
