0 0.633712 0.208322 0.0494666 0.0466823
0 0.848424 0.0659503 0.0357223 0.0347672
0 0.676886 0.949909 0.0288746 0.0270025
0 0.160152 0.0612594 0.0268155 0.0263478
0 0.969402 0.437056 0.0257063 0.0252325
0 0.830302 0.0320741 0.0332723 0.0326013
0 0.881501 0.0501911 0.027634 0.0271203
0 0.0300262 0.10917 0.0256821 0.0249115
0 0.867128 0.343893 0.0338866 0.0327318
0 0.693326 0.450967 0.024225 0.0233238
0 0.172723 0.418571 0.0238855 0.0228479
0 0.636187 0.353095 0.023195 0.0221487
0 0.570597 0.474255 0.0242679 0.0237821
0 0.513911 0.940408 0.0235004 0.0225958
