0 0.136122 0.256294 0.271186 0.282062
0 0.660931 0.359223 0.0505071 0.0488416
0 0.847145 0.542588 0.0556772 0.0542042
0 0.710427 0.951243 0.0663745 0.060636
0 0.614624 0.591421 0.0382457 0.0376201
0 0.41115 0.812298 0.166338 0.160087
0 0.928619 0.47379 0.041838 0.0404414
0 0.259315 0.333496 0.0434394 0.0422766
0 0.11463 0.59382 0.106091 0.099407
0 0.754349 0.552668 0.0328557 0.031817
0 0.352302 0.80513 0.0404278 0.0386633
0 0.47438 0.907688 0.042878 0.0407864
0 0.193168 0.54371 0.0304978 0.0290849
0 0.71964 0.0847035 0.0419745 0.040792
0 0.0806748 0.747907 0.0354954 0.0337298
0 0.40924 0.498572 0.027926 0.0271674
0 0.534296 0.907806 0.0349153 0.0333524
0 0.520968 0.800147 0.0271964 0.0262628
0 0.217668 0.70736 0.0261506 0.0252646
0 0.421108 0.533948 0.026214 0.0255473
0 0.291085 0.897334 0.0258905 0.0251667
0 0.903403 0.57654 0.0265886 0.0258804
0 0.291934 0.491128 0.0281847 0.0274154
0 0.371945 0.993272 0.0326021 0.0134564
0 0.605971 0.325012 0.0272716 0.0261327
0 0.441929 0.0642767 0.0308156 0.0286677
0 0.028266 0.771844 0.0259452 0.0247608
0 0.272796 0.986692 0.0259345 0.0247002
0 0.33483 0.447024 0.0284761 0.0281272
0 0.12502 0.289516 0.0236905 0.0231981
0 0.173027 0.530326 0.0255421 0.0249416
0 0.0413544 0.864775 0.0236198 0.0225506
0 0.328626 0.914653 0.144213 0.136818
0 0.280007 0.103088 0.0500762 0.048337
0 0.868508 0.890624 0.0250454 0.0236891
0 0.703538 0.732559 0.0620806 0.0611024
0 0.278945 0.0690254 0.0345563 0.0337423
0 0.517534 0.98733 0.02564 0.0242084
0 0.0920438 0.0689156 0.0238802 0.0228481
0 0.261793 0.793763 0.0396874 0.0369893
0 0.110327 0.0128795 0.0254957 0.0236164
0 0.684268 0.816606 0.0228763 0.0218606
