0 0.878601 0.350645 0.242797 0.29992
0 0.759674 0.73866 0.0488176 0.0453484
0 0.397463 0.690768 0.0529396 0.0478165
0 0.287889 0.794982 0.0336289 0.0307838
0 0.42973 0.585574 0.041528 0.0381188
0 0.226556 0.546684 0.0302541 0.0276413
0 0.535161 0.86187 0.0495963 0.0467785
0 0.15612 0.517178 0.0474373 0.0416099
0 0.436954 0.934772 0.0571555 0.0543966
0 0.386336 0.597076 0.0393454 0.0354428
0 0.104537 0.20418 0.0324562 0.0283657
0 0.0967956 0.386325 0.043241 0.0377673
0 0.170743 0.230114 0.0266038 0.0238654
0 0.325969 0.925311 0.0266826 0.025074
0 0.499859 0.210686 0.0642343 0.0575683
0 0.563172 0.290184 0.0496056 0.0435867
0 0.546184 0.180297 0.0508585 0.0433187
0 0.819031 0.798221 0.0427454 0.0400801
0 0.362181 0.633121 0.0270712 0.0236776
0 0.713211 0.852281 0.0252371 0.0239937
0 0.401758 0.954039 0.0298358 0.0283425
0 0.123576 0.45528 0.0399469 0.0352213
0 0.232445 0.516538 0.0255624 0.0234773
0 0.473462 0.572265 0.0333311 0.0302393
0 0.444741 0.763529 0.0257657 0.0240695
0 0.231527 0.430788 0.0246541 0.023029
0 0.109182 0.840824 0.0243275 0.022719
0 0.562345 0.221455 0.0500838 0.0433918
0 0.336203 0.425144 0.0247612 0.0228949
0 0.097047 0.992515 0.0270907 0.0149699
0 0.426457 0.818078 0.0380566 0.0352677
0 0.838215 0.683324 0.0505709 0.0484344
0 0.389727 0.929074 0.0292176 0.0273051
0 0.376392 0.813036 0.025594 0.0246742
0 0.240221 0.214204 0.0365379 0.0326349
0 0.0642018 0.3818 0.0322055 0.0288273
0 0.882895 0.838278 0.0418856 0.040424
0 0.593131 0.328237 0.0449107 0.0395167
0 0.271611 0.866759 0.0377233 0.0344947
0 0.278046 0.252093 0.0373581 0.0335499
0 0.197665 0.697465 0.0468343 0.0416023
0 0.241722 0.674349 0.0241563 0.0226855
0 0.394604 0.906526 0.0330904 0.0314015
0 0.536328 0.815411 0.0311121 0.0292858
0 0.254395 0.928284 0.0320503 0.0301674
0 0.86451 0.905052 0.0445189 0.0425446
0 0.186953 0.359226 0.02402 0.0217527
0 0.13395 0.394874 0.0390472 0.0336053
0 0.238199 0.760575 0.0382392 0.0347278
0 0.272701 0.253843 0.0481004 0.0415428
0 0.222471 0.350851 0.0237673 0.0221038
0 0.256081 0.291876 0.0300355 0.0267538
0 0.370778 0.41276 0.0232203 0.0218926
0 0.566109 0.923219 0.032479 0.0305294
0 0.912529 0.594045 0.0355649 0.0338672
0 0.974715 0.870943 0.0412914 0.0370578
0 0.0777525 0.804537 0.0246021 0.0231362
0 0.774331 0.919449 0.0313923 0.0297675
0 0.677803 0.561353 0.0256135 0.02426
0 0.560875 0.340624 0.0252006 0.0229035
0 0.32831 0.12359 0.0235728 0.0218923
0 0.813565 0.972906 0.0240335 0.0226984
0 0.883095 0.578982 0.0371151 0.0339074
0 0.71536 0.557339 0.0270403 0.0254316
0 0.841828 0.733277 0.0465837 0.0444591
