0 0.705987 0.326079 0.0888814 0.0875273
0 0.672191 0.492307 0.0908787 0.0889462
0 0.82194 0.208662 0.0979794 0.0951322
0 0.588623 0.863434 0.0623751 0.0595935
0 0.242195 0.265693 0.152598 0.14129
0 0.86341 0.064278 0.0849152 0.0812291
0 0.646707 0.289442 0.0564807 0.0561029
0 0.0757162 0.0908295 0.0475454 0.0445891
0 0.881015 0.584043 0.23797 0.305917
0 0.595689 0.654751 0.121782 0.1164
0 0.15562 0.452326 0.0567943 0.0522867
0 0.719624 0.404461 0.0416181 0.0405644
0 0.898179 0.563191 0.0304777 0.0300826
0 0.659705 0.39826 0.033071 0.0319099
0 0.88617 0.375214 0.0309641 0.0308784
0 0.0174154 0.976033 0.0323225 0.0320399
0 0.546259 0.461399 0.0286274 0.0282549
0 0.213812 0.093071 0.0381387 0.0348299
0 0.575146 0.98808 0.0331453 0.02384
0 0.677685 0.245843 0.0816064 0.0792874
0 0.793037 0.331994 0.030449 0.0299089
0 0.628129 0.208759 0.0302526 0.0300853
0 0.330337 0.940326 0.0257024 0.0252317
0 0.97604 0.130574 0.0271272 0.0259945
0 0.923356 0.732125 0.0346432 0.0334938
0 0.612474 0.672999 0.0285912 0.0282306
0 0.0759091 0.64134 0.0320317 0.0300045
0 0.68334 0.765155 0.037281 0.0350595
0 0.111495 0.210657 0.037331 0.0337646
0 0.489369 0.40311 0.0278355 0.027552
0 0.527244 0.726062 0.0255486 0.0247581
0 0.787753 0.0381654 0.0442286 0.0425274
0 0.542565 0.28441 0.0492309 0.0476564
0 0.0931263 0.520339 0.0253232 0.0243939
0 0.609001 0.0929359 0.283514 0.184487
0 0.207815 0.484909 0.0647238 0.0589727
0 0.788971 0.0831776 0.0521913 0.0509995
0 0.681901 0.222953 0.0250389 0.0248252
0 0.983944 0.200967 0.0319136 0.0724313
0 0.505154 0.966219 0.028668 0.0277465
0 0.779887 0.491232 0.0415393 0.0403335
0 0.261155 0.646778 0.0311264 0.0290278
0 0.771714 0.989107 0.0365133 0.0217869
0 0.533666 0.214763 0.0362849 0.035231
0 0.350721 0.736441 0.0623746 0.0589509
0 0.0641015 0.457785 0.0254929 0.024017
0 0.00693612 0.0504183 0.0138722 0.0425755
0 0.471353 0.95955 0.033095 0.0320837
0 0.0306242 0.992949 0.0262336 0.0141018
0 0.550426 0.257716 0.0374246 0.0370201
0 0.471346 0.788738 0.0551756 0.0529
0 0.55998 0.34633 0.0249197 0.024441
0 0.888587 0.170011 0.0263579 0.025613
0 0.512386 0.376896 0.0473666 0.0461886
0 0.590354 0.3995 0.0238411 0.0237558
0 0.590658 0.729591 0.0242242 0.0235775
0 0.743061 0.120572 0.0366653 0.0370479
0 0.143533 0.0564448 0.0292164 0.0275635
0 0.765541 0.409841 0.0275119 0.0271385
0 0.627058 0.844009 0.0332026 0.0315287
0 0.875043 0.439499 0.0253336 0.0242749
0 0.704171 0.257229 0.0314702 0.0305434
0 0.477578 0.828211 0.0352386 0.0334524
0 0.273104 0.478734 0.0661222 0.0613024
0 0.66966 0.00931175 0.0364969 0.0185801
0 0.41951 0.687562 0.028541 0.0279674
0 0.068084 0.940973 0.024148 0.023807
0 0.17876 0.052241 0.0268658 0.0255091
0 0.690836 0.888906 0.034253 0.032987
0 0.48717 0.688025 0.0315438 0.0313923
0 0.633992 0.789685 0.0237255 0.0234594
0 0.988898 0.364152 0.0222048 0.0594941
0 0.36836 0.773843 0.0243192 0.0237589
0 0.979972 0.822937 0.0248699 0.0245536
0 0.867653 0.00889792 0.063354 0.0177768
0 0.978629 0.296688 0.0229015 0.0223994
0 0.11844 0.893537 0.0292885 0.0292693
0 0.569312 0.443194 0.0913057 0.0898808
0 0.500758 0.84737 0.0257854 0.0251164
0 0.439651 0.224588 0.0406405 0.0390368
0 0.781049 0.423183 0.0248171 0.0240504
0 0.00333863 0.102575 0.00667727 0.0288063
0 0.834237 0.269139 0.0539701 0.0516527
0 0.752594 0.442047 0.0344954 0.0329398
0 0.987031 0.152051 0.0258652 0.0278617
0 0.497638 0.341793 0.0244664 0.0239848
0 0.256766 0.448079 0.064134 0.0582709
0 0.527559 0.664852 0.022478 0.0224105
0 0.566938 0.216247 0.023386 0.0234249
0 0.685874 0.636214 0.0589716 0.059109
0 0.878553 0.0941133 0.0241556 0.0237812
0 0.717783 0.775103 0.0313688 0.0293429
0 0.199583 0.920413 0.032615 0.0312343
0 0.569972 0.903605 0.0266595 0.0253418
0 0.689191 0.718321 0.0228665 0.0222966
