0 0.113961 0.86144 0.0629338 0.0557666
0 0.891629 0.179287 0.0634458 0.0595535
0 0.845455 0.702999 0.0500539 0.0459843
0 0.0430383 0.865789 0.0462226 0.0413645
0 0.649664 0.794932 0.047868 0.0428985
0 0.779904 0.705714 0.0395769 0.0375699
0 0.248525 0.58262 0.0392051 0.0373183
0 0.501688 0.726226 0.057831 0.0530931
0 0.40731 0.160546 0.0330599 0.031462
0 0.48871 0.464404 0.0471014 0.0446326
0 0.672267 0.433654 0.037065 0.0346264
0 0.0241328 0.0875915 0.0482656 0.0563457
0 0.604788 0.976314 0.0302943 0.0277887
0 0.408459 0.109965 0.0256173 0.0241187
0 0.501482 0.228588 0.0370439 0.0355884
0 0.919895 0.899266 0.0292172 0.0271052
0 0.792626 0.496081 0.0279234 0.0262449
0 0.854419 0.287072 0.0447388 0.0419356
0 0.835587 0.548906 0.0352825 0.0329199
0 0.516928 0.987276 0.0265193 0.0243414
0 0.618666 0.0611944 0.0287227 0.0260824
0 0.707645 0.728582 0.0328836 0.0307403
0 0.557376 0.768565 0.0274043 0.0255464
0 0.721321 0.663678 0.0256211 0.0237374
0 0.869017 0.330503 0.0597081 0.0560229
0 0.52913 0.370543 0.03152 0.03025
0 0.716469 0.706616 0.031146 0.0287406
0 0.331852 0.618397 0.0276691 0.0262749
0 0.3977 0.0745221 0.0249553 0.0235499
0 0.369472 0.607075 0.0285882 0.0266984
0 0.017873 0.0576189 0.0339561 0.0313999
0 0.838624 0.181268 0.0343673 0.0313959
0 0.129312 0.356926 0.0290544 0.0265088
0 0.820229 0.101341 0.0303421 0.0281684
0 0.530459 0.343215 0.0329023 0.0312478
0 0.619476 0.895856 0.0279635 0.0253594
0 0.607863 0.3214 0.0292864 0.0282111
0 0.618977 0.927936 0.0291595 0.0263949
0 0.846881 0.583159 0.0335901 0.0311143
0 0.843018 0.516389 0.0268669 0.0252725
0 0.975042 0.478814 0.026644 0.0248466
0 0.852321 0.601161 0.0272436 0.0256357
0 0.0361325 0.469244 0.0255383 0.0240723
0 0.802485 0.0310684 0.0245847 0.0232335
0 0.717161 0.434299 0.0248667 0.0237324
0 0.811855 0.166786 0.0362544 0.0336319
0 0.856149 0.0503695 0.0319075 0.0303018
0 0.61018 0.345955 0.0264244 0.0254623
0 0.435816 0.338205 0.0238464 0.0224799
0 0.851842 0.0793935 0.0457554 0.043287
0 0.854284 0.223695 0.038473 0.0357566
0 0.590594 0.229849 0.0245893 0.0232497
0 0.633579 0.387874 0.0267668 0.0256231
0 0.606389 0.836579 0.025852 0.0240674
0 0.912754 0.371976 0.0235524 0.0225054
0 0.613017 0.865249 0.0334336 0.0308867
0 0.804963 0.00652991 0.025141 0.0130118
0 0.860731 0.0984632 0.037663 0.0356434
0 0.500293 0.356136 0.0306463 0.0292654
0 0.68203 0.411041 0.0327078 0.0307682
0 0.72708 0.00568221 0.0331405 0.0113476
0 0.433492 0.237298 0.0245078 0.0234553
0 0.577751 0.0901967 0.0245052 0.0228181
0 0.970653 0.086312 0.0232463 0.0224918
0 0.575529 0.162196 0.0307038 0.0293813
0 0.766804 0.36162 0.0239875 0.022999
0 0.357414 0.892601 0.0243132 0.0227537
0 0.810051 0.13074 0.0297327 0.0278404
0 0.969919 0.433027 0.0236389 0.0218089
0 0.893493 0.25261 0.0297934 0.0284773
0 0.390915 0.838243 0.029221 0.0267115
0 0.114023 0.0996464 0.0259635 0.0245202
0 0.846018 0.424798 0.0236021 0.0223503
0 0.583069 0.425812 0.0273592 0.0263127
0 0.69141 0.376684 0.0225015 0.021701
0 0.806279 0.376122 0.0234949 0.0221303
0 0.670541 0.627563 0.0326977 0.0290356
0 0.22944 0.700455 0.0235723 0.0227232
0 0.711527 0.818785 0.0223579 0.0211341
0 0.826659 0.567585 0.0232758 0.0217927
0 0.863845 0.374899 0.0305172 0.0285567
0 0.616263 0.150306 0.0433189 0.0415943
0 0.0400896 0.408385 0.026624 0.0245494
0 0.848788 0.341345 0.024261 0.0231652
0 0.0906748 0.151169 0.0316224 0.0284985
0 0.984213 0.608571 0.0228183 0.0222383
0 0.623957 0.164289 0.0384583 0.0370812
0 0.827391 0.0428377 0.0277441 0.0264975
0 0.777413 0.536766 0.0249842 0.0234094
0 0.669415 0.0255192 0.0232165 0.021893
0 0.511259 0.692407 0.0240269 0.0227083
0 0.910016 0.310274 0.0229125 0.0219548
0 0.723952 0.466303 0.0216162 0.0211637
0 0.701612 0.627613 0.026238 0.0242697
0 0.202389 0.0298247 0.0264333 0.0248187
0 0.870294 0.315674 0.0300763 0.0280952
0 0.22687 0.722293 0.0332916 0.0313416
