0 0.543243 0.377713 0.346797 0.313621
0 0.935896 0.216258 0.128032 0.130397
0 0.291007 0.148417 0.463585 0.29435
0 0.0217864 0.618713 0.0367929 0.0318135
0 0.205912 0.78898 0.0335475 0.030102
0 0.47756 0.967726 0.0297967 0.0274467
0 0.826892 0.80604 0.0314502 0.0281857
0 0.0118064 0.585307 0.0235843 0.0277527
0 0.250283 0.751403 0.0282123 0.0256208
0 0.814998 0.986555 0.0695185 0.0268906
0 0.342193 0.631122 0.036092 0.0326467
0 0.866103 0.0974237 0.0450168 0.0372767
0 0.760223 0.711839 0.0282372 0.0249867
0 0.332808 0.966521 0.0266728 0.0237765
0 0.0512267 0.591821 0.0278545 0.0250242
0 0.219954 0.902701 0.0278861 0.0253523
0 0.759218 0.629112 0.0296068 0.0279751
0 0.938371 0.600856 0.0431895 0.0385346
0 0.414619 0.938652 0.0246412 0.0226999
0 0.899697 0.867014 0.0571621 0.0509818
0 0.914224 0.862945 0.171552 0.27411
0 0.742727 0.792235 0.024125 0.022443
0 0.900547 0.144934 0.0347298 0.0286064
0 0.255304 0.969798 0.0240588 0.0224037
0 0.011916 0.274779 0.0233398 0.0224413
0 0.884506 0.131918 0.0299206 0.024949
0 0.142365 0.896343 0.0237119 0.0223372
0 0.230367 0.502633 0.0239238 0.0231833
0 0.369301 0.907484 0.0223639 0.0208882
0 0.819301 0.64861 0.0379358 0.0348377
