0 0.115739 0.271785 0.0487496 0.0458737
0 0.422696 0.398088 0.0425921 0.0407318
0 0.53968 0.593968 0.0365447 0.0357104
0 0.410379 0.335914 0.044544 0.0423305
0 0.214565 0.11784 0.0301598 0.0295098
0 0.0549474 0.0845019 0.0306503 0.0298027
0 0.0195983 0.236184 0.0391495 0.0445657
0 0.476906 0.858256 0.0325774 0.031354
0 0.0479935 0.127332 0.0295764 0.0286814
0 0.338095 0.644348 0.0337894 0.0327766
0 0.596403 0.983706 0.0312071 0.0304668
0 0.442653 0.0442089 0.0507619 0.0474418
0 0.204929 0.0259413 0.0280379 0.0273209
0 0.185798 0.509264 0.0307701 0.0302041
0 0.701258 0.844493 0.0270286 0.0266074
0 0.790184 0.55348 0.0294912 0.0286489
0 0.741827 0.683373 0.0564297 0.0558107
0 0.549353 0.646723 0.0308785 0.0303955
0 0.533947 0.894247 0.0280122 0.0270661
0 0.495127 0.617664 0.0271578 0.0267172
0 0.674512 0.0531352 0.0267396 0.0258463
0 0.414759 0.536463 0.0308934 0.0298765
0 0.289145 0.941164 0.0311089 0.0305861
0 0.907096 0.57787 0.0251097 0.0242853
0 0.325189 0.208596 0.0393752 0.038287
0 0.49285 0.686417 0.02642 0.0257318
0 0.0892641 0.110409 0.0241102 0.0235237
0 0.197988 0.897176 0.0249276 0.0243883
0 0.237164 0.97385 0.0258419 0.0249944
0 0.104632 0.335826 0.0301041 0.0292369
0 0.0560092 0.892822 0.112018 0.214356
0 0.36916 0.175578 0.0343514 0.0324544
0 0.971652 0.2561 0.0258095 0.0241994
0 0.236556 0.956088 0.0283775 0.027271
0 0.668782 0.0250456 0.0256691 0.025344
0 0.886775 0.958605 0.0333487 0.0317049
0 0.942591 0.522288 0.0240035 0.023051
0 0.378842 0.355161 0.0279083 0.0260639
0 0.0956068 0.233307 0.0311352 0.0301401
0 0.439862 0.207326 0.0352772 0.0335872
0 0.023515 0.354245 0.0469786 0.050801
0 0.372117 0.518646 0.0241545 0.0237791
0 0.275041 0.142165 0.0290186 0.0281172
0 0.781844 0.902939 0.0231856 0.0226624
0 0.057168 0.270701 0.0603292 0.0579009
0 0.713674 0.766004 0.0250716 0.0248725
0 0.0975055 0.36662 0.0364864 0.0343404
0 0.390388 0.38549 0.0233935 0.0224451
0 0.784214 0.842546 0.0245471 0.0242902
0 0.240042 0.34746 0.0282204 0.0272737
0 0.398703 0.123825 0.0249995 0.0238976
0 0.990733 0.971319 0.0185307 0.0233224
0 0.471145 0.206137 0.0279934 0.0266543
0 0.323057 0.0804111 0.0229683 0.0221503
0 0.369754 0.983952 0.0233757 0.0229867
0 0.162126 0.196419 0.0246156 0.0238007
0 0.806909 0.846036 0.0224264 0.0221173
0 0.382406 0.304212 0.022789 0.0220863
0 0.716224 0.32883 0.0251918 0.024315
0 0.283211 0.979425 0.0248218 0.0241777
