0 0.487755 0.098008 0.126587 0.123365
0 0.375261 0.437141 0.0524624 0.0499704
0 0.395236 0.16225 0.0377862 0.0361937
0 0.271256 0.238652 0.0369434 0.0356812
0 0.890714 0.313035 0.0347611 0.0339109
0 0.61791 0.777791 0.0620872 0.0571895
0 0.651014 0.194284 0.11239 0.107584
0 0.465944 0.520437 0.0406766 0.0394306
0 0.614113 0.670994 0.0320432 0.0296164
0 0.704986 0.973814 0.0295116 0.0282406
0 0.343928 0.699359 0.0300922 0.0290854
0 0.0969874 0.989407 0.0441056 0.021187
0 0.739525 0.822166 0.0296523 0.0278487
0 0.752304 0.559915 0.0272312 0.0253015
0 0.801431 0.0400794 0.025677 0.0246067
0 0.201724 0.890161 0.0269258 0.0258985
0 0.426469 0.5832 0.0366839 0.0364701
0 0.423829 0.652204 0.0284559 0.0270671
0 0.112996 0.369172 0.0279581 0.0265333
0 0.377093 0.783006 0.024703 0.0235915
0 0.194876 0.752276 0.0241492 0.0234205
0 0.546896 0.66397 0.0282054 0.0273205
0 0.581368 0.731343 0.0332758 0.031087
0 0.76139 0.935277 0.0303895 0.0298796
0 0.0900777 0.0531936 0.0237408 0.0226369
0 0.891804 0.771658 0.0326939 0.0292295
0 0.0523427 0.459735 0.0461105 0.0438952
0 0.0163536 0.471252 0.032699 0.0415473
0 0.704597 0.0109276 0.034205 0.0218552
0 0.511936 0.571165 0.0257281 0.0254886
0 0.630682 0.990082 0.0233062 0.0198369
0 0.503931 0.990317 0.0293105 0.0193667
0 0.57273 0.273996 0.0476794 0.0454918
0 0.723086 0.65415 0.0293148 0.0270702
0 0.125511 0.00760795 0.0362021 0.0151843
0 0.448437 0.527652 0.0243047 0.0232518
