0 0.211517 0.356352 0.283288 0.277883
0 0.15563 0.377138 0.0961194 0.0913774
0 0.577841 0.939349 0.154097 0.121303
0 0.712561 0.0897046 0.383393 0.179365
0 0.0773101 0.638176 0.0615929 0.0572043
0 0.28541 0.697637 0.0981375 0.0901108
0 0.635354 0.254218 0.138806 0.130088
0 0.865474 0.559223 0.037149 0.0350915
0 0.890124 0.68771 0.113042 0.106773
0 0.958803 0.987262 0.0404946 0.0254766
0 0.740471 0.986356 0.0381084 0.0270038
0 0.715685 0.837891 0.0300033 0.0278158
0 0.909406 0.351965 0.181188 0.427593
0 0.603107 0.676555 0.0341565 0.0310949
0 0.433855 0.061972 0.0285805 0.0265234
0 0.753021 0.353746 0.033569 0.0313619
0 0.41489 0.287252 0.0331545 0.0319959
0 0.873686 0.838052 0.193563 0.177581
0 0.85038 0.627892 0.0277252 0.0259926
0 0.540743 0.135227 0.0297216 0.0279839
0 0.238715 0.679843 0.0307942 0.0287317
0 0.43025 0.308346 0.0275709 0.0261781
0 0.490617 0.172491 0.0265018 0.0250958
0 0.405005 0.551007 0.0315938 0.0293326
0 0.112926 0.0125766 0.0982505 0.0250834
0 0.743879 0.602663 0.034035 0.0310645
0 0.480755 0.0264366 0.0456311 0.0399689
0 0.53615 0.338474 0.0259722 0.0249201
0 0.710729 0.324603 0.0401963 0.0377147
0 0.233127 0.957077 0.0268583 0.0253825
0 0.419931 0.260299 0.0297119 0.0283285
0 0.699512 0.223721 0.0281292 0.0257478
0 0.603045 0.831928 0.0339328 0.0313557
0 0.447642 0.0381049 0.0258148 0.0232433
0 0.0404179 0.0132177 0.0544667 0.0264264
0 0.32842 0.0416442 0.0245426 0.0226077
0 0.71394 0.84065 0.285602 0.261824
0 0.372399 0.198754 0.0273987 0.0250451
0 0.408849 0.173286 0.0238471 0.0228171
0 0.07372 0.0844889 0.0229146 0.0219987
0 0.749815 0.563894 0.0431328 0.0408399
0 0.529378 0.0215241 0.0243585 0.0230215
