0 0.137159 0.0228664 0.0838408 0.045474
0 0.56871 0.334428 0.0577855 0.0548944
0 0.735577 0.434931 0.0528971 0.0508996
0 0.795063 0.0945959 0.0442781 0.0430304
0 0.503797 0.687722 0.039607 0.0378976
0 0.57478 0.396976 0.0315897 0.0302333
0 0.531706 0.0744343 0.0444351 0.0422581
0 0.142045 0.510351 0.0334842 0.0325923
0 0.622251 0.225893 0.0351424 0.0338123
0 0.0564424 0.0152064 0.0261818 0.0256573
0 0.509008 0.242482 0.0295077 0.028625
0 0.176536 0.0858581 0.0631854 0.0610742
0 0.643255 0.0811938 0.0366443 0.0353292
0 0.0519374 0.0777835 0.015622 0.0156038
0 0.0637943 0.242747 0.0342763 0.0333309
0 0.331207 0.453082 0.0353443 0.0344024
0 0.0163617 0.086891 0.0136093 0.0134588
0 0.128122 0.243004 0.0365498 0.0357971
0 0.990185 0.0129836 0.019622 0.0256386
0 0.0668246 0.962593 0.0256315 0.0244794
0 0.145469 0.368549 0.0269895 0.0261768
0 0.299944 0.38984 0.0249426 0.0242307
0 0.323627 0.783687 0.0474548 0.0445752
0 0.278107 0.692132 0.0329875 0.0320066
0 0.178407 0.244307 0.024045 0.0233447
0 0.200182 0.523997 0.0240918 0.0237417
0 0.204627 0.158058 0.0265667 0.0263228
0 0.325876 0.617803 0.0257308 0.0249175
0 0.570412 0.611387 0.0297854 0.0285731
0 0.311442 0.750807 0.0431244 0.040622
0 0.262547 0.428924 0.0293159 0.0288938
0 0.752131 0.59421 0.0246382 0.0239195
0 0.0422041 0.146075 0.0221933 0.0219665
0 0.644962 0.704464 0.0381422 0.036401
0 0.831809 0.683516 0.0246191 0.0240999
0 0.770928 0.486893 0.0333278 0.0315522
0 0.552518 0.0523035 0.0286824 0.0275027
0 0.915829 0.54344 0.0248318 0.0239811
0 0.440039 0.508792 0.0240297 0.0230904
0 0.173346 0.470975 0.0230491 0.0227172
0 0.0659866 0.474132 0.0233528 0.0230084
0 0.371656 0.332242 0.0230824 0.0225996
0 0.0755055 0.12135 0.0205526 0.0203745
0 0.766888 0.345076 0.0266204 0.0259749
0 0.116953 0.966237 0.0234744 0.0227299
0 0.924545 0.657089 0.0248796 0.0244551
0 0.762893 0.856811 0.0233968 0.0231215
0 0.307819 0.715744 0.0453352 0.0425143
0 0.2334 0.0122689 0.0236059 0.0230593
0 0.855857 0.67282 0.0244129 0.0237494
0 0.641126 0.174111 0.0233839 0.0224908
0 0.0308807 0.368698 0.0233507 0.023061
0 0.679573 0.690083 0.029274 0.0283399
0 0.815408 0.250095 0.022809 0.0224911
0 0.0666441 0.436589 0.0238206 0.0235811
0 0.206961 0.784625 0.0330324 0.0322882
0 0.778203 0.191294 0.0239978 0.0230814
0 0.996557 0.554842 0.00688639 0.0370994
0 0.299822 0.853683 0.0230173 0.0220844
0 0.290067 0.616264 0.036691 0.0355761
0 0.747969 0.303474 0.0260202 0.0253454
0 0.388814 0.100118 0.025129 0.0243124
0 0.0259978 0.273118 0.0140461 0.0140892
0 0.988572 0.962154 0.0227091 0.0244445
0 0.86861 0.597071 0.0231417 0.022603
0 0.100064 0.44853 0.022914 0.0222666
0 0.275277 0.457619 0.0473742 0.0456538
0 0.460583 0.61329 0.0237099 0.0226807
0 0.0579116 0.170101 0.0198989 0.019977
0 0.282056 0.926075 0.0239451 0.0231607
0 0.924822 0.984372 0.0250833 0.0249426
0 0.246463 0.967493 0.0230139 0.0224348
0 0.199458 0.339481 0.0187259 0.0185957
0 0.442263 0.671068 0.0234771 0.0228623
0 0.0628799 0.285354 0.0193536 0.0190475
0 0.577171 0.227389 0.0224771 0.0218061
0 0.800503 0.807071 0.0245875 0.0236913
0 0.124087 0.221748 0.0191622 0.0187763
0 0.621353 0.10164 0.0223167 0.0214799
0 0.765806 0.804731 0.0225801 0.0221923
0 0.121569 0.836873 0.0214511 0.0206303
0 0.880633 0.839955 0.0244584 0.0244559
0 0.484274 0.0394321 0.0235806 0.0226265
0 0.1577 0.198801 0.0206192 0.020006
0 0.991085 0.146764 0.0178299 0.0211955
0 0.303118 0.873177 0.0232789 0.0224244
0 0.81048 0.272182 0.0250931 0.0241425
0 0.892977 0.351604 0.0225139 0.02212
0 0.0866597 0.168712 0.019232 0.0190947
0 0.887275 0.324134 0.0224898 0.0219344
