0 0.951594 0.275203 0.0968126 0.0900184
0 0.69791 0.65224 0.0655356 0.0543978
0 0.163156 0.769376 0.0456287 0.0370418
0 0.610532 0.53163 0.0444512 0.0373132
0 0.313116 0.522298 0.0394127 0.0322281
0 0.159912 0.557604 0.0369136 0.0299261
0 0.798482 0.0764918 0.0362379 0.0300295
0 0.621118 0.268097 0.0310199 0.026585
0 0.675469 0.260283 0.0303414 0.0255951
0 0.558937 0.465627 0.029122 0.0248918
0 0.913811 0.174356 0.029001 0.0237832
0 0.280456 0.00911934 0.0281111 0.0181676
0 0.404169 0.224006 0.0263962 0.0223789
0 0.982145 0.456748 0.0357094 0.0479173
0 0.694113 0.135875 0.0267129 0.0226713
0 0.0696366 0.735342 0.0273169 0.0222724
0 0.548697 0.316995 0.0264935 0.0218832
0 0.603645 0.948569 0.0257704 0.0226639
0 0.566555 0.499539 0.0267346 0.0224399
0 0.6462 0.0404675 0.0270754 0.0234712
0 0.61685 0.0607407 0.028429 0.0240485
0 0.766436 0.978777 0.0284204 0.0247725
0 0.320676 0.109799 0.0269661 0.0225309
0 0.654979 0.543562 0.0267167 0.0223594
0 0.0766063 0.536562 0.0262156 0.0217214
0 0.886552 0.832874 0.0250173 0.0222569
0 0.0667692 0.0365484 0.0260988 0.0227244
0 0.932076 0.147143 0.0286969 0.0237194
0 0.951947 0.0875726 0.0304689 0.0254967
0 0.372923 0.357138 0.0245044 0.0211563
0 0.505512 0.0151951 0.0505065 0.0303527
0 0.398171 0.135489 0.0384936 0.0318119
0 0.935225 0.138481 0.0401841 0.0335115
0 0.992884 0.199743 0.0142323 0.0224139
0 0.93644 0.13274 0.0356901 0.028088
