0 0.525092 0.142797 0.0860041 0.0718876
0 0.466377 0.0506363 0.166371 0.101273
0 0.603011 0.705421 0.0561132 0.0470147
0 0.868791 0.015138 0.0445741 0.0302383
0 0.31212 0.373623 0.0344926 0.0292624
0 0.396537 0.770107 0.24273 0.207815
0 0.896925 0.811917 0.0498443 0.0410264
0 0.350024 0.623239 0.0708505 0.0589757
0 0.700945 0.957195 0.0370787 0.0305974
0 0.114596 0.720409 0.0683355 0.0571294
0 0.683713 0.356268 0.250299 0.188566
0 0.729235 0.167265 0.0410032 0.0324803
0 0.531336 0.779953 0.0302444 0.0260251
0 0.8039 0.270386 0.039443 0.0331497
0 0.414318 0.32745 0.0811308 0.0668288
0 0.236411 0.582807 0.038996 0.0323093
0 0.673434 0.456152 0.073276 0.0630216
0 0.289875 0.0690414 0.0809561 0.0743596
0 0.13967 0.655543 0.279339 0.314383
0 0.295644 0.258964 0.0790228 0.0668723
0 0.306889 0.865155 0.0617551 0.0499199
0 0.428395 0.237383 0.0948099 0.0786721
0 0.0315614 0.139131 0.0631228 0.278262
0 0.217073 0.910493 0.0486307 0.0408722
0 0.193469 0.822282 0.0733064 0.06001
0 0.794636 0.0122299 0.0368953 0.0243855
0 0.910005 0.589309 0.178691 0.399653
0 0.311871 0.525197 0.054337 0.0438601
0 0.574173 0.964446 0.0375792 0.0307287
0 0.0104103 0.747062 0.0208205 0.047688
0 0.323311 0.409374 0.0462645 0.0385807
0 0.412554 0.399554 0.0365586 0.0306703
0 0.0758278 0.859404 0.126995 0.108144
0 0.50682 0.97889 0.0334408 0.0272522
0 0.804219 0.823075 0.388846 0.35385
0 0.90372 0.33863 0.1922 0.171642
0 0.526936 0.371093 0.0734274 0.0593187
0 0.527923 0.0523694 0.0447923 0.0368828
0 0.172305 0.880011 0.0744889 0.0656879
0 0.384694 0.365426 0.027325 0.0234969
0 0.0220466 0.644408 0.0440933 0.0562245
0 0.154768 0.26659 0.309381 0.53318
0 0.510724 0.262192 0.0740006 0.0614252
0 0.883556 0.232316 0.0726171 0.0613241
0 0.744279 0.593933 0.0324714 0.0276644
0 0.709373 0.376681 0.29895 0.226561
0 0.733175 0.401683 0.276474 0.242773
0 0.3799 0.277969 0.0325725 0.0272293
0 0.639483 0.189028 0.151443 0.129892
0 0.705368 0.724118 0.0253836 0.0224631
0 0.51935 0.922661 0.0310621 0.0260639
0 0.830417 0.124462 0.026931 0.0236044
0 0.119666 0.0757477 0.0447466 0.0403174
0 0.55272 0.961525 0.0609689 0.0524364
0 0.0731632 0.117613 0.0244364 0.02218
0 0.683663 0.5262 0.0402633 0.0345798
0 0.49104 0.90779 0.0391777 0.0324116
0 0.992739 0.0653921 0.0145216 0.0612477
