0 0.938797 0.326023 0.0890793 0.071713
0 0.333652 0.557477 0.0627736 0.0517523
0 0.636947 0.200098 0.084321 0.0672765
0 0.737594 0.616869 0.0580522 0.0463606
0 0.146381 0.425166 0.0538663 0.0408396
0 0.919502 0.430728 0.050407 0.0400926
0 0.427403 0.094321 0.0367445 0.0298674
0 0.839084 0.207406 0.0348608 0.0284101
0 0.356971 0.476577 0.0386176 0.0308464
0 0.690735 0.271075 0.0388703 0.0318873
0 0.463373 0.318724 0.0474173 0.037929
0 0.352139 0.388927 0.0382787 0.0305459
0 0.267203 0.120458 0.0320917 0.0256697
0 0.0955369 0.617839 0.0349264 0.0281436
0 0.988292 0.524175 0.0234055 0.0249786
0 0.863527 0.654054 0.0321168 0.0257543
0 0.867381 0.391205 0.0349299 0.0279667
0 0.6251 0.239467 0.066685 0.055909
0 0.901169 0.0326788 0.0318151 0.0251287
0 0.719349 0.944541 0.0306378 0.0259507
0 0.936361 0.515131 0.0329447 0.025692
0 0.277696 0.878817 0.0355961 0.030469
0 0.558981 0.0726302 0.0299053 0.0241003
0 0.332951 0.167802 0.0295511 0.0231614
0 0.686818 0.439158 0.0316622 0.0257887
0 0.0709073 0.0134082 0.0282557 0.0234561
0 0.462757 0.10749 0.031852 0.0253274
0 0.575878 0.419804 0.0283176 0.0233425
0 0.0874134 0.209069 0.0331859 0.0267797
0 0.994526 0.390168 0.0109487 0.0248041
0 0.162567 0.365217 0.0311952 0.0240158
0 0.821561 0.01068 0.0297864 0.0212454
0 0.894006 0.218011 0.0278016 0.0227895
0 0.324609 0.143685 0.0304241 0.0240596
0 0.90016 0.600228 0.0282225 0.0229913
0 0.140319 0.196737 0.0273732 0.0222408
0 0.805525 0.228903 0.0276077 0.0218994
0 0.530079 0.339555 0.0249619 0.0212325
0 0.17636 0.482043 0.026821 0.0221607
0 0.300579 0.0764352 0.0293083 0.0233463
0 0.326434 0.622454 0.0261657 0.0221345
0 0.378835 0.121593 0.0267744 0.022363
0 0.87325 0.457235 0.0254397 0.0217691
0 0.269411 0.207503 0.0280657 0.0228985
0 0.190541 0.213508 0.0261969 0.0214573
0 0.243028 0.980419 0.0247313 0.0221891
0 0.607507 0.342278 0.026197 0.0221345
