0 0.169745 0.250805 0.178417 0.157516
0 0.827714 0.582987 0.113865 0.103107
0 0.818512 0.166975 0.0385809 0.033442
0 0.506618 0.909666 0.145431 0.124184
0 0.976473 0.950628 0.041331 0.0363132
0 0.70653 0.247635 0.0328085 0.0283681
0 0.691418 0.181022 0.044848 0.0390859
0 0.0419284 0.586735 0.0345336 0.030248
0 0.812747 0.814722 0.0420456 0.0369901
0 0.0211221 0.637634 0.0422121 0.05151
0 0.301829 0.985925 0.0426131 0.028149
0 0.251515 0.718894 0.0419399 0.0379572
0 0.670991 0.0881356 0.0446229 0.0394692
0 0.691836 0.564147 0.07636 0.0695329
0 0.124271 0.142809 0.0444184 0.0355983
0 0.0391831 0.90207 0.026768 0.0238301
0 0.371367 0.344492 0.0282773 0.0241334
0 0.898399 0.166967 0.0272378 0.0235469
0 0.476506 0.751333 0.0317427 0.0285916
0 0.343881 0.386826 0.026305 0.0224076
0 0.0353263 0.809318 0.0257103 0.0234475
0 0.308049 0.364922 0.0261961 0.0230587
0 0.070436 0.852446 0.0251672 0.0226037
0 0.800405 0.970632 0.0917528 0.058431
0 0.00419718 0.47294 0.00839436 0.0257842
0 0.618177 0.204041 0.0284286 0.0249958
0 0.599131 0.616623 0.0258328 0.0229862
0 0.17097 0.105424 0.0256324 0.0217447
0 0.014332 0.622681 0.028664 0.0287089
0 0.479909 0.258503 0.0283992 0.0238715
0 0.990869 0.625822 0.0182623 0.0541048
0 0.762067 0.225893 0.0281713 0.0244721
0 0.274008 0.295523 0.139009 0.118025
0 0.548718 0.686257 0.0276913 0.0254334
0 0.777849 0.339918 0.0240157 0.0217201
0 0.329273 0.184485 0.0567161 0.0491471
0 0.108555 0.655548 0.0259661 0.0223933
0 0.864103 0.809936 0.0379516 0.0328514
0 0.580411 0.521037 0.0639474 0.0565811
0 0.835074 0.754819 0.0280452 0.0250492
0 0.634688 0.569462 0.0253342 0.0235919
0 0.895609 0.879315 0.208783 0.24137
0 0.437943 0.635419 0.0249229 0.0224887
0 0.406296 0.554548 0.0563987 0.0507677
0 0.952122 0.00445202 0.0253051 0.00889039
0 0.246509 0.176142 0.0539824 0.0448464
0 0.972066 0.728875 0.0525061 0.0470247
0 0.962762 0.878889 0.0742135 0.0746957
0 0.960556 0.690614 0.0284681 0.0253577
