0 0.320173 0.325375 0.0782202 0.0771656
0 0.640833 0.28214 0.274646 0.293165
0 0.180157 0.498164 0.0544396 0.0541578
0 0.96187 0.65919 0.046922 0.0463045
0 0.090674 0.466392 0.0411756 0.0407158
0 0.39276 0.268504 0.0413202 0.040863
0 0.647845 0.89924 0.0376899 0.0363281
0 0.0361198 0.895722 0.0383258 0.0373022
0 0.625481 0.267716 0.0304863 0.030084
0 0.297043 0.777266 0.0347188 0.0345168
0 0.622744 0.653296 0.0286059 0.0279158
0 0.305656 0.808705 0.0274699 0.0270124
0 0.57747 0.223809 0.027292 0.026588
0 0.422818 0.705029 0.0256566 0.0258613
0 0.947597 0.802782 0.0258424 0.025394
0 0.40965 0.776145 0.0259677 0.0257607
0 0.68881 0.076298 0.028897 0.0283392
0 0.013377 0.989096 0.0259659 0.0218077
0 0.366365 0.819851 0.0254499 0.0254574
0 0.227927 0.166935 0.0245559 0.0241156
0 0.871568 0.915083 0.0236405 0.0230662
0 0.470257 0.288658 0.0232729 0.0229532
0 0.137624 0.262344 0.0242479 0.0241399
0 0.303902 0.146835 0.0253679 0.024735
0 0.51272 0.0763668 0.0231924 0.0227701
0 0.340915 0.739788 0.0244302 0.024065
0 0.450965 0.0895893 0.0228084 0.0220737
0 0.200127 0.254793 0.0433634 0.0433725
0 0.859999 0.183081 0.0504512 0.0507514
0 0.0374395 0.458868 0.0739241 0.0734143
0 0.106701 0.82319 0.0215556 0.0209901
0 0.561278 0.633806 0.0241771 0.0238533
0 0.524969 0.710231 0.0251458 0.0251839
0 0.295677 0.22409 0.0229025 0.0224126
0 0.286547 0.192972 0.0232249 0.0230857
