0 0.880476 0.638092 0.0306116 0.0294778
0 0.66035 0.352232 0.0291386 0.0284166
0 0.965573 0.00912637 0.0372895 0.0182527
0 0.629289 0.248377 0.0251198 0.0247473
0 0.0673089 0.125131 0.025251 0.0241809
0 0.0345132 0.758017 0.0422483 0.0403268
0 0.237448 0.0112729 0.032239 0.0224875
0 0.643679 0.295047 0.0244911 0.0241808
0 0.657137 0.393216 0.0247714 0.0243509
0 0.090142 0.0328582 0.0305406 0.029376
0 0.395216 0.886323 0.0241837 0.0237462
0 0.2123 0.606584 0.0278312 0.0274646
0 0.0180013 0.380902 0.0242917 0.0231837
0 0.934836 0.010391 0.0314982 0.0207673
0 0.0671645 0.00612664 0.0285605 0.0122405
0 0.833985 0.0321596 0.0254251 0.0248065
0 0.748448 0.00643608 0.0239275 0.0128686
0 0.321851 0.486232 0.023123 0.0223459
0 0.926917 0.612958 0.0237689 0.0224993
0 0.670025 0.166105 0.0231161 0.0229429
0 0.33304 0.0555654 0.0236018 0.022971
0 0.868439 0.0514304 0.025726 0.0251544
0 0.0770171 0.0135426 0.0274579 0.025784
0 0.778106 0.556303 0.0230513 0.0223561
0 0.363219 0.316543 0.0242412 0.023548
0 0.59802 0.804653 0.0227435 0.0217568
