0 0.77602 0.51179 0.427676 0.42634
0 0.280569 0.350198 0.187212 0.173364
0 0.238369 0.159173 0.137708 0.131789
0 0.358037 0.0708148 0.0999427 0.0986538
0 0.365577 0.174289 0.103901 0.100351
0 0.0253176 0.533105 0.0505207 0.0629034
0 0.174315 0.984816 0.0354707 0.0300652
0 0.0942026 0.526579 0.0488862 0.0452673
0 0.118938 0.306036 0.046794 0.0424885
0 0.455074 0.629013 0.0295374 0.028995
0 0.165856 0.0145472 0.0469683 0.0290943
0 0.622711 0.0644202 0.0305812 0.0286165
0 0.446352 0.987675 0.0401876 0.0246495
0 0.16687 0.617258 0.0388318 0.0367332
0 0.159856 0.88934 0.0411172 0.0398898
0 0.162911 0.0468362 0.0359029 0.0341814
0 0.496688 0.049396 0.0370794 0.0365681
0 0.897819 0.822783 0.0369225 0.0334437
0 0.659086 0.175636 0.0319117 0.0305682
0 0.737287 0.100175 0.0287027 0.0273615
0 0.404727 0.674626 0.0319418 0.0315109
0 0.587687 0.781243 0.0307076 0.0302723
0 0.73618 0.803248 0.0382754 0.0354309
0 0.986472 0.643702 0.0270552 0.0283946
0 0.534477 0.0624128 0.0344172 0.0334516
0 0.104174 0.681707 0.0294467 0.0278661
0 0.0899272 0.584142 0.032717 0.0311628
0 0.360847 0.333587 0.0262609 0.0249768
0 0.0781432 0.695949 0.0269834 0.0257094
0 0.619711 0.258107 0.0277443 0.0264243
0 0.440621 0.895181 0.0275301 0.0272666
0 0.393036 0.129345 0.0309182 0.0304858
0 0.719723 0.0152483 0.0252242 0.0241092
0 0.899927 0.915844 0.026345 0.0243643
0 0.534682 0.192156 0.0273973 0.0266441
0 0.678183 0.744745 0.0526398 0.0488965
0 0.0645923 0.60552 0.0357378 0.0331668
0 0.0482069 0.701015 0.0463401 0.0445166
0 0.850084 0.098931 0.0450093 0.042949
0 0.241876 0.0119078 0.0276942 0.0238157
0 0.436054 0.440667 0.0303315 0.0291599
0 0.533664 0.856638 0.0318655 0.0310102
0 0.642582 0.900399 0.0437188 0.0418072
0 0.066623 0.469792 0.0308402 0.0285508
0 0.28895 0.801281 0.0270956 0.0266774
0 0.405066 0.574914 0.488352 0.421875
0 0.960622 0.728794 0.0306795 0.0291991
0 0.748133 0.830384 0.0297228 0.0271156
0 0.02512 0.566204 0.0246345 0.0238664
0 0.155555 0.582043 0.0330654 0.0310946
0 0.961416 0.623149 0.0316151 0.030798
0 0.401783 0.955301 0.0235509 0.0234468
0 0.397756 0.353671 0.0254148 0.02423
0 0.976121 0.431869 0.0233435 0.022717
0 0.600941 0.211518 0.0287151 0.0275259
0 0.59043 0.313738 0.0303218 0.0294856
0 0.173591 0.936929 0.0253901 0.0251403
0 0.599276 0.735324 0.0292339 0.0285735
0 0.847786 0.888646 0.0292253 0.026714
0 0.881203 0.800795 0.027101 0.0254016
0 0.342762 0.289488 0.024749 0.0235119
0 0.375453 0.393815 0.0274483 0.0264425
0 0.113616 0.478517 0.0255699 0.0238832
0 0.0501526 0.0660947 0.100305 0.131645
0 0.776813 0.756662 0.0310493 0.0291314
0 0.979304 0.0780769 0.0352046 0.0336093
0 0.2879 0.77195 0.0295603 0.0298302
0 0.211141 0.21971 0.0447119 0.0449511
0 0.758198 0.503703 0.0236211 0.0228189
0 0.990126 0.869656 0.0197486 0.0267496
0 0.022512 0.58842 0.0346399 0.0333723
0 0.771385 0.984301 0.0263337 0.0247243
0 0.274615 0.958138 0.0254126 0.0252409
0 0.974922 0.514347 0.0258896 0.025562
0 0.0154841 0.453381 0.0308938 0.0363278
0 0.0228909 0.799962 0.0242778 0.0235025
0 0.296311 0.103942 0.0228079 0.0221547
0 0.164645 0.0835746 0.0250592 0.0242939
0 0.127247 0.675825 0.0249433 0.024058
0 0.488549 0.772836 0.0261625 0.0261388
0 0.96828 0.135424 0.0557158 0.0529243
0 0.588987 0.709356 0.0248988 0.0244461
0 0.872434 0.00764147 0.026736 0.0152829
0 0.905323 0.235195 0.0264706 0.02515
0 0.923266 0.761194 0.03548 0.0320621
0 0.0957028 0.885304 0.0373023 0.0354479
0 0.962321 0.377959 0.0280992 0.0266793
0 0.665421 0.89324 0.0325129 0.0313943
0 0.930826 0.28652 0.029617 0.0281359
0 0.992889 0.752518 0.0142214 0.0527559
0 0.401341 0.328338 0.0244512 0.0238835
0 0.938674 0.800742 0.031909 0.0296323
0 0.796849 0.850327 0.035311 0.03316
0 0.555275 0.18969 0.024119 0.0230805
0 0.0386643 0.144168 0.025001 0.023415
0 0.993711 0.428815 0.0125778 0.0301433
0 0.268951 0.785072 0.0224679 0.0225883
0 0.415358 0.694634 0.0253913 0.0255776
0 0.817834 0.144733 0.0251583 0.023864
0 0.98528 0.783351 0.0290619 0.0285273
0 0.347929 0.436597 0.0232327 0.0221525
0 0.850191 0.987713 0.0617519 0.0244965
0 0.123405 0.62092 0.0312891 0.029794
0 0.7427 0.198989 0.0238881 0.02284
0 0.780601 0.236884 0.0241694 0.0233083
0 0.973742 0.809737 0.0345328 0.0320046
0 0.0149624 0.134217 0.0298081 0.149114
