0 0.23859 0.861601 0.0613871 0.0510125
0 0.854733 0.761462 0.0689216 0.0584702
0 0.137015 0.5958 0.0543343 0.0470309
0 0.28526 0.981072 0.0439584 0.0357328
0 0.692599 0.124276 0.0438645 0.0376014
0 0.189397 0.194414 0.0475422 0.0419225
0 0.920456 0.368687 0.0454936 0.0377493
0 0.449169 0.834752 0.0452542 0.0364689
0 0.752072 0.857661 0.0347089 0.0292568
0 0.156676 0.873411 0.0446359 0.0361584
0 0.526268 0.117524 0.0304602 0.0262894
0 0.158907 0.906469 0.0509951 0.0405726
0 0.339708 0.152561 0.0356817 0.0315401
0 0.365982 0.44984 0.173175 0.153897
0 0.782473 0.481527 0.102485 0.0839707
0 0.290346 0.632706 0.0562787 0.0490885
0 0.90291 0.547818 0.19418 0.223153
0 0.880259 0.0441913 0.0459883 0.0407199
0 0.872551 0.622162 0.0965819 0.0822974
0 0.259079 0.0829202 0.0264756 0.0247058
0 0.0810088 0.00546043 0.0320909 0.0108718
0 0.281505 0.661757 0.0321349 0.0268649
0 0.106892 0.572289 0.0291256 0.0238702
0 0.00541281 0.272033 0.0108256 0.0328925
0 0.876371 0.367472 0.0291202 0.0250883
0 0.71126 0.612599 0.0338697 0.0268924
0 0.551164 0.287964 0.0295181 0.0257726
0 0.285305 0.881137 0.0325165 0.0262461
0 0.533208 0.23152 0.0276275 0.02386
0 0.643897 0.548663 0.0350256 0.0281532
0 0.150123 0.229916 0.0263085 0.0234497
0 0.753706 0.463857 0.0742615 0.0596073
0 0.765718 0.120652 0.0248267 0.022555
0 0.401284 0.986459 0.0614784 0.0268048
0 0.0305318 0.00675262 0.0502347 0.0134973
0 0.299486 0.557263 0.0271163 0.0237318
0 0.812101 0.814188 0.0260702 0.0228487
0 0.97274 0.0251176 0.037565 0.0328652
0 0.250544 0.313913 0.0344192 0.0304791
0 0.202911 0.103777 0.0253304 0.022842
0 0.641629 0.517757 0.0267804 0.0223803
0 0.615158 0.872469 0.0277085 0.0228653
0 0.595761 0.811579 0.0356529 0.0294886
