0 0.439418 0.50744 0.0774295 0.0595844
0 0.714433 0.334352 0.143497 0.115075
0 0.975263 0.947296 0.0494741 0.0731478
0 0.33802 0.659232 0.0606656 0.0476847
0 0.18989 0.612618 0.0567843 0.0429487
0 0.742502 0.663054 0.0456073 0.0370986
0 0.317969 0.750322 0.0349966 0.0275075
0 0.719092 0.166903 0.164682 0.122724
0 0.152418 0.218866 0.0343575 0.027631
0 0.128855 0.611948 0.0391368 0.0303187
0 0.834412 0.366364 0.0328925 0.0273039
0 0.523471 0.126733 0.075625 0.0583266
0 0.0317731 0.816391 0.0458977 0.0352949
0 0.599237 0.0258455 0.0561983 0.0448212
0 0.251836 0.0768086 0.0386573 0.0296369
0 0.863995 0.339727 0.0367352 0.0302676
0 0.993923 0.360409 0.0121009 0.0351204
0 0.539349 0.436228 0.0300701 0.0242569
0 0.773724 0.892445 0.0320008 0.0245669
0 0.0331224 0.508203 0.0354884 0.0289648
0 0.862038 0.358651 0.0280483 0.0232271
0 0.209323 0.724085 0.0361689 0.0283483
0 0.374601 0.619284 0.0292913 0.0233479
0 0.59749 0.914676 0.0286396 0.0227954
0 0.428104 0.700849 0.0286714 0.0222368
0 0.567295 0.0109221 0.0578756 0.0218318
0 0.299041 0.713088 0.0284773 0.023526
0 0.673059 0.419218 0.0502998 0.0403892
0 0.480159 0.643906 0.0282904 0.0222852
0 0.384104 0.220595 0.0303426 0.0236781
0 0.277254 0.864985 0.0512966 0.0404034
0 0.53487 0.993931 0.0269277 0.0121383
0 0.564892 0.183718 0.0266617 0.0220259
0 0.0554757 0.619893 0.029326 0.0228677
0 0.665015 0.0601409 0.1361 0.111318
0 0.803605 0.0402034 0.0303493 0.0239513
0 0.934309 0.099339 0.028492 0.0229242
0 0.339821 0.130387 0.040808 0.0320203
0 0.199351 0.132024 0.0856799 0.0709469
0 0.600333 0.0705787 0.0763694 0.0629636
