0 0.499212 0.762165 0.308768 0.279303
0 0.770736 0.403204 0.224611 0.206443
0 0.889125 0.241763 0.0556237 0.0486943
0 0.873762 0.690602 0.0427658 0.0372455
0 0.806918 0.784868 0.0495155 0.0433588
0 0.042656 0.391037 0.032421 0.0300598
0 0.642724 0.490659 0.0295842 0.0264844
0 0.470649 0.282461 0.0291662 0.0272711
0 0.378465 0.208047 0.0309578 0.0284037
0 0.76585 0.194849 0.0331957 0.0293159
0 0.767919 0.486692 0.0404086 0.0353993
0 0.736848 0.540818 0.0356176 0.0317953
0 0.929508 0.0271537 0.0292543 0.0268744
0 0.423955 0.116965 0.0361406 0.0337049
0 0.0797977 0.600367 0.0278528 0.0251918
0 0.727462 0.683574 0.0304356 0.026456
0 0.433306 0.201302 0.029666 0.027686
0 0.973579 0.670833 0.0527513 0.0864261
0 0.882431 0.410776 0.0388287 0.0354081
0 0.708595 0.555486 0.0288951 0.0250506
0 0.131093 0.148842 0.0253505 0.0236956
0 0.130912 0.742447 0.0297908 0.0263171
0 0.923529 0.725046 0.0364752 0.0327134
0 0.941455 0.260022 0.0262944 0.0237817
0 0.814272 0.825012 0.0360135 0.0329258
0 0.714096 0.830699 0.0337102 0.0303597
0 0.44082 0.251783 0.0251255 0.0235682
0 0.929514 0.947956 0.140972 0.103587
0 0.975229 0.327362 0.0305777 0.0277558
0 0.941545 0.0790819 0.0264929 0.0243355
0 0.995181 0.79124 0.00963774 0.0253489
0 0.8828 0.77897 0.0263635 0.0228778
0 0.477085 0.573206 0.0545707 0.0489871
0 0.755955 0.802733 0.0547968 0.049015
0 0.36816 0.56067 0.0437474 0.0406768
0 0.788971 0.0731199 0.0244326 0.022367
0 0.704051 0.421003 0.0265662 0.0237963
0 0.384168 0.850402 0.077594 0.0694952
0 0.265375 0.0804677 0.0246449 0.0238195
0 0.0496275 0.267098 0.0245373 0.0226122
0 0.907835 0.111495 0.0320539 0.0291219
0 0.4297 0.622474 0.0500476 0.0459924
0 0.93075 0.136214 0.0275041 0.0253366
0 0.257243 0.314179 0.0247844 0.022861
0 0.655947 0.0240185 0.0234451 0.0219029
0 0.286616 0.58184 0.0484309 0.0437364
0 0.996133 0.0876346 0.00773468 0.0262841
0 0.385185 0.592787 0.0518105 0.0493177
0 0.935536 0.576441 0.0849602 0.0783921
