0 0.353391 0.893148 0.0570022 0.047312
0 0.416314 0.983438 0.063101 0.0331229
0 0.280938 0.653304 0.0423477 0.0367904
0 0.342495 0.754253 0.0418966 0.0355869
0 0.308662 0.828794 0.0450658 0.037827
0 0.845111 0.298084 0.0319951 0.0263053
0 0.929545 0.985756 0.0284963 0.0265258
0 0.0686501 0.0363972 0.0313359 0.0267145
0 0.101581 0.943829 0.0361281 0.0304094
0 0.411222 0.873839 0.0323131 0.0276322
0 0.316544 0.779755 0.0326318 0.0276127
0 0.368813 0.857845 0.0383842 0.0318164
0 0.266731 0.686263 0.034881 0.0300891
0 0.20061 0.578015 0.0318909 0.0274756
0 0.249305 0.836247 0.0316222 0.0267013
0 0.24931 0.595574 0.027629 0.0245416
0 0.74356 0.00572728 0.0514867 0.0114206
0 0.257482 0.149521 0.0261252 0.0226986
0 0.131125 0.0704513 0.0264306 0.0226804
0 0.180903 0.140952 0.0254152 0.0224591
0 0.222837 0.160607 0.0256736 0.0222064
0 0.801356 0.111807 0.0277184 0.0230586
0 0.459706 0.631465 0.0254636 0.0226605
0 0.0791064 0.107772 0.0258165 0.0219846
0 0.924981 0.619115 0.0265201 0.0220048
0 0.142366 0.719964 0.0237898 0.0216613
