0 0.374916 0.524689 0.124241 0.122592
0 0.923339 0.659873 0.0613506 0.0593486
0 0.127427 0.821562 0.0742741 0.0724506
0 0.67619 0.7193 0.0601079 0.0578446
0 0.0809916 0.699897 0.0640807 0.0627618
0 0.430683 0.32562 0.0535319 0.0522275
0 0.581315 0.619343 0.048414 0.0474332
0 0.2211 0.359962 0.0455425 0.0446936
0 0.692544 0.902835 0.0512787 0.0500214
0 0.586226 0.499516 0.0470002 0.0460992
0 0.17227 0.346644 0.0464016 0.0458187
0 0.715477 0.412649 0.048744 0.0477538
0 0.132615 0.421094 0.0700602 0.0687853
0 0.0235838 0.352439 0.047162 0.056715
0 0.135143 0.266983 0.033526 0.0334468
0 0.0970747 0.96345 0.053147 0.0518085
0 0.487859 0.232189 0.0306085 0.0297812
0 0.697317 0.160436 0.0639176 0.0625124
0 0.751294 0.649194 0.0381913 0.0376621
0 0.340099 0.747594 0.0340118 0.0337663
0 0.848344 0.326995 0.0361055 0.0351903
0 0.315662 0.389238 0.0309401 0.0300719
0 0.387398 0.0741726 0.042225 0.0415128
0 0.104018 0.524765 0.0349641 0.0348434
0 0.884408 0.917044 0.0646434 0.0634349
0 0.921894 0.351851 0.0398428 0.0391526
0 0.168973 0.451771 0.0362005 0.0354296
0 0.283593 0.370092 0.0273684 0.0275365
0 0.0149906 0.415991 0.0290575 0.0287311
0 0.179688 0.861393 0.0377613 0.036794
0 0.752292 0.468098 0.0520349 0.0512774
0 0.495805 0.272459 0.030369 0.0301847
0 0.444846 0.675961 0.0314517 0.0309504
0 0.321467 0.453352 0.0302316 0.0300226
0 0.768394 0.524987 0.0461197 0.0439762
0 0.582089 0.470053 0.035327 0.0345448
0 0.139071 0.167328 0.0471129 0.046191
0 0.310033 0.630283 0.0326763 0.0322759
0 0.0480788 0.381501 0.0425737 0.0424491
0 0.990101 0.607934 0.0197144 0.0297811
0 0.105476 0.393723 0.0332234 0.0330327
0 0.669811 0.0113911 0.0318003 0.0227437
0 0.249961 0.875114 0.0297649 0.0294405
0 0.277785 0.780102 0.0461819 0.0445173
0 0.106707 0.368853 0.0342946 0.0335489
0 0.645939 0.809225 0.0306494 0.0298147
0 0.74488 0.0575908 0.0270953 0.0266334
0 0.0106218 0.0887612 0.0212176 0.026198
0 0.0304294 0.148782 0.0237561 0.0232196
0 0.517236 0.479638 0.0260491 0.0252954
0 0.741848 0.0247576 0.0354937 0.0347472
0 0.404743 0.600998 0.0490906 0.0481861
0 0.868096 0.580141 0.0376083 0.0367751
0 0.445128 0.397386 0.0267212 0.0264645
0 0.211467 0.849353 0.0272882 0.026557
0 0.959147 0.0466738 0.0817066 0.0933475
0 0.00592442 0.603436 0.0118488 0.0566494
0 0.208582 0.429941 0.046778 0.0459901
0 0.383186 0.823663 0.0585858 0.0592754
0 0.453654 0.622304 0.025448 0.0250571
0 0.279876 0.0534159 0.0373398 0.0361015
0 0.795561 0.496731 0.053221 0.0516975
0 0.551027 0.536332 0.0269604 0.026396
0 0.367511 0.901064 0.0584228 0.0584642
0 0.531027 0.384064 0.0406205 0.03929
0 0.33823 0.341169 0.170213 0.161715
0 0.899497 0.833329 0.0464138 0.0445098
0 0.558045 0.882299 0.036284 0.035714
0 0.0971688 0.480917 0.0728356 0.0713718
0 0.710857 0.945074 0.0394391 0.0384715
0 0.991835 0.653936 0.0163293 0.0513663
0 0.652541 0.370429 0.0296993 0.0288589
0 0.307353 0.758591 0.0296491 0.0287662
0 0.482413 0.400696 0.0226969 0.0225804
0 0.360815 0.271166 0.0389655 0.0383441
0 0.00326549 0.510509 0.00653098 0.0279114
0 0.306287 0.910121 0.0266724 0.0264917
0 0.252347 0.0768495 0.0344874 0.0333425
0 0.992549 0.985911 0.0149019 0.027915
0 0.0290863 0.848163 0.0262489 0.0255706
0 0.415137 0.39482 0.0251549 0.0245632
0 0.033316 0.681116 0.0364081 0.0351925
0 0.560971 0.194569 0.0439333 0.044091
0 0.984947 0.717315 0.0249103 0.0239136
0 0.243858 0.475144 0.0300018 0.0292781
0 0.988002 0.743278 0.0239958 0.0346244
0 0.411244 0.422153 0.0283953 0.0283833
0 0.445089 0.967318 0.0246408 0.0242112
0 0.153025 0.979658 0.0772895 0.0406837
0 0.314016 0.690233 0.0986233 0.0976729
0 0.216892 0.990786 0.0376223 0.0184274
0 0.352748 0.863872 0.0277349 0.0284918
0 0.82186 0.0128308 0.0443382 0.0256201
0 0.220186 0.258516 0.0648224 0.0647679
0 0.527216 0.70125 0.0237167 0.0239155
0 0.559636 0.860614 0.0369915 0.0364798
0 0.763457 0.814834 0.0296085 0.0289965
0 0.803652 0.0996704 0.0842754 0.082505
0 0.00541046 0.992571 0.0107833 0.0146391
0 0.243754 0.00959078 0.0270858 0.0190684
0 0.617514 0.361166 0.0226388 0.0225359
0 0.619515 0.133684 0.0286893 0.0284765
0 0.659851 0.917902 0.0454736 0.0464058
0 0.89395 0.463755 0.0260525 0.0249272
0 0.226329 0.548721 0.0246516 0.0249646
0 0.151892 0.028669 0.0392144 0.0381808
0 0.329792 0.650464 0.0257943 0.0252879
0 0.995914 0.491985 0.00817099 0.0368156
0 0.341828 0.835739 0.028122 0.0288906
0 0.484732 0.840564 0.0230936 0.0227752
0 0.912611 0.0519538 0.0304913 0.0297311
0 0.464668 0.946128 0.0431747 0.0427913
0 0.591374 0.9309 0.0435845 0.0433976
0 0.201979 0.327861 0.0232879 0.023698
0 0.04071 0.495608 0.0228775 0.0225336
0 0.217382 0.87225 0.0287567 0.0282664
0 0.786444 0.0458037 0.046282 0.0458815
0 0.240857 0.503699 0.0233293 0.0230053
0 0.281289 0.522924 0.0230908 0.0228522
0 0.615735 0.431109 0.0223927 0.0221133
0 0.00512145 0.0566432 0.0102429 0.0247241
0 0.578313 0.112759 0.0523803 0.0511833
0 0.308807 0.839948 0.0399049 0.040134
