0 0.458123 0.680773 0.265149 0.196913
0 0.218165 0.773617 0.130647 0.0986574
0 0.870622 0.755912 0.0764055 0.0578363
0 0.613335 0.42322 0.0636313 0.048352
0 0.342828 0.512936 0.0413979 0.0325017
0 0.781122 0.79944 0.434638 0.37381
0 0.0211867 0.815076 0.0423733 0.0392637
0 0.189266 0.860302 0.113988 0.0855675
0 0.481819 0.818992 0.105153 0.0814464
0 0.232572 0.62887 0.0325106 0.0250256
0 0.122071 0.943701 0.244142 0.112597
0 0.799015 0.663197 0.0374684 0.0275872
0 0.349093 0.352225 0.155601 0.116852
0 0.925017 0.269988 0.116955 0.0870996
0 0.537001 0.954138 0.0419463 0.0320189
0 0.660826 0.71196 0.0413074 0.0311624
0 0.778675 0.628805 0.0911331 0.067081
0 0.0995315 0.351491 0.196114 0.407336
0 0.615054 0.951814 0.0340484 0.0268613
0 0.927866 0.855113 0.0365443 0.0274699
0 0.625473 0.619105 0.0353441 0.0267508
0 0.700417 0.689556 0.0460858 0.0352435
0 0.598712 0.174611 0.579607 0.349221
0 0.558759 0.3495 0.0310178 0.0242736
0 0.935025 0.808917 0.0345448 0.0257532
0 0.613628 0.168657 0.032788 0.0249626
0 0.149303 0.553315 0.032572 0.0255191
0 0.744886 0.328878 0.0435513 0.0320228
0 0.171121 0.572629 0.0345898 0.0265329
0 0.361001 0.750702 0.0301422 0.023733
0 0.381394 0.919516 0.029022 0.0224679
0 0.377074 0.860045 0.0545405 0.041602
0 0.677207 0.162623 0.0329113 0.0251603
0 0.975134 0.565108 0.0496564 0.346086
0 0.928014 0.715365 0.0585721 0.0453351
