0 0.838419 0.456839 0.315528 0.311265
0 0.169205 0.293782 0.056024 0.0543029
0 0.633348 0.295404 0.095892 0.096638
0 0.0637675 0.0744819 0.0395566 0.0390856
0 0.02259 0.514921 0.0451801 0.0758998
0 0.73686 0.313535 0.0342695 0.034354
0 0.192054 0.233862 0.0351593 0.0348706
0 0.584397 0.374464 0.0462879 0.0448856
0 0.349673 0.104475 0.0273886 0.0271458
0 0.0542296 0.472623 0.0333157 0.0319879
0 0.237213 0.302828 0.0429993 0.0431979
0 0.665881 0.42249 0.0468829 0.0452657
0 0.103079 0.685514 0.0410001 0.0381645
0 0.25535 0.16841 0.0283023 0.0278278
0 0.380999 0.25378 0.0294396 0.0286563
0 0.901038 0.0470366 0.197326 0.0934747
0 0.972553 0.325287 0.0275423 0.0280944
0 0.752892 0.276973 0.058852 0.0590391
0 0.303767 0.226765 0.0249809 0.0238711
0 0.363991 0.156162 0.0347171 0.0345638
0 0.554209 0.437851 0.0272306 0.0271219
0 0.580305 0.220643 0.0263451 0.0259231
0 0.680453 0.362146 0.0400164 0.0395759
0 0.100745 0.0857284 0.028967 0.0275789
0 0.409292 0.292157 0.0253301 0.0257914
0 0.11319 0.467523 0.0321048 0.0307302
0 0.816102 0.279585 0.0500798 0.0498102
0 0.839673 0.875594 0.0307145 0.029762
0 0.178379 0.0946109 0.0265628 0.0262753
0 0.959116 0.128094 0.0250985 0.0251953
0 0.640899 0.0240257 0.133296 0.0480515
0 0.29707 0.459896 0.0343645 0.0337362
0 0.207026 0.0932867 0.0263857 0.0256741
0 0.746896 0.224467 0.0493854 0.0490013
0 0.559071 0.537729 0.02657 0.0261619
0 0.376327 0.412131 0.0436915 0.0448472
0 0.76341 0.335537 0.0253084 0.025803
0 0.92891 0.318006 0.0233998 0.0237252
0 0.421147 0.0734386 0.025298 0.025119
0 0.0221119 0.271529 0.036813 0.0353397
0 0.213183 0.53763 0.0294553 0.0291471
