0 0.144459 0.476666 0.171691 0.17105
0 0.0581537 0.208083 0.116307 0.192138
0 0.668315 0.103647 0.342759 0.20712
0 0.291825 0.891978 0.197141 0.180294
0 0.486167 0.946604 0.122394 0.106792
0 0.399596 0.663595 0.0818416 0.0787344
0 0.953544 0.62141 0.0929113 0.108807
0 0.440397 0.022117 0.0426757 0.0412671
0 0.500157 0.841862 0.106022 0.101197
0 0.943009 0.721063 0.034986 0.0341883
0 0.700627 0.321265 0.0414276 0.0402766
0 0.0443028 0.418635 0.0886056 0.0931804
0 0.118854 0.362081 0.0841663 0.0804983
0 0.476776 0.61266 0.0250941 0.0245631
0 0.622556 0.963666 0.0929127 0.0726681
0 0.572454 0.948238 0.0526299 0.0515241
0 0.102465 0.806512 0.0335719 0.0319457
0 0.982857 0.0567832 0.0335795 0.0353552
0 0.584005 0.873091 0.0622289 0.0595219
0 0.0531252 0.975925 0.0819447 0.0481491
0 0.326051 0.631375 0.100779 0.0964125
0 0.158086 0.329561 0.0236681 0.0233941
0 0.160812 0.801814 0.0422585 0.0393013
0 0.866007 0.55984 0.0945997 0.093698
0 0.986877 0.76812 0.0260129 0.0916259
0 0.970111 0.69198 0.025759 0.0253488
0 0.914585 0.00416419 0.025559 0.00826061
0 0.448256 0.298388 0.0243423 0.0240628
0 0.768622 0.486045 0.0746274 0.0726971
0 0.788692 0.700583 0.0227718 0.0222638
0 0.431218 0.595531 0.0643204 0.0619219
0 0.887383 0.128392 0.225233 0.252168
0 0.326549 0.532326 0.0317544 0.0313156
0 0.645233 0.439687 0.0919056 0.0906409
0 0.604783 0.340792 0.201366 0.193252
0 0.978491 0.730552 0.042665 0.187356
0 0.0056632 0.665784 0.0113264 0.0320606
0 0.635371 0.331389 0.0241928 0.0235134
0 0.553242 0.919704 0.0297155 0.028478
0 0.335471 0.346978 0.0228461 0.0221741
0 0.0486279 0.775467 0.023349 0.022689
