0 0.804013 0.502521 0.263319 0.249004
0 0.600812 0.337272 0.161394 0.144878
0 0.330883 0.672258 0.0911812 0.0833303
0 0.227961 0.558865 0.142111 0.126852
0 0.0537612 0.807117 0.0542782 0.0492334
0 0.4464 0.532025 0.0532472 0.0481552
0 0.0240553 0.733258 0.0374352 0.0333919
0 0.206139 0.926741 0.048094 0.0437741
0 0.20702 0.859661 0.030391 0.0281744
0 0.693235 0.815897 0.0459992 0.0432662
0 0.139412 0.116805 0.0331077 0.0302854
0 0.767532 0.5767 0.048848 0.0468039
0 0.117457 0.0708796 0.234914 0.141388
0 0.963999 0.7192 0.02896 0.0275173
0 0.735269 0.620476 0.0446568 0.0419612
0 0.967184 0.934059 0.0655368 0.131883
0 0.900282 0.551799 0.0534673 0.0493704
0 0.691671 0.878673 0.0638465 0.0600407
0 0.607587 0.0653458 0.0267923 0.0252399
0 0.960547 0.577831 0.0788172 0.269356
0 0.315053 0.152565 0.0405237 0.0385062
0 0.622903 0.827798 0.0294956 0.0282059
0 0.0894706 0.0166337 0.0370425 0.0327331
0 0.511252 0.840212 0.0256742 0.0240614
0 0.335184 0.604909 0.0265206 0.0245655
0 0.711633 0.711588 0.0360854 0.0346046
0 0.581775 0.887844 0.0675409 0.062857
0 0.721411 0.851337 0.0336253 0.0319552
0 0.475218 0.172896 0.0264239 0.0244816
0 0.489814 0.423465 0.0303805 0.0278677
0 0.906964 0.633233 0.100351 0.0915966
0 0.430607 0.88537 0.0240388 0.022801
0 0.745821 0.737329 0.0504381 0.0488224
0 0.511869 0.747984 0.0245552 0.0234518
0 0.346475 0.453479 0.0254746 0.0240568
0 0.439813 0.766628 0.0249516 0.0234889
0 0.301649 0.0895008 0.0360656 0.0340614
0 0.673817 0.924677 0.0247964 0.0235519
0 0.139793 0.668116 0.0298813 0.0270419
0 0.00756922 0.672361 0.0151384 0.0226356
0 0.546425 0.0903217 0.0232372 0.0220651
0 0.0694873 0.61826 0.0257187 0.0241995
0 0.157686 0.271337 0.315372 0.340701
0 0.178175 0.244828 0.0239098 0.0227813
0 0.447109 0.836943 0.0235499 0.0227242
0 0.0557224 0.15062 0.061056 0.0555209
0 0.870602 0.353338 0.0572608 0.0526424
0 0.393629 0.349355 0.151788 0.133357
0 0.042765 0.448739 0.0290656 0.026941
0 0.205483 0.175885 0.0578029 0.0542035
0 0.642848 0.574717 0.0233855 0.0224097
0 0.399611 0.487415 0.0431547 0.0386634
0 0.562736 0.783294 0.0464406 0.0435483
