0 0.853131 0.260369 0.293738 0.261485
0 0.811924 0.573403 0.376153 0.314689
0 0.267354 0.468252 0.115748 0.102233
0 0.0788676 0.337239 0.157735 0.165812
0 0.106789 0.491083 0.155921 0.136342
0 0.612995 0.580798 0.0746651 0.0614958
0 0.326516 0.851363 0.0703623 0.0614362
0 0.364632 0.771531 0.191001 0.169251
0 0.260009 0.7707 0.0666222 0.0590372
0 0.916629 0.791973 0.166741 0.290433
0 0.371398 0.88089 0.0470976 0.0422485
0 0.682909 0.826578 0.0917766 0.0771365
0 0.416062 0.940746 0.0565933 0.0481822
0 0.510644 0.524058 0.16515 0.147872
0 0.779875 0.635619 0.0547824 0.0468566
0 0.0943779 0.970082 0.046805 0.039859
0 0.545214 0.844298 0.183231 0.157422
0 0.170283 0.194732 0.116113 0.0931922
0 0.147519 0.803222 0.118911 0.101435
0 0.601113 0.0959509 0.0320449 0.0269381
0 0.569003 0.82157 0.0584188 0.0510361
0 0.705491 0.879901 0.0765125 0.0655964
0 0.589939 0.446405 0.16289 0.132531
0 0.886632 0.988094 0.0340687 0.0238123
0 0.627921 0.944676 0.244903 0.110404
0 0.184762 0.0790419 0.0824943 0.0709301
0 0.623661 0.845291 0.0303755 0.0263742
0 0.537086 0.778162 0.057646 0.0489964
0 0.427946 0.883856 0.0916882 0.0809493
0 0.346133 0.771856 0.0578738 0.052176
0 0.071826 0.737656 0.143211 0.15475
0 0.208291 0.869387 0.0776922 0.0647243
0 0.733382 0.113834 0.0410285 0.034146
0 0.165749 0.631331 0.0421476 0.0369223
0 0.188902 0.287596 0.0291479 0.0254795
0 0.111122 0.838037 0.0408958 0.0358829
0 0.11143 0.879219 0.0791095 0.0696315
0 0.11948 0.643725 0.0495303 0.0428381
0 0.0169382 0.946266 0.03387 0.0429546
0 0.921035 0.951127 0.0505285 0.0433282
0 0.475299 0.777787 0.0556026 0.0476709
0 0.0767156 0.00713315 0.0586753 0.0142538
0 0.00584501 0.812939 0.01169 0.045373
0 0.214512 0.892029 0.0329721 0.0278629
0 0.193691 0.671923 0.0354012 0.0310728
0 0.530327 0.410532 0.0299525 0.025888
0 0.0709966 0.842586 0.0732614 0.0621827
0 0.192518 0.707332 0.0278557 0.0251865
0 0.299191 0.686744 0.0656786 0.0573387
0 0.843923 0.970621 0.0397384 0.0332742
0 0.224473 0.37657 0.0714524 0.0577745
0 0.0376066 0.899185 0.0477236 0.0413809
0 0.00806712 0.845829 0.0161342 0.0304052
0 0.467342 0.416611 0.0825237 0.0732929
0 0.797192 0.971378 0.0267436 0.0233481
0 0.262043 0.282437 0.0535193 0.0443995
0 0.246378 0.804342 0.0243936 0.0223883
0 0.241474 0.321231 0.0555039 0.0470035
0 0.02908 0.199432 0.0579584 0.0706258
0 0.129416 0.188162 0.0351623 0.0296794
0 0.680358 0.92262 0.0270104 0.0246233
0 0.39668 0.550176 0.19103 0.154409
0 0.320347 0.336187 0.0577768 0.0506595
0 0.814553 0.101049 0.0759538 0.060592
0 0.0945039 0.72247 0.0995786 0.0860036
0 0.153341 0.737904 0.0263027 0.0227072
0 0.628766 0.914807 0.0344355 0.0305761
0 0.606697 0.319314 0.0718331 0.0589164
