0 0.218474 0.794751 0.0649164 0.0632958
0 0.337065 0.682634 0.0557455 0.0538775
0 0.416355 0.935814 0.189637 0.128372
0 0.901741 0.410146 0.0437778 0.0417783
0 0.0111119 0.917652 0.022168 0.0268897
0 0.487793 0.0922228 0.036124 0.0353621
0 0.00998808 0.87662 0.0199762 0.0344483
0 0.269286 0.138196 0.0350059 0.0344285
0 0.523597 0.0763509 0.0291309 0.0290804
0 0.617974 0.0814788 0.0276016 0.0272298
0 0.751138 0.845941 0.0443583 0.0439373
0 0.163089 0.502968 0.029788 0.0292394
0 0.110506 0.598415 0.0265687 0.0256886
0 0.0737931 0.777579 0.0251919 0.0247004
0 0.438209 0.77688 0.0243708 0.023818
0 0.564113 0.950303 0.068717 0.068934
0 0.108214 0.0108497 0.0250067 0.0216993
0 0.190917 0.532151 0.0300068 0.0296037
0 0.240366 0.147794 0.0285786 0.0279843
0 0.84574 0.401072 0.0249028 0.0235816
0 0.743696 0.658206 0.0237084 0.0232892
0 0.275424 0.596352 0.255579 0.239788
0 0.54759 0.125775 0.110941 0.108812
0 0.626121 0.869533 0.0392207 0.038861
0 0.170336 0.812851 0.0225835 0.0220821
0 0.71749 0.914204 0.0514145 0.0520704
0 0.872291 0.790251 0.0324574 0.0316675
0 0.21122 0.151922 0.023789 0.0232439
0 0.351291 0.247621 0.0240098 0.0235002
0 0.909301 0.937526 0.0453396 0.0451288
