0 0.751448 0.462664 0.153253 0.143029
0 0.901683 0.816669 0.148242 0.139662
0 0.615198 0.713069 0.0683415 0.0632366
0 0.117035 0.798709 0.0634776 0.0602148
0 0.617663 0.984566 0.03703 0.0304235
0 0.960818 0.435888 0.0459957 0.0430434
0 0.50336 0.51688 0.0376597 0.0351872
0 0.587138 0.66988 0.0450771 0.0407196
0 0.291133 0.875035 0.0351561 0.0327021
0 0.868387 0.0446647 0.0569914 0.0534323
0 0.938098 0.458631 0.0318384 0.0304409
0 0.433214 0.752984 0.0277436 0.026274
0 0.167138 0.594863 0.0379834 0.0359159
0 0.457655 0.604729 0.0354628 0.0333135
0 0.280419 0.470238 0.0365595 0.0337458
0 0.171287 0.547433 0.0433243 0.0399802
0 0.69552 0.633753 0.0370509 0.0347002
0 0.18942 0.838179 0.0381286 0.0363284
0 0.531781 0.173795 0.0339541 0.0314676
0 0.757105 0.949435 0.0271024 0.0258436
0 0.0352445 0.988117 0.0416519 0.0237659
0 0.522133 0.551145 0.0267381 0.0252964
0 0.851864 0.191472 0.0307846 0.02854
0 0.391323 0.345008 0.0303267 0.0280922
0 0.141992 0.929515 0.0299267 0.0283015
0 0.47329 0.142833 0.0324271 0.0300261
0 0.609693 0.442498 0.0273132 0.0261789
0 0.342419 0.129951 0.029684 0.0270758
0 0.0491791 0.47352 0.0290917 0.027099
0 0.239348 0.26674 0.0352393 0.0324246
0 0.209708 0.807107 0.0384288 0.0362539
0 0.112302 0.938227 0.0294292 0.0277684
0 0.214163 0.156034 0.0250421 0.0234619
0 0.724023 0.0955479 0.0259005 0.0242378
0 0.0852615 0.539752 0.027634 0.0257364
0 0.720254 0.405234 0.0260675 0.0251642
0 0.130803 0.381725 0.028044 0.0263119
0 0.338079 0.992452 0.0311899 0.0150956
0 0.0571125 0.904196 0.0362663 0.0330688
0 0.641969 0.545193 0.027856 0.0265662
0 0.493106 0.967674 0.0252199 0.0233989
0 0.916508 0.187168 0.0327093 0.0303468
0 0.0556285 0.68914 0.0313986 0.0307577
0 0.0157031 0.185922 0.0268992 0.0251638
0 0.931879 0.476697 0.0251143 0.0239211
0 0.0580473 0.990297 0.0233006 0.0192394
0 0.262757 0.793255 0.0262059 0.025032
0 0.805033 0.263719 0.0327893 0.0313895
0 0.0101499 0.944032 0.0202999 0.0233487
0 0.732949 0.195 0.0238248 0.0225308
0 0.0369121 0.679921 0.038595 0.0373945
0 0.617141 0.4578 0.0241848 0.0227356
0 0.403254 0.0360377 0.0239574 0.0226167
0 0.403404 0.762663 0.0239352 0.0229099
0 0.752869 0.00693943 0.0391009 0.0138789
0 0.29786 0.726255 0.0309021 0.0291564
0 0.224526 0.929768 0.0246514 0.0235021
0 0.405159 0.925123 0.0242524 0.0228701
0 0.321401 0.732529 0.0242326 0.022936
0 0.228496 0.861488 0.0237728 0.0228251
0 0.00739247 0.77192 0.0147849 0.0238088
