0 0.372377 0.120829 0.0879071 0.0855135
0 0.0671423 0.0406935 0.117091 0.0813261
0 0.396961 0.0323882 0.0505499 0.0501096
0 0.948682 0.517816 0.0893407 0.0864079
0 0.797994 0.0344862 0.0453488 0.0436343
0 0.642045 0.410985 0.0314009 0.0306962
0 0.925887 0.0324824 0.0331064 0.0325005
0 0.679321 0.635725 0.0266743 0.0259386
0 0.602292 0.4133 0.0276885 0.0274878
0 0.951277 0.559097 0.0604314 0.0582576
0 0.935257 0.099535 0.0284081 0.0274897
0 0.534829 0.821839 0.0240445 0.0232398
0 0.150136 0.311791 0.0286607 0.0280075
0 0.829238 0.500167 0.0246725 0.0246528
0 0.771619 0.530519 0.0267536 0.026123
0 0.322292 0.960691 0.0245609 0.0239811
0 0.630275 0.325545 0.0250236 0.0244348
0 0.782098 0.904851 0.0247437 0.0244241
0 0.879577 0.589642 0.0260337 0.0255666
0 0.664306 0.197293 0.022527 0.0220763
0 0.0780621 0.108284 0.0250546 0.0244595
0 0.985528 0.315473 0.024302 0.0238952
0 0.156707 0.814811 0.0475547 0.0464923
0 0.267822 0.605824 0.0276423 0.0265266
0 0.712153 0.442139 0.0231707 0.0230427
0 0.6859 0.495737 0.0227425 0.0222574
0 0.00913154 0.489536 0.0182631 0.0228169
0 0.272631 0.00977927 0.0306365 0.0194582
0 0.650975 0.374676 0.0222351 0.0219238
0 0.536901 0.669082 0.0255676 0.0253727
0 0.758774 0.210758 0.023896 0.0237143
