0 0.424763 0.470634 0.177678 0.172222
0 0.244057 0.879579 0.0946134 0.0934105
0 0.156317 0.739673 0.0579192 0.0568378
0 0.287829 0.257408 0.065798 0.063948
0 0.266393 0.0274797 0.050569 0.0491489
0 0.429228 0.0273049 0.0626941 0.0542313
0 0.560421 0.128435 0.0516941 0.0499961
0 0.141741 0.636625 0.180125 0.168275
0 0.81848 0.522012 0.0404545 0.0391633
0 0.953588 0.846829 0.0359269 0.0357265
0 0.612707 0.51843 0.0469873 0.0447267
0 0.0097693 0.35557 0.0195386 0.0305656
0 0.730718 0.569401 0.0312338 0.0307722
0 0.839751 0.537244 0.0417452 0.0403468
0 0.0149933 0.759516 0.0298897 0.0330691
0 0.671284 0.254304 0.028506 0.0282385
0 0.0783903 0.0681306 0.0285574 0.0283014
0 0.584265 0.185454 0.0420908 0.0413022
0 0.799806 0.146984 0.0322478 0.0316569
0 0.287042 0.135168 0.0381527 0.0372492
0 0.474761 0.856996 0.028916 0.0279455
0 0.259304 0.395643 0.0454575 0.0451575
0 0.919947 0.937989 0.0270805 0.0268273
0 0.406493 0.0782421 0.0294434 0.0287355
0 0.767949 0.352954 0.0255988 0.025426
0 0.653092 0.779534 0.0257885 0.0251362
0 0.947928 0.7209 0.0275499 0.0271374
0 0.973438 0.306273 0.0528319 0.0609451
0 0.655559 0.708991 0.0252154 0.024364
0 0.915604 0.476376 0.0274935 0.0270138
0 0.151507 0.35157 0.0513977 0.0501871
0 0.152871 0.322508 0.0346626 0.0335099
0 0.338962 0.353137 0.0301838 0.0290167
0 0.747349 0.0321229 0.0633798 0.0599543
0 0.431912 0.951144 0.0295657 0.0282132
0 0.114755 0.340635 0.0368961 0.0366699
0 0.849145 0.263087 0.0610689 0.0596701
0 0.166862 0.918441 0.333724 0.161382
0 0.540296 0.431617 0.0973806 0.0949807
0 0.357808 0.695282 0.0328155 0.0319099
0 0.54875 0.883771 0.0252635 0.0239435
0 0.822553 0.936409 0.0261086 0.0253721
0 0.773701 0.461961 0.0243163 0.024003
0 0.535582 0.91539 0.0267367 0.0261531
0 0.870772 0.130472 0.0246582 0.0239646
0 0.640165 0.541735 0.0248206 0.0239623
0 0.57468 0.243683 0.0266211 0.0256398
0 0.84957 0.0183662 0.0236602 0.0235014
0 0.945388 0.0623001 0.034867 0.0337754
0 0.508696 0.163497 0.0299236 0.0300143
0 0.843029 0.61065 0.0240018 0.0238869
0 0.41465 0.354643 0.024945 0.024101
0 0.974023 0.972689 0.0241836 0.0238148
0 0.69705 0.10543 0.0278215 0.0275378
0 0.522885 0.7657 0.512462 0.441842
0 0.733192 0.373692 0.0246201 0.0241857
0 0.712875 0.154164 0.0228913 0.0227092
0 0.7041 0.546999 0.0331569 0.0315076
0 0.599727 0.805025 0.0239987 0.023241
0 0.643225 0.908759 0.413371 0.182482
0 0.73549 0.00703181 0.0368772 0.0139749
0 0.775242 0.933634 0.0253555 0.0244085
0 0.62967 0.136393 0.0239423 0.0235171
0 0.619937 0.818566 0.0233603 0.0227618
0 0.0487438 0.645733 0.03407 0.0334003
0 0.772533 0.648252 0.0228586 0.0224292
0 0.929412 0.747334 0.0227332 0.0224024
0 0.526374 0.156063 0.0228652 0.0228436
0 0.235123 0.0703208 0.0228889 0.0226797
0 0.848073 0.937801 0.0244813 0.0240191
0 0.385161 0.369161 0.0282817 0.0275371
0 0.632456 0.0352617 0.0246654 0.0239349
0 0.421264 0.330763 0.0260027 0.0249642
0 0.353541 0.00932754 0.0317142 0.0185782
0 0.53954 0.383396 0.051349 0.0504934
0 0.31639 0.557757 0.0242563 0.0236573
0 0.354939 0.622899 0.0274098 0.0269948
0 0.11422 0.369374 0.0295132 0.0296763
0 0.693062 0.271835 0.0238588 0.0237162
0 0.358497 0.587919 0.0400167 0.0390368
