0 0.425193 0.209839 0.29139 0.231949
0 0.262732 0.573045 0.13731 0.109416
0 0.841972 0.68071 0.156724 0.120737
0 0.526274 0.492772 0.284462 0.216911
0 0.727476 0.879373 0.0764756 0.0586702
0 0.730983 0.566606 0.20112 0.160302
0 0.035214 0.499218 0.0396987 0.0333214
0 0.0951677 0.788748 0.190335 0.210734
0 0.135791 0.0385254 0.0796784 0.0615686
0 0.324859 0.835314 0.0581161 0.0453251
0 0.70141 0.721045 0.0721796 0.0551939
0 0.869537 0.74782 0.164282 0.125176
0 0.370358 0.570826 0.0483069 0.0389092
0 0.241999 0.470461 0.0434798 0.0355182
0 0.39152 0.359468 0.0516709 0.0427367
0 0.895212 0.915967 0.0760971 0.0587473
0 0.0907789 0.912633 0.040106 0.0315048
0 0.814764 0.607338 0.0650284 0.0518975
0 0.422066 0.208684 0.0340815 0.0268571
0 0.148478 0.679246 0.0414906 0.0312371
0 0.608334 0.344479 0.0763854 0.0596894
0 0.259995 0.236197 0.0379628 0.0299318
0 0.547771 0.208496 0.0357933 0.0279872
0 0.56348 0.639095 0.213276 0.159444
0 0.185568 0.317652 0.278153 0.242643
0 0.525489 0.733575 0.178652 0.131383
0 0.764065 0.660838 0.0590475 0.0475092
0 0.923786 0.632865 0.0372152 0.0298517
0 0.251519 0.145682 0.0405077 0.0315992
0 0.230274 0.125328 0.0401871 0.0309126
0 0.144235 0.588007 0.0595609 0.0460284
0 0.550421 0.129041 0.0396649 0.0302498
0 0.62442 0.384469 0.0425963 0.0337903
0 0.317841 0.508126 0.0316843 0.0258853
0 0.238206 0.909325 0.033075 0.0256896
0 0.956084 0.621294 0.0313274 0.0242443
0 0.199772 0.953198 0.26076 0.0936042
0 0.535346 0.518732 0.0271152 0.0224843
0 0.893621 0.311063 0.212758 0.189729
0 0.342263 0.528306 0.0357953 0.0284283
0 0.112215 0.281002 0.0405236 0.0325639
0 0.510346 0.930859 0.0328591 0.0262398
0 0.71612 0.934117 0.0486945 0.0381651
0 0.602477 0.0913034 0.0337319 0.0259351
0 0.859547 0.453261 0.188957 0.142074
0 0.407387 0.990742 0.0292108 0.0183773
0 0.869935 0.854771 0.0626076 0.0479818
0 0.300829 0.894115 0.074991 0.0566965
0 0.590961 0.152958 0.0466531 0.0361861
0 0.527718 0.854386 0.0703199 0.0533692
0 0.0915137 0.118565 0.0328685 0.0254479
0 0.884633 0.367475 0.0560438 0.0445472
0 0.622091 0.161969 0.128061 0.10151
0 0.976408 0.965092 0.0339427 0.0272853
0 0.948664 0.838524 0.102672 0.128175
0 0.637241 0.888195 0.0497152 0.0383542
0 0.936292 0.223455 0.0552753 0.0431902
0 0.613557 0.899154 0.0473192 0.0374022
0 0.0281295 0.252194 0.056259 0.0645989
0 0.0887033 0.580927 0.17697 0.154388
0 0.0586726 0.32699 0.0286775 0.0230012
0 0.119281 0.104109 0.0341361 0.0260602
0 0.666209 0.51254 0.0268016 0.0220966
0 0.150729 0.818217 0.0643122 0.0490853
0 0.990313 0.983381 0.0193741 0.0331259
0 0.161649 0.175794 0.0330397 0.0260916
0 0.673005 0.379687 0.0525758 0.041535
0 0.628051 0.781164 0.0648149 0.0530121
0 0.995529 0.576466 0.00894241 0.0265265
