0 0.657872 0.237246 0.098232 0.0763485
0 0.182239 0.417352 0.0680513 0.0504403
0 0.982121 0.0576982 0.0357588 0.0344935
0 0.463173 0.633619 0.0437147 0.0326783
0 0.554521 0.66988 0.0344251 0.0264237
0 0.165497 0.371897 0.0358718 0.02731
0 0.717685 0.364044 0.0346996 0.0268462
0 0.469526 0.564575 0.033864 0.0254231
0 0.607859 0.159715 0.0335567 0.0257968
0 0.0172674 0.400017 0.0345349 0.0559446
0 0.202168 0.711384 0.0308715 0.0242355
0 0.0440257 0.133903 0.0421666 0.0313344
0 0.528052 0.258632 0.0341364 0.0266098
0 0.184218 0.351246 0.0362835 0.026187
0 0.901845 0.280986 0.0320115 0.0247096
0 0.467313 0.709383 0.0876013 0.0657137
0 0.907861 0.260179 0.0305404 0.0222711
0 0.32526 0.71558 0.0633246 0.0468034
0 0.148434 0.521648 0.0459655 0.033752
0 0.57287 0.0462108 0.0312268 0.0233464
0 0.0912474 0.0660745 0.0290906 0.022628
0 0.447752 0.583985 0.0303667 0.0235277
0 0.417049 0.593033 0.0284707 0.0224199
0 0.146232 0.233476 0.0666861 0.0493532
0 0.229836 0.748857 0.123689 0.0922923
0 0.787505 0.27632 0.0338799 0.0261992
0 0.133008 0.349124 0.0607946 0.0474762
