0 0.3918 0.376057 0.129333 0.126305
0 0.0655006 0.851663 0.0640292 0.06163
0 0.595018 0.462936 0.0710712 0.0683923
0 0.415632 0.208704 0.0626674 0.0611377
0 0.662632 0.145797 0.0436192 0.0423104
0 0.430775 0.910947 0.0778178 0.0764641
0 0.904664 0.112058 0.0413321 0.0400522
0 0.432322 0.871356 0.0742287 0.071942
0 0.5092 0.971812 0.059268 0.0560937
0 0.490895 0.877406 0.0421209 0.0415463
0 0.643443 0.29841 0.0426274 0.0416285
0 0.0178342 0.11481 0.0321245 0.0311481
0 0.335533 0.00696192 0.0441376 0.0138365
0 0.344909 0.800974 0.0348852 0.0342278
0 0.851122 0.0810823 0.0293049 0.028318
0 0.822934 0.232842 0.026221 0.0257856
0 0.193803 0.113309 0.0393689 0.0383466
0 0.987064 0.82437 0.0258712 0.0432887
0 0.166082 0.271355 0.0259472 0.0251851
0 0.46585 0.336651 0.0355035 0.0343357
0 0.360044 0.877468 0.0287956 0.0282149
0 0.507758 0.920014 0.0354003 0.0349966
0 0.83776 0.68028 0.0394733 0.0375965
0 0.305266 0.86793 0.0259885 0.0261252
0 0.446358 0.0760991 0.0246124 0.0239433
0 0.963509 0.88069 0.032517 0.0313645
0 0.503191 0.152547 0.0313499 0.0299871
0 0.555342 0.985419 0.0532651 0.0291052
0 0.278588 0.666065 0.0260309 0.0253059
0 0.899196 0.770317 0.0242984 0.0237775
0 0.597269 0.529194 0.027961 0.026375
0 0.154532 0.716727 0.0262542 0.0253082
0 0.518028 0.813603 0.0332599 0.032927
0 0.956611 0.332814 0.0364214 0.036067
0 0.436218 0.312041 0.0309679 0.0306063
0 0.366059 0.164218 0.0497564 0.0483624
0 0.133985 0.393087 0.0284001 0.0275785
0 0.412398 0.994048 0.0252261 0.0119042
0 0.182611 0.208589 0.0297922 0.0288916
0 0.616759 0.690463 0.0229374 0.0225472
0 0.314849 0.803446 0.0246362 0.0236516
0 0.183207 0.323794 0.0319817 0.0298619
