0 0.788635 0.272564 0.275283 0.282938
0 0.289325 0.902559 0.271775 0.193945
0 0.155974 0.339498 0.110148 0.107843
0 0.511938 0.256564 0.0727661 0.0712659
0 0.763516 0.298768 0.0436961 0.0434326
0 0.879715 0.0190332 0.0565611 0.0380665
0 0.562767 0.970242 0.071908 0.0594489
0 0.329248 0.603033 0.129997 0.127927
0 0.743878 0.340967 0.032239 0.0313834
0 0.0805744 0.596333 0.0595567 0.0593064
0 0.233524 0.407583 0.204509 0.222959
0 0.788514 0.445849 0.0291023 0.0294948
0 0.739513 0.0739081 0.0341022 0.0336426
0 0.271382 0.233909 0.0381351 0.0367895
0 0.347303 0.496228 0.0640475 0.0634429
0 0.0481803 0.986952 0.0270146 0.0253164
0 0.294489 0.523243 0.0516304 0.0505943
0 0.645827 0.931051 0.0306244 0.0302942
0 0.441759 0.772838 0.348847 0.351424
0 0.792537 0.0227485 0.0259228 0.0260333
0 0.0320513 0.846777 0.0627676 0.0687053
0 0.827528 0.588553 0.0377496 0.0362659
0 0.514474 0.0671685 0.0943436 0.0903757
0 0.711425 0.514383 0.0302305 0.0299716
0 0.678452 0.597627 0.0259763 0.0254455
0 0.463204 0.493247 0.0519027 0.0503365
0 0.0642879 0.82134 0.0498961 0.0486833
0 0.126416 0.047912 0.0334378 0.0323481
0 0.20782 0.423684 0.0290059 0.0291936
0 0.38941 0.54324 0.0300227 0.0293412
0 0.587745 0.063981 0.024387 0.0241341
0 0.499849 0.511781 0.0238548 0.0236839
0 0.609169 0.0577154 0.0242346 0.0239995
0 0.0637968 0.664601 0.0258353 0.0255785
0 0.83518 0.64864 0.0308487 0.0298121
0 0.273681 0.681022 0.0259967 0.0263104
0 0.0699153 0.12712 0.139627 0.224239
0 0.557881 0.600699 0.02434 0.023849
0 0.748317 0.89563 0.0263551 0.0259756
0 0.46657 0.283957 0.0330399 0.0323134
0 0.936364 0.156766 0.126364 0.313531
0 0.20071 0.437833 0.0219628 0.0221632
0 0.158953 0.674845 0.0240718 0.0236685
0 0.611238 0.549935 0.0848067 0.080734
0 0.163748 0.0606217 0.323128 0.120799
0 0.769402 0.0528588 0.0388324 0.0377373
0 0.670169 0.450334 0.0236324 0.0237348
0 0.778418 0.904611 0.0283315 0.0284675
0 0.740084 0.711024 0.023691 0.0231148
0 0.887684 0.750739 0.0240423 0.0240188
0 0.132802 0.722053 0.0240022 0.0237144
0 0.589703 0.534954 0.0295906 0.0279105
0 0.377175 0.334444 0.021809 0.0214704
0 0.0447618 0.464593 0.0230227 0.0227187
0 0.596555 0.781475 0.0237833 0.0233451
0 0.662321 0.366338 0.0254078 0.0248796
0 0.357614 0.419676 0.0302124 0.0299345
0 0.170842 0.594162 0.0634327 0.0626013
0 0.486317 0.144678 0.0739849 0.07065
0 0.568366 0.788337 0.0263111 0.0264107
0 0.34045 0.436709 0.0349128 0.034025
0 0.995342 0.691502 0.00931664 0.0276128
0 0.962853 0.270386 0.0231666 0.0228467
