0 0.117992 0.447125 0.228553 0.231786
0 0.633563 0.751075 0.0905457 0.088639
0 0.338698 0.248918 0.0579561 0.0555263
0 0.949337 0.253199 0.0588231 0.0580141
0 0.438654 0.0429169 0.120883 0.0857733
0 0.505514 0.87314 0.0638719 0.0625876
0 0.154649 0.869589 0.0482708 0.0464951
0 0.34811 0.181291 0.0711226 0.0707902
0 0.274109 0.507762 0.0526567 0.0516877
0 0.75274 0.883804 0.0571163 0.055827
0 0.798074 0.214556 0.040448 0.0396989
0 0.368146 0.334968 0.0366194 0.0354292
0 0.392985 0.9711 0.0976865 0.0574804
0 0.287481 0.140386 0.0311469 0.0307555
0 0.984384 0.0611825 0.0311086 0.0379239
0 0.958669 0.501665 0.027932 0.0276206
0 0.260511 0.755797 0.135922 0.131747
0 0.633903 0.0637438 0.0424521 0.0413802
0 0.559641 0.907938 0.0283869 0.0278723
0 0.709228 0.374578 0.0276208 0.0273691
0 0.678855 0.00648573 0.0281532 0.0129114
0 0.540314 0.154723 0.0280778 0.0275522
0 0.909436 0.18241 0.0294569 0.0288393
0 0.967146 0.653916 0.0362437 0.0351744
0 0.0141895 0.0490852 0.0272102 0.0271517
0 0.486304 0.0660476 0.0669888 0.0656583
0 0.309921 0.347966 0.0270535 0.0259203
0 0.833055 0.383558 0.0291295 0.0290948
0 0.352384 0.510611 0.028736 0.0276955
0 0.910349 0.0764936 0.0303979 0.0306155
0 0.51649 0.118402 0.0336316 0.0327955
0 0.261048 0.447441 0.0774414 0.074309
0 0.338732 0.606147 0.0684524 0.0669937
0 0.966271 0.0450481 0.0240089 0.0242069
0 0.819084 0.144964 0.0251885 0.024888
0 0.23932 0.917153 0.0515296 0.050257
0 0.936531 0.282388 0.0231819 0.0232043
0 0.436398 0.488154 0.154677 0.144207
0 0.67727 0.245887 0.0257404 0.0252029
0 0.844706 0.00612972 0.0322044 0.0122178
0 0.0824035 0.271034 0.0451964 0.0438961
0 0.357892 0.105948 0.0619311 0.0607086
0 0.600451 0.935049 0.0358669 0.0349689
0 0.82318 0.738211 0.0288239 0.0277777
0 0.703361 0.580557 0.0303356 0.0290128
0 0.551064 0.0271199 0.109347 0.0542398
0 0.81073 0.825869 0.0497542 0.0479965
0 0.605783 0.838942 0.0627854 0.0612144
0 0.677696 0.289791 0.0264039 0.0254927
0 0.830299 0.274983 0.0231166 0.0229828
0 0.619698 0.264611 0.0328658 0.0318769
0 0.879182 0.150582 0.0235906 0.0235552
0 0.0892884 0.993227 0.0227059 0.0135464
0 0.285579 0.792564 0.0351691 0.0351076
0 0.339134 0.558797 0.0773998 0.0748878
0 0.289814 0.823581 0.0270822 0.0260548
0 0.877451 0.133486 0.0270726 0.0266242
0 0.0117525 0.210328 0.0235051 0.051634
0 0.963466 0.676134 0.0258025 0.0258732
0 0.729175 0.68546 0.048703 0.0474839
0 0.889566 0.616555 0.0242677 0.0239756
0 0.241409 0.674847 0.033983 0.0337687
0 0.506866 0.186349 0.0236146 0.0231501
