0 0.123533 0.151026 0.107265 0.0922431
0 0.922814 0.305595 0.154372 0.231946
0 0.962471 0.883818 0.0500486 0.0427311
0 0.224823 0.069969 0.0765692 0.0673959
0 0.587819 0.648115 0.0395987 0.0346602
0 0.330022 0.808087 0.0435652 0.038134
0 0.384556 0.806982 0.0356609 0.0316978
0 0.512056 0.533387 0.0565657 0.0493151
0 0.422222 0.606026 0.0367393 0.0314552
0 0.887603 0.0185536 0.052678 0.0370506
0 0.936614 0.792385 0.0323123 0.0281657
0 0.144193 0.404109 0.0642402 0.0543442
0 0.65443 0.222683 0.0503375 0.0424145
0 0.417341 0.802895 0.0379602 0.032743
0 0.460935 0.681872 0.0302716 0.0262779
0 0.507562 0.208026 0.0660244 0.057337
0 0.518306 0.790515 0.0380834 0.0332799
0 0.39737 0.464651 0.074616 0.0639353
0 0.137452 0.199228 0.0409588 0.0339486
0 0.310493 0.673887 0.0675006 0.0582355
0 0.777652 0.903917 0.0296611 0.0249907
0 0.438418 0.742809 0.0287918 0.0254963
0 0.477728 0.656538 0.0283986 0.0246718
0 0.654913 0.905899 0.0269711 0.0232398
0 0.0762251 0.196187 0.0311029 0.0278362
0 0.956954 0.0170223 0.0859251 0.0340267
0 0.0340699 0.127464 0.0681397 0.0694239
0 0.357231 0.814806 0.277046 0.230974
0 0.391248 0.852131 0.0246277 0.0218558
0 0.186322 0.509587 0.0280668 0.0244371
0 0.921079 0.45859 0.0560795 0.0457123
0 0.665247 0.0901711 0.268131 0.180342
0 0.45583 0.640324 0.0315208 0.027216
0 0.316318 0.399535 0.0521302 0.0459271
0 0.490528 0.0402026 0.0282762 0.023877
0 0.407026 0.0416588 0.326424 0.0831876
0 0.42643 0.278746 0.0456834 0.0382788
0 0.567733 0.00887203 0.0390005 0.017703
0 0.289936 0.825458 0.424047 0.255935
0 0.291647 0.988431 0.0326064 0.0231384
0 0.458562 0.896356 0.0245979 0.0226968
0 0.310426 0.417408 0.0868192 0.0784162
