0 0.885274 0.206338 0.0930719 0.0892167
0 0.775099 0.711708 0.0326794 0.0314798
0 0.315291 0.533346 0.0287467 0.0274373
0 0.405387 0.366459 0.0269636 0.0254819
0 0.458893 0.0987642 0.349055 0.197198
0 0.519733 0.473358 0.0275328 0.0262552
0 0.42792 0.50843 0.025818 0.0243728
0 0.807888 0.823557 0.0297918 0.0286217
0 0.185899 0.463825 0.0294632 0.0282266
0 0.0591205 0.711426 0.118241 0.298873
0 0.417448 0.155894 0.0247003 0.0239634
0 0.56262 0.932097 0.0239549 0.0232463
0 0.142538 0.83799 0.0297139 0.028841
0 0.151034 0.391135 0.118474 0.11359
0 0.203457 0.159567 0.023981 0.0229719
0 0.167687 0.139312 0.0234087 0.0228568
0 0.831103 0.112297 0.0241049 0.0230405
0 0.301122 0.86541 0.0320012 0.031824
0 0.69348 0.913228 0.037884 0.0375851
0 0.0146961 0.993694 0.0273937 0.0126129
0 0.450124 0.397143 0.204995 0.190697
0 0.365386 0.391951 0.0230669 0.0219516
0 0.770292 0.175058 0.131936 0.125949
0 0.0556369 0.751499 0.0242624 0.0246849
0 0.374003 0.802273 0.0239589 0.0237568
0 0.0343535 0.333068 0.0206181 0.0200995
0 0.574137 0.961181 0.030141 0.0293657
0 0.79688 0.00474191 0.0291612 0.00948381
0 0.577335 0.994802 0.0255985 0.0103956
0 0.23838 0.918919 0.0297708 0.028948
