0 0.0419486 0.492506 0.0617536 0.0600483
0 0.381584 0.957908 0.0711771 0.0698088
0 0.0563077 0.233055 0.0620658 0.0598638
0 0.321352 0.192063 0.0378555 0.0368969
0 0.670805 0.779539 0.0531111 0.0516023
0 0.569649 0.71702 0.0492582 0.0485452
0 0.475944 0.68229 0.032803 0.0321764
0 0.167358 0.0886931 0.0408342 0.0398354
0 0.431277 0.841023 0.0351583 0.0349096
0 0.63279 0.580512 0.036061 0.0352492
0 0.0755133 0.464597 0.0360938 0.0355276
0 0.17224 0.471322 0.0550503 0.055197
0 0.724519 0.613185 0.0459201 0.0445788
0 0.914692 0.613373 0.025764 0.025138
0 0.596649 0.781909 0.0327222 0.0321021
0 0.956319 0.784951 0.0240177 0.0238118
0 0.662834 0.566551 0.0317154 0.030376
0 0.643657 0.0416771 0.390603 0.0833252
0 0.274188 0.111211 0.0451465 0.043615
0 0.0181925 0.00604457 0.0297889 0.0120891
0 0.306253 0.32446 0.0530127 0.0516393
0 0.489318 0.850745 0.0321088 0.0316912
0 0.256202 0.245472 0.0245673 0.0241998
0 0.230638 0.249559 0.0266854 0.0264341
0 0.352024 0.991126 0.0309302 0.0177483
0 0.566254 0.201491 0.251511 0.227499
0 0.260999 0.38314 0.0286977 0.0280646
0 0.283596 0.164911 0.0315905 0.0303951
0 0.772658 0.3778 0.0241661 0.0238532
0 0.336536 0.891103 0.0329423 0.0327806
0 0.29826 0.123529 0.0351419 0.0339955
0 0.433375 0.660328 0.0577571 0.0568092
0 0.601024 0.714387 0.0256208 0.0256405
0 0.728568 0.461397 0.0253096 0.0248121
0 0.874914 0.330086 0.0236232 0.0229649
0 0.915285 0.755504 0.026442 0.0257346
0 0.22838 0.566334 0.128572 0.121964
0 0.303752 0.642074 0.0637755 0.0621352
0 0.0789252 0.806562 0.0470828 0.0454369
0 0.502824 0.810226 0.0267785 0.0263864
0 0.520387 0.465329 0.115113 0.113904
0 0.124111 0.85112 0.0247032 0.023963
0 0.378143 0.482529 0.0890959 0.0894284
0 0.330491 0.230578 0.0284263 0.0276736
0 0.522961 0.843625 0.0279059 0.0276408
0 0.109109 0.355454 0.0227785 0.0228011
0 0.646833 0.836321 0.0898886 0.0892809
0 0.445959 0.880884 0.0356526 0.0351172
0 0.292398 0.266617 0.0260437 0.025641
0 0.303871 0.892708 0.0261695 0.0260792
0 0.592664 0.914545 0.0290833 0.028439
0 0.922861 0.855055 0.0349141 0.0348129
0 0.640898 0.900241 0.0352926 0.035475
0 0.319369 0.375683 0.0296155 0.0290086
