0 0.379232 0.158935 0.253982 0.279382
0 0.363081 0.588685 0.0645053 0.0628662
0 0.627715 0.696105 0.0816905 0.0775251
0 0.7983 0.202582 0.0318944 0.0311915
0 0.851581 0.447107 0.0413919 0.0404535
0 0.763712 0.181226 0.472577 0.362118
0 0.740969 0.457387 0.103565 0.10051
0 0.63858 0.537921 0.0468251 0.0455387
0 0.28047 0.371638 0.0738243 0.0700076
0 0.497638 0.561471 0.0555929 0.0541239
0 0.0491858 0.176475 0.0983716 0.126229
0 0.0296561 0.787658 0.0418105 0.0310649
0 0.706551 0.217167 0.0290487 0.0288283
0 0.0732533 0.664197 0.028769 0.0283144
0 0.56072 0.744572 0.0746749 0.0718171
0 0.142885 0.0642175 0.0288515 0.0280142
0 0.262855 0.311797 0.0454493 0.043788
0 0.653812 0.311084 0.0526255 0.0519352
0 0.113404 0.687566 0.0244646 0.0241838
0 0.48806 0.765677 0.0840328 0.0749493
0 0.114548 0.463193 0.0635814 0.0614267
0 0.0720832 0.240831 0.0363597 0.0360715
0 0.519155 0.617428 0.0337881 0.0334319
0 0.649068 0.761399 0.112793 0.0923518
0 0.0945206 0.763057 0.0515041 0.0492901
0 0.235834 0.75323 0.0292703 0.0283456
0 0.424132 0.716074 0.0745632 0.0725437
0 0.390884 0.550302 0.0489442 0.047433
0 0.0932825 0.282234 0.0529021 0.0522449
0 0.283426 0.577372 0.038615 0.0379028
0 0.822021 0.624787 0.327324 0.342196
0 0.336228 0.261758 0.023841 0.0233381
0 0.892853 0.00714903 0.0313112 0.0142822
0 0.340188 0.698087 0.0983881 0.0964244
0 0.681675 0.547352 0.0492127 0.0477806
0 0.823863 0.112311 0.0245325 0.0238426
0 0.497955 0.694031 0.0518585 0.0490487
0 0.416766 0.408135 0.0240447 0.0237734
0 0.577904 0.482926 0.0831299 0.0788657
0 0.208231 0.0887924 0.360436 0.175984
0 0.443233 0.308094 0.0299707 0.0295134
0 0.035746 0.280651 0.0561069 0.0554441
0 0.958382 0.034671 0.051442 0.0502732
0 0.530088 0.71156 0.0360248 0.035583
0 0.388572 0.00802828 0.0246159 0.0160566
0 0.609091 0.573545 0.0370008 0.0355635
0 0.011592 0.719052 0.0231405 0.0332353
0 0.302902 0.209608 0.0259128 0.0252018
0 0.591698 0.284081 0.0399938 0.0384635
0 0.328903 0.332767 0.024454 0.0239305
0 0.0290075 0.181131 0.0230418 0.0233915
0 0.633301 0.617316 0.0685632 0.0654461
0 0.333368 0.163696 0.0228207 0.0220973
0 0.0740413 0.734568 0.0447534 0.0434229
0 0.984499 0.479805 0.0300667 0.0298048
0 0.0111885 0.107136 0.0223545 0.0569719
0 0.0897202 0.690442 0.0226698 0.0221939
0 0.56557 0.682034 0.0385823 0.0368476
0 0.70467 0.508266 0.0442403 0.0429952
0 0.557733 0.78748 0.045535 0.0320934
0 0.0483969 0.121625 0.0467149 0.0452403
0 0.185503 0.22954 0.182513 0.174376
0 0.0338349 0.606782 0.0569186 0.0554838
0 0.698281 0.390815 0.0269278 0.02665
0 0.229192 0.582146 0.0252593 0.0251861
0 0.206957 0.234224 0.143883 0.149256
