0 0.275844 0.487269 0.293359 0.254909
0 0.11965 0.717455 0.0985886 0.0817406
0 0.634185 0.31911 0.0652277 0.0554769
0 0.0989315 0.659818 0.0716356 0.059604
0 0.480263 0.266138 0.0417131 0.034593
0 0.0419904 0.577602 0.0346085 0.0281048
0 0.882928 0.00640032 0.0382012 0.0127945
0 0.272359 0.255844 0.0399317 0.033558
0 0.491532 0.584525 0.0403326 0.0338508
0 0.284545 0.7283 0.0274607 0.0238274
0 0.952094 0.144952 0.0289906 0.0239192
0 0.140656 0.207984 0.131251 0.11062
0 0.0908371 0.7727 0.0324882 0.0262539
0 0.835738 0.45907 0.0427988 0.0361219
0 0.598924 0.988742 0.0269854 0.0222596
0 0.154461 0.952355 0.0269983 0.0228933
0 0.420593 0.215169 0.0274604 0.0235584
0 0.930958 0.75535 0.137735 0.489301
0 0.0136101 0.925192 0.0269981 0.022987
0 0.216833 0.989812 0.0316064 0.0203764
0 0.651933 0.685255 0.0264051 0.0228045
0 0.220069 0.987557 0.0363364 0.0247264
0 0.227796 0.981823 0.0287699 0.025482
0 0.854518 0.0990379 0.0269681 0.02264
0 0.161491 0.791685 0.0305452 0.0251927
0 0.0166175 0.243133 0.0332351 0.0400919
