0 0.674404 0.674633 0.0651187 0.0641463
0 0.270053 0.761119 0.0649409 0.0621279
0 0.781725 0.35067 0.0361401 0.0346921
0 0.788606 0.147461 0.0397411 0.0388639
0 0.0901814 0.0665226 0.0684072 0.0652701
0 0.0185055 0.272763 0.036007 0.0349629
0 0.676575 0.248227 0.0351011 0.0344292
0 0.946026 0.360665 0.0415498 0.0399938
0 0.336362 0.71082 0.0492413 0.0482416
0 0.929452 0.145363 0.0347278 0.0342324
0 0.289588 0.884453 0.0302442 0.0289561
0 0.0958803 0.0314818 0.0625869 0.0608204
0 0.0668099 0.442559 0.037798 0.0360831
0 0.113114 0.844802 0.0479971 0.0462599
0 0.274707 0.0723108 0.025403 0.0251082
0 0.523699 0.577459 0.0347118 0.0336058
0 0.420914 0.0332049 0.024278 0.0239968
0 0.105922 0.382256 0.0363956 0.0334816
0 0.900809 0.187242 0.0271959 0.0272305
0 0.288949 0.267262 0.0362065 0.0346541
0 0.325762 0.159461 0.0457556 0.045617
0 0.640232 0.0105848 0.0252562 0.020994
0 0.828263 0.370445 0.025114 0.0240803
0 0.134437 0.368818 0.0293075 0.0277024
0 0.100892 0.743289 0.0251335 0.0240622
0 0.335782 0.0355822 0.035264 0.0351724
0 0.44831 0.0246998 0.0417018 0.0423759
0 0.169597 0.746821 0.0330282 0.0316311
0 0.989159 0.376527 0.0216827 0.0242501
0 0.899907 0.384041 0.0225483 0.0226469
0 0.0274096 0.211265 0.0243139 0.0235199
0 0.303542 0.0589805 0.0259369 0.0257185
0 0.829653 0.766841 0.0504215 0.0492151
0 0.460954 0.00989365 0.0343051 0.0196437
0 0.984778 0.356275 0.0264228 0.0255733
0 0.882269 0.694649 0.0250098 0.0244339
0 0.415619 0.00801256 0.039182 0.0160251
0 0.112123 0.638758 0.0238837 0.0230067
0 0.0818206 0.529119 0.0263875 0.0250255
0 0.141159 0.047411 0.0242499 0.024051
0 0.32758 0.181215 0.0254516 0.0250452
0 0.975167 0.990348 0.0222518 0.0193051
0 0.729149 0.0166717 0.0410016 0.0333433
0 0.703561 0.167915 0.0232224 0.0230281
0 0.197665 0.845183 0.0230864 0.0228198
0 0.678349 0.027138 0.0307203 0.0300447
