0 0.120643 0.580738 0.0409771 0.0394285
0 0.648078 0.781012 0.0484977 0.0469666
0 0.228739 0.250756 0.0609285 0.0590426
0 0.359616 0.135682 0.0634445 0.0615546
0 0.164236 0.826311 0.0322802 0.0311769
0 0.307198 0.119621 0.0402451 0.0394072
0 0.147732 0.618831 0.0282553 0.0276637
0 0.268122 0.206003 0.0641186 0.0638225
0 0.287447 0.260961 0.0639067 0.0636394
0 0.17692 0.710865 0.0292344 0.0285616
0 0.176416 0.668289 0.0251555 0.0249216
0 0.0809349 0.832086 0.0307518 0.0302074
0 0.0621449 0.531187 0.12429 0.312906
0 0.372116 0.470931 0.0338373 0.0334888
0 0.158932 0.683772 0.0277342 0.0269606
0 0.301319 0.900516 0.0435542 0.0435259
0 0.320552 0.289644 0.0427958 0.0428675
0 0.520581 0.115004 0.0649991 0.0636789
0 0.380598 0.628321 0.0252372 0.0248316
0 0.328976 0.314023 0.0466439 0.045111
0 0.229653 0.557854 0.0332629 0.0326514
0 0.322447 0.579815 0.0252362 0.024722
0 0.327844 0.216356 0.0551818 0.0527982
0 0.582144 0.187281 0.0466397 0.0449959
0 0.353432 0.106 0.0251609 0.024472
0 0.0227976 0.915593 0.0448156 0.04535
0 0.391605 0.0864252 0.02319 0.0230897
0 0.309225 0.0059422 0.0277187 0.0118844
0 0.232855 0.454173 0.027235 0.0271563
0 0.364554 0.50491 0.0294055 0.0288625
0 0.0861557 0.972645 0.0309635 0.0302715
0 0.0371183 0.169084 0.0351121 0.034618
0 0.399792 0.210939 0.0391358 0.0377061
0 0.0630998 0.103865 0.1262 0.149086
0 0.29298 0.869342 0.0236983 0.0236232
0 0.798859 0.788884 0.0237018 0.0230058
0 0.382071 0.531305 0.0269287 0.0265517
0 0.111093 0.236798 0.0296705 0.0289494
0 0.241849 0.500967 0.0241526 0.0236764
0 0.311973 0.387378 0.0267261 0.0256423
0 0.0843511 0.788772 0.0226439 0.0220703
0 0.564337 0.936525 0.0992244 0.0981342
0 0.367959 0.0409004 0.090134 0.0815732
0 0.187419 0.942332 0.0234797 0.0228446
0 0.531785 0.0777808 0.0454402 0.0432157
0 0.380853 0.395839 0.047885 0.0474703
