0 0.391687 0.358488 0.0530605 0.0503035
0 0.226913 0.673295 0.060153 0.0573044
0 0.44471 0.362078 0.041178 0.0389189
0 0.0645505 0.326911 0.0357248 0.0329428
0 0.460459 0.197312 0.0314766 0.0300646
0 0.100139 0.866657 0.0589422 0.0502987
0 0.817298 0.689757 0.0373982 0.0350322
0 0.61594 0.145966 0.0372511 0.0350314
0 0.85837 0.816795 0.0362627 0.034342
0 0.242581 0.581021 0.0284448 0.0273568
0 0.546518 0.563185 0.026937 0.025139
0 0.581912 0.846631 0.0267023 0.024216
0 0.164676 0.245457 0.0295062 0.0276297
0 0.916563 0.843266 0.0336598 0.0321415
0 0.838037 0.743518 0.0307311 0.0291123
0 0.947254 0.238982 0.0353529 0.0325811
0 0.121572 0.343646 0.0269673 0.0251279
0 0.0933816 0.196602 0.0258883 0.0242782
0 0.780265 0.574907 0.0301139 0.0273674
0 0.635189 0.107587 0.0248094 0.0238574
0 0.291378 0.944429 0.0325913 0.0282337
0 0.337298 0.441313 0.0255425 0.0242387
0 0.833269 0.670693 0.0259655 0.0239018
0 0.387237 0.489962 0.024118 0.0228597
0 0.10153 0.362131 0.0245436 0.0229666
0 0.951405 0.206742 0.0259141 0.0243636
0 0.994327 0.338185 0.0113455 0.0348235
0 0.308359 0.0805029 0.0243818 0.0233353
0 0.422038 0.962552 0.0260551 0.0237129
0 0.0869263 0.51103 0.024302 0.0234574
0 0.62571 0.597387 0.0361025 0.0341203
0 0.800769 0.6482 0.0275684 0.0252151
0 0.0504323 0.2625 0.0246769 0.0234417
0 0.220593 0.566779 0.0228199 0.0220699
0 0.268862 0.589396 0.024368 0.0236657
