0 0.865653 0.95754 0.0624768 0.0615659
0 0.953391 0.225853 0.0579649 0.0563452
0 0.124805 0.307821 0.0506897 0.0494352
0 0.940825 0.570709 0.0544245 0.0535359
0 0.547388 0.918497 0.0418975 0.0414381
0 0.65095 0.0726347 0.0521985 0.0515618
0 0.214991 0.567646 0.0472349 0.0464671
0 0.467987 0.634121 0.0426881 0.0413148
0 0.961723 0.671403 0.0394 0.0390522
0 0.225443 0.506631 0.0354524 0.0352459
0 0.157769 0.0241715 0.0278463 0.0270813
0 0.0289124 0.39727 0.0313672 0.0308832
0 0.226634 0.131086 0.0281643 0.0275502
0 0.254477 0.751207 0.0415999 0.040641
0 0.057935 0.988997 0.0269529 0.0220071
0 0.600406 0.827869 0.038514 0.0375767
0 0.882007 0.851084 0.0282437 0.0278211
0 0.218275 0.918917 0.0314639 0.0308123
0 0.669037 0.2563 0.0278117 0.0274029
0 0.929045 0.0723702 0.0255177 0.0248999
0 0.203689 0.612679 0.0370512 0.0363925
0 0.150486 0.590926 0.0295632 0.0290325
0 0.0762745 0.701583 0.0463585 0.0448946
0 0.927984 0.982994 0.0439486 0.0339587
0 0.818031 0.740323 0.0274534 0.0264235
0 0.993505 0.505575 0.0129895 0.0407246
0 0.894605 0.749846 0.0581834 0.0569308
0 0.806857 0.112564 0.0484102 0.047901
0 0.164489 0.861004 0.0405279 0.0388677
0 0.116589 0.679468 0.0358222 0.0347936
0 0.37588 0.165343 0.0437164 0.0427739
0 0.214052 0.953153 0.0259558 0.025442
0 0.87762 0.415362 0.0928846 0.0897046
0 0.430426 0.602382 0.0233459 0.0228444
0 0.723689 0.989198 0.0232809 0.0215554
0 0.868331 0.159085 0.101764 0.0977051
0 0.0157486 0.585585 0.0314905 0.0370761
0 0.114978 0.71462 0.0342069 0.033935
0 0.138225 0.781391 0.0293275 0.0286452
0 0.850459 0.491506 0.0351278 0.0348328
0 0.146408 0.84553 0.0536251 0.0545496
0 0.00856935 0.473257 0.0170279 0.128656
0 0.473276 0.211375 0.027213 0.0265711
0 0.424787 0.797488 0.0259352 0.0256028
0 0.149188 0.698004 0.0301815 0.0298824
0 0.882574 0.548622 0.0509679 0.0493047
0 0.509634 0.603406 0.0694885 0.0674349
0 0.430205 0.420627 0.0298244 0.0291355
0 0.480521 0.437078 0.0446397 0.0433145
0 0.390186 0.297283 0.0296653 0.0290879
0 0.101776 0.870244 0.0311629 0.0310245
0 0.800729 0.715598 0.0345534 0.0334194
0 0.890604 0.359861 0.063958 0.0657603
0 0.0585454 0.799529 0.0257019 0.0252818
0 0.702567 0.877773 0.0514631 0.0514262
0 0.6145 0.97108 0.0306014 0.0293806
0 0.605888 0.92741 0.036551 0.036407
