0 0.858687 0.540438 0.282627 0.252316
0 0.210331 0.711361 0.137931 0.115594
0 0.640943 0.327295 0.0776489 0.0634896
0 0.552281 0.794244 0.0924788 0.0769951
0 0.852635 0.080251 0.0587252 0.0471557
0 0.10462 0.653866 0.0596154 0.0483324
0 0.433925 0.662739 0.137931 0.108952
0 0.209511 0.716138 0.0579691 0.0471189
0 0.836717 0.419522 0.0907505 0.0752492
0 0.161058 0.487527 0.0546688 0.0434074
0 0.981443 0.0643122 0.0370728 0.0335156
0 0.713266 0.334821 0.0824013 0.065333
0 0.497694 0.863162 0.0396517 0.0332427
0 0.303477 0.779346 0.0679709 0.0570672
0 0.0972347 0.979565 0.0642875 0.0405169
0 0.335966 0.32347 0.0580151 0.044189
0 0.885929 0.704349 0.160124 0.128869
0 0.198119 0.91057 0.0500981 0.0416732
0 0.510936 0.300462 0.0530804 0.0430779
0 0.711979 0.163477 0.055089 0.0455417
0 0.723229 0.404025 0.115707 0.0938131
0 0.960549 0.910783 0.0789014 0.113159
0 0.404005 0.95494 0.0517272 0.0437285
0 0.903711 0.395502 0.0457146 0.0365325
0 0.31752 0.870419 0.167851 0.141725
0 0.978907 0.79883 0.0339292 0.0283975
0 0.299448 0.659594 0.054621 0.0432584
0 0.390815 0.371549 0.0395596 0.030479
0 0.860551 0.815125 0.092637 0.0763278
0 0.305849 0.505117 0.0375198 0.0296373
0 0.0869332 0.320073 0.172523 0.330384
0 0.48935 0.150132 0.0384475 0.0310097
0 0.421776 0.433119 0.0384565 0.0291152
0 0.127906 0.36288 0.040843 0.033025
0 0.289559 0.622797 0.053426 0.0422122
0 0.0384251 0.3441 0.0409182 0.0339369
0 0.545305 0.724916 0.0296903 0.0251081
0 0.884577 0.373937 0.0469484 0.0398608
0 0.660524 0.464265 0.0612504 0.0474803
0 0.790222 0.0101485 0.0435778 0.0202969
0 0.211708 0.846038 0.041672 0.0349233
0 0.531324 0.068196 0.0354371 0.0278184
0 0.416145 0.0559045 0.0566216 0.0440589
0 0.401458 0.216496 0.0440702 0.034424
0 0.166595 0.955996 0.047536 0.0396173
0 0.943658 0.0293716 0.0329836 0.0269132
0 0.30173 0.360588 0.0291388 0.0231825
0 0.513332 0.214306 0.054286 0.0439969
0 0.382111 0.169588 0.0444963 0.0345416
0 0.293858 0.0119719 0.0325995 0.0239124
0 0.448867 0.360064 0.0434183 0.0338202
0 0.065608 0.928556 0.0797615 0.0656703
0 0.777544 0.618267 0.0414691 0.033367
0 0.678781 0.876262 0.0485453 0.0393576
0 0.989351 0.305226 0.0209239 0.0236509
0 0.456558 0.736144 0.0339209 0.0284295
0 0.37796 0.00900059 0.0273025 0.0178921
0 0.74496 0.634648 0.279285 0.238812
0 0.399838 0.461156 0.0354719 0.0277882
0 0.97365 0.45598 0.0526381 0.0451488
0 0.442303 0.823259 0.157551 0.131383
0 0.744046 0.817307 0.0310051 0.025423
0 0.215961 0.817926 0.094652 0.0813319
0 0.701284 0.00726729 0.0483184 0.0144911
0 0.612003 0.835478 0.0554455 0.0464609
0 0.449177 0.591482 0.106515 0.0830452
0 0.281432 0.445734 0.0337032 0.0266654
0 0.940099 0.775267 0.0859383 0.0716876
0 0.48615 0.906153 0.0690235 0.0559567
0 0.773912 0.0950515 0.037179 0.0297581
0 0.482677 0.17484 0.0442976 0.0366972
0 0.974208 0.695714 0.0513364 0.186889
0 0.890809 0.13431 0.0385294 0.0312739
0 0.645976 0.898762 0.0385101 0.0311574
0 0.202746 0.191307 0.0300312 0.0244296
0 0.553035 0.429464 0.0532421 0.0433411
0 0.988343 0.339881 0.0233146 0.0606636
0 0.914265 0.103176 0.0275243 0.0226387
0 0.562752 0.862274 0.0862136 0.069088
0 0.177293 0.822955 0.0311304 0.0266431
0 0.516262 0.692621 0.0349765 0.0292457
0 0.277272 0.303691 0.0273651 0.0222325
0 0.25649 0.905771 0.0257955 0.0222936
0 0.782992 0.334187 0.0366649 0.0292071
0 0.69829 0.104819 0.0480094 0.0385223
0 0.694958 0.256669 0.054497 0.0443885
0 0.327859 0.858981 0.0249021 0.0216767
0 0.0166657 0.738022 0.0332589 0.117664
0 0.371597 0.718031 0.0267839 0.0233023
0 0.458587 0.412136 0.036252 0.028446
0 0.592461 0.481546 0.0361053 0.0281714
0 0.816067 0.955357 0.0370135 0.0295036
0 0.818224 0.962327 0.0482141 0.0408918
0 0.617139 0.227926 0.0313524 0.0252568
