0 0.529229 0.866679 0.330955 0.266643
0 0.140923 0.87775 0.2094 0.187922
0 0.830117 0.484279 0.0554291 0.0473544
0 0.551484 0.529036 0.0524955 0.0454735
0 0.844806 0.138698 0.0424512 0.0380179
0 0.868488 0.547334 0.122496 0.105309
0 0.290456 0.378522 0.0354738 0.0314231
0 0.699537 0.208755 0.0291074 0.0265173
0 0.832254 0.645785 0.0395406 0.0338663
0 0.360872 0.357073 0.0679058 0.0598512
0 0.402555 0.242532 0.134529 0.116186
0 0.271112 0.710966 0.0373286 0.0319498
0 0.0336648 0.881326 0.0672873 0.0762973
0 0.150031 0.592867 0.144493 0.127669
0 0.243862 0.366209 0.0333231 0.0307842
0 0.332219 0.807975 0.111127 0.0971203
0 0.846831 0.429233 0.0283988 0.0241724
0 0.0904314 0.21894 0.0336404 0.0296646
0 0.81142 0.988834 0.0294728 0.0223313
0 0.241194 0.225585 0.103025 0.0900406
0 0.859678 0.0329306 0.084988 0.0657998
0 0.825139 0.815651 0.068076 0.0600216
0 0.438644 0.445416 0.149753 0.133212
0 0.442086 0.251855 0.0284461 0.0251389
0 0.520859 0.378377 0.0683396 0.061573
0 0.805461 0.865413 0.0342731 0.0297059
0 0.0548675 0.503389 0.109735 0.157321
0 0.644139 0.432983 0.027205 0.023614
0 0.602885 0.673365 0.0265408 0.023581
0 0.29304 0.480995 0.0534561 0.0486982
0 0.0336833 0.338612 0.0251196 0.0229042
0 0.74351 0.155102 0.0238457 0.0222212
0 0.452609 0.408184 0.024202 0.0224048
0 0.802336 0.886104 0.394138 0.225575
0 0.384906 0.71689 0.0541131 0.0464249
0 0.253997 0.400608 0.0380025 0.0339368
0 0.390103 0.392913 0.0468186 0.0426548
0 0.223679 0.547911 0.0254483 0.0231837
0 0.0339641 0.210887 0.0679282 0.0724013
0 0.832094 0.607732 0.0330599 0.0289029
0 0.333896 0.449662 0.0419792 0.037396
0 0.862086 0.961272 0.0276937 0.0251
0 0.49608 0.605523 0.20394 0.163558
0 0.77251 0.778764 0.0535533 0.0461046
0 0.149957 0.53331 0.0698362 0.0640806
0 0.458298 0.326624 0.117272 0.103522
