0 0.645219 0.849994 0.0496378 0.0473884
0 0.557421 0.167153 0.0347126 0.0333555
0 0.229422 0.0622364 0.0312171 0.0300145
0 0.541275 0.261198 0.0290426 0.0273366
0 0.519313 0.64459 0.0285685 0.0273664
0 0.605375 0.817114 0.0271042 0.0261786
0 0.702755 0.821467 0.0259743 0.0246224
0 0.912293 0.901907 0.0291193 0.0274034
0 0.14323 0.0082042 0.0253569 0.0163984
0 0.991969 0.340512 0.0160612 0.0295583
0 0.685765 0.585487 0.025789 0.0237495
0 0.693467 0.726305 0.0276868 0.0244143
0 0.34557 0.250089 0.0242817 0.0234983
0 0.638204 0.542524 0.0239747 0.022918
0 0.413657 0.331315 0.0242564 0.0230367
0 0.384657 0.640465 0.0273553 0.0264687
0 0.70697 0.544682 0.0230043 0.0215001
0 0.770745 0.903882 0.0238865 0.0225503
0 0.73559 0.897011 0.0232656 0.0226864
0 0.91844 0.626467 0.0227223 0.0217364
