0 0.720321 0.619571 0.0741775 0.0580413
0 0.199271 0.28094 0.0442195 0.0371811
0 0.634498 0.581448 0.0485419 0.0382392
0 0.361747 0.62264 0.0768315 0.0610051
0 0.656544 0.219097 0.0482893 0.0375232
0 0.266736 0.342586 0.0465784 0.0382244
0 0.385886 0.132168 0.53102 0.261919
0 0.696912 0.537324 0.0353658 0.0290051
0 0.753766 0.0627449 0.0353637 0.0285099
0 0.499383 0.487318 0.03842 0.0320611
0 0.574097 0.449719 0.0335552 0.0266534
0 0.432348 0.978611 0.0542459 0.0420392
0 0.00981112 0.231548 0.0196222 0.0460994
0 0.944107 0.809133 0.0415895 0.0334544
0 0.639189 0.741855 0.0422995 0.0328714
0 0.104814 0.706336 0.0376995 0.0296705
0 0.896018 0.917677 0.050961 0.0405873
0 0.680461 0.376385 0.0371667 0.0307542
0 0.802248 0.639151 0.0946619 0.0770171
0 0.939097 0.0559321 0.0283458 0.0234262
0 0.130219 0.964227 0.030925 0.0245939
0 0.926341 0.870351 0.0491392 0.0392044
0 0.594256 0.918839 0.0413642 0.0322426
0 0.657774 0.334385 0.0353204 0.0289772
0 0.353285 0.10021 0.0285959 0.0238892
0 0.0824066 0.0364856 0.164813 0.0727856
0 0.762584 0.438382 0.027658 0.0232485
0 0.851212 0.987063 0.0303449 0.0241329
0 0.6152 0.710053 0.0278935 0.0223403
0 0.745011 0.0247303 0.0818229 0.0494606
0 0.874201 0.143752 0.0273464 0.0224617
0 0.685106 0.0990039 0.0399584 0.0314914
0 0.766817 0.777724 0.0287149 0.0226043
0 0.595144 0.841022 0.0306664 0.0243156
0 0.667094 0.765829 0.0299678 0.023525
0 0.244529 0.981519 0.0955084 0.0369627
0 0.288367 0.341653 0.576735 0.476279
0 0.985972 0.672803 0.0276379 0.02738
0 0.707694 0.870847 0.392948 0.258307
0 0.695529 0.226371 0.0319044 0.0245234
0 0.0751808 0.28394 0.0272719 0.0239417
0 0.575943 0.251928 0.120438 0.0959587
0 0.333494 0.75207 0.122445 0.0999115
0 0.991666 0.941343 0.0166684 0.0716043
0 0.0562055 0.869172 0.0696078 0.0564517
