0 0.661044 0.454593 0.401024 0.36397
0 0.621041 0.805832 0.0906358 0.0821182
0 0.267457 0.223719 0.075877 0.0660639
0 0.0936091 0.212622 0.0818579 0.071001
0 0.193861 0.329264 0.068189 0.0603887
0 0.157071 0.0478045 0.114292 0.0935884
0 0.184326 0.683511 0.0870159 0.0757856
0 0.600895 0.0671702 0.0647766 0.0555491
0 0.880858 0.482801 0.0567368 0.0498961
0 0.968076 0.420792 0.0635154 0.0615224
0 0.0163773 0.518778 0.0327545 0.0340924
0 0.653246 0.792514 0.578501 0.412864
0 0.109456 0.348509 0.0460522 0.0406691
0 0.0785018 0.76579 0.0723294 0.0621824
0 0.277857 0.910094 0.0490252 0.0430012
0 0.911875 0.188998 0.17625 0.295084
0 0.227298 0.912882 0.0408718 0.0361186
0 0.77054 0.637446 0.0526617 0.0447895
0 0.0451637 0.935035 0.0903275 0.089923
0 0.677992 0.897331 0.0625232 0.0574605
0 0.566322 0.849484 0.0351105 0.0317994
0 0.143894 0.892928 0.0510335 0.0448982
0 0.0419677 0.284458 0.0292632 0.0263798
0 0.755359 0.140579 0.0319058 0.0275883
0 0.177333 0.285421 0.0326804 0.0282896
0 0.335826 0.588249 0.0331537 0.0294735
0 0.347446 0.990567 0.028818 0.0188669
0 0.791999 0.0592332 0.264407 0.118339
0 0.617951 0.764649 0.028208 0.0259064
0 0.363776 0.486321 0.058488 0.0544502
0 0.0915537 0.883058 0.0264178 0.0240383
0 0.479577 0.367325 0.0941549 0.0861807
0 0.255933 0.395072 0.0385216 0.0333435
0 0.979616 0.882681 0.0310292 0.0270764
0 0.2879 0.80812 0.0350824 0.0297251
0 0.298924 0.3164 0.0289299 0.025124
0 0.186791 0.822267 0.0327431 0.0286958
0 0.022674 0.778179 0.0382848 0.0327847
0 0.109214 0.945939 0.0512687 0.0461949
0 0.482454 0.761927 0.026406 0.0243855
0 0.571367 0.885454 0.0301373 0.0282289
0 0.502683 0.626598 0.0302162 0.0269256
0 0.147281 0.84422 0.0557198 0.0485795
0 0.291567 0.948747 0.0267806 0.0247922
0 0.876835 0.525261 0.0292521 0.0258313
0 0.021253 0.0870868 0.0294662 0.0236864
0 0.865452 0.301315 0.0257514 0.0227135
0 0.392535 0.0115894 0.0649365 0.0230763
0 0.903507 0.760891 0.0250006 0.0221446
0 0.163572 0.14777 0.201114 0.161246
0 0.437554 0.0637927 0.15312 0.126589
0 0.33756 0.787371 0.0290943 0.0258562
0 0.302729 0.492883 0.0567194 0.0513397
0 0.901222 0.979372 0.0371125 0.0331651
0 0.905753 0.352046 0.130008 0.108764
0 0.71984 0.928029 0.0450515 0.0423164
0 0.6802 0.481755 0.02441 0.0227632
0 0.00610844 0.222325 0.0122169 0.0252179
0 0.071569 0.266463 0.0404929 0.0343223
0 0.892387 0.617192 0.0339606 0.0298505
0 0.122695 0.121695 0.0278814 0.0244782
0 0.985993 0.469504 0.0280149 0.0360735
0 0.933918 0.257301 0.132164 0.160715
0 0.746423 0.87006 0.0401878 0.0343563
