0 0.248266 0.622436 0.0428349 0.041212
0 0.0927248 0.925999 0.0309997 0.0298408
0 0.300642 0.486479 0.031264 0.0302695
0 0.114102 0.364495 0.0300122 0.0289614
0 0.113677 0.331032 0.0327559 0.0311762
0 0.375063 0.809958 0.0321663 0.0310289
0 0.566887 0.825812 0.033551 0.0325142
0 0.482476 0.829119 0.0322702 0.0313056
0 0.158828 0.326477 0.0297143 0.028835
0 0.0922701 0.176742 0.0366619 0.0357419
0 0.286511 0.610548 0.0317745 0.0305207
0 0.156238 0.222289 0.040724 0.0397032
0 0.253579 0.579542 0.0268009 0.0262128
0 0.0318881 0.175674 0.02923 0.0280801
0 0.460593 0.553519 0.024785 0.0242403
0 0.464853 0.10535 0.0258279 0.0248577
0 0.0301487 0.389275 0.0250117 0.0239605
0 0.331383 0.648876 0.0309963 0.0295725
0 0.0679348 0.97832 0.0514169 0.0433608
0 0.446522 0.615723 0.0364953 0.0355155
0 0.0753607 0.600446 0.0245559 0.0242064
0 0.417685 0.604553 0.0280025 0.0274179
0 0.117379 0.252598 0.0385014 0.0375926
0 0.195824 0.133713 0.0540017 0.0527457
0 0.0668842 0.153671 0.028079 0.0285091
0 0.312902 0.683813 0.0245893 0.0240626
0 0.079984 0.340307 0.0239679 0.023564
0 0.0237255 0.573578 0.0230757 0.022834
0 0.134232 0.270909 0.0253603 0.0243805
0 0.4874 0.962294 0.0235693 0.0227844
0 0.133556 0.421111 0.0231865 0.0224615
0 0.487724 0.607417 0.024854 0.0245868
0 0.160122 0.115781 0.0592369 0.0586125
0 0.323449 0.429289 0.0234581 0.0229806
0 0.0568864 0.269841 0.0253935 0.024671
0 0.0997401 0.146953 0.0347348 0.0338288
