0 0.82256 0.157295 0.0735912 0.0705203
0 0.856926 0.472552 0.0608258 0.0587125
0 0.628443 0.763108 0.0328321 0.0314782
0 0.951864 0.988033 0.0437188 0.0239343
0 0.686697 0.96843 0.0281038 0.0269026
0 0.701395 0.139642 0.039556 0.0379934
0 0.990591 0.10942 0.0188173 0.0380843
0 0.821428 0.501851 0.0324637 0.0305421
0 0.646787 0.56862 0.0265658 0.025968
0 0.670946 0.254778 0.029573 0.029093
0 0.231352 0.71275 0.0319457 0.0306447
0 0.942695 0.179603 0.0607101 0.0571267
0 0.79189 0.208775 0.0430361 0.0424191
0 0.894495 0.216672 0.0350821 0.0337465
0 0.550031 0.0159595 0.0240824 0.0232387
0 0.404222 0.987332 0.0376326 0.0253353
0 0.520022 0.343995 0.0370669 0.0352696
0 0.285481 0.981304 0.0256857 0.0251591
0 0.284077 0.993979 0.0265967 0.0120426
0 0.105353 0.809604 0.022763 0.0223634
