0 0.831018 0.0679866 0.164244 0.135973
0 0.707244 0.912927 0.0577363 0.055094
0 0.421599 0.106938 0.0364193 0.0361904
0 0.580997 0.641016 0.042068 0.0417127
0 0.15215 0.464283 0.0279603 0.0273292
0 0.94486 0.150393 0.0306159 0.0296446
0 0.432938 0.015651 0.0249764 0.0248364
0 0.863467 0.570814 0.273066 0.350141
0 0.459699 0.572605 0.0279176 0.0269998
0 0.513284 0.56042 0.027745 0.0270183
0 0.330033 0.248086 0.0244805 0.0239863
0 0.385364 0.186708 0.0247926 0.0247743
0 0.0336265 0.975343 0.0270428 0.0257908
0 0.755408 0.989039 0.0370323 0.0219229
0 0.363839 0.559778 0.0761217 0.072969
0 0.307684 0.64546 0.0716875 0.0709341
0 0.509933 0.902578 0.026175 0.0252619
0 0.329035 0.605087 0.0269359 0.0265908
0 0.239875 0.56054 0.103882 0.102772
0 0.642047 0.976792 0.0267203 0.0256918
0 0.670898 0.296614 0.223583 0.210125
0 0.475869 0.895085 0.0406986 0.0396774
0 0.795747 0.640722 0.0267035 0.0258173
0 0.225435 0.217471 0.0245376 0.0246013
0 0.655098 0.916066 0.0331547 0.0315228
0 0.60802 0.616591 0.0262197 0.0256965
0 0.786206 0.00469455 0.0281661 0.00934297
0 0.703504 0.279737 0.159952 0.163215
0 0.289134 0.744722 0.117857 0.115448
0 0.492575 0.650933 0.059005 0.0574368
0 0.891563 0.363618 0.0506639 0.0510385
0 0.46195 0.139422 0.0881005 0.0845807
0 0.115344 0.0155423 0.0539977 0.0310012
0 0.0835308 0.953257 0.0946476 0.0896303
0 0.943522 0.212974 0.0300942 0.0290306
0 0.73999 0.416255 0.0280101 0.0272919
0 0.622417 0.201508 0.0692897 0.0688015
0 0.491634 0.364571 0.0276654 0.0267446
0 0.6838 0.516183 0.0385636 0.0377936
0 0.878051 0.673668 0.0230608 0.0224902
0 0.890273 0.489476 0.214182 0.21617
