0 0.173769 0.0680859 0.0874058 0.0854005
0 0.196443 0.517094 0.0852299 0.0825254
0 0.635703 0.0833957 0.0695369 0.0674481
0 0.738132 0.152149 0.0415423 0.04073
0 0.0909946 0.763204 0.0457282 0.043814
0 0.952455 0.5913 0.0343308 0.033874
0 0.737296 0.567758 0.035881 0.0348268
0 0.231081 0.793282 0.0321048 0.031171
0 0.846761 0.278649 0.0309764 0.0302752
0 0.867756 0.977356 0.030947 0.0297628
0 0.591706 0.563608 0.0305932 0.0300443
0 0.943607 0.0215491 0.0580461 0.0430981
0 0.145049 0.510711 0.0344691 0.0327686
0 0.481674 0.137656 0.0283729 0.0280249
0 0.082051 0.135185 0.0330765 0.0324974
0 0.132825 0.148621 0.0279295 0.0272511
0 0.783093 0.424177 0.026021 0.0251222
0 0.963951 0.436664 0.0264862 0.0258338
0 0.383406 0.255275 0.0271281 0.0263531
0 0.335208 0.414754 0.0248188 0.0238563
0 0.956877 0.102052 0.0250439 0.0245364
0 0.119927 0.520725 0.0288775 0.0280394
0 0.295052 0.388833 0.0281247 0.027094
0 0.301568 0.305032 0.0299877 0.0290659
0 0.793302 0.966398 0.0237893 0.0235009
0 0.422473 0.293906 0.0330076 0.0316986
0 0.218179 0.32729 0.0639816 0.0609665
0 0.511876 0.193871 0.0226011 0.0221587
0 0.827563 0.367027 0.0325068 0.0317668
0 0.505036 0.474504 0.0233244 0.0226625
0 0.913874 0.689899 0.0236842 0.0228784
0 0.249652 0.19292 0.0346784 0.0338626
0 0.734837 0.30352 0.0288913 0.0281054
0 0.807053 0.399759 0.0251857 0.0247215
0 0.463181 0.119485 0.0215999 0.0212735
0 0.198811 0.333939 0.0249871 0.0249257
0 0.946672 0.419145 0.0268869 0.0261233
0 0.672285 0.214767 0.561145 0.429533
0 0.365877 0.679189 0.0262199 0.0254211
