0 0.110244 0.881884 0.102064 0.0913306
0 0.523835 0.536708 0.0820688 0.0689261
0 0.829834 0.741179 0.0522587 0.0447176
0 0.535798 0.16448 0.134058 0.114651
0 0.907489 0.92324 0.0352208 0.030145
0 0.197412 0.723407 0.173745 0.163435
0 0.344825 0.362662 0.0513885 0.0462005
0 0.843102 0.0787281 0.0348153 0.030924
0 0.321551 0.480878 0.22457 0.193068
0 0.144402 0.784743 0.10932 0.0973919
0 0.423956 0.382565 0.116973 0.101461
0 0.302834 0.588158 0.0342984 0.0304744
0 0.668292 0.88857 0.0301974 0.0263829
0 0.777661 0.943463 0.076086 0.06703
0 0.231579 0.916327 0.0342354 0.0313237
0 0.991581 0.977995 0.0168386 0.0433936
0 0.604295 0.966487 0.107204 0.066696
0 0.715481 0.260176 0.0261541 0.0224133
0 0.865316 0.519938 0.0285621 0.0242476
0 0.732697 0.649583 0.0288773 0.0253169
0 0.0639354 0.918343 0.0341633 0.0307686
0 0.723932 0.76323 0.0322132 0.0279036
0 0.804465 0.437311 0.027132 0.0229565
0 0.958988 0.106795 0.0820244 0.0891766
0 0.34114 0.258367 0.0279077 0.0251114
0 0.260809 0.649203 0.0512354 0.0468312
0 0.301352 0.782394 0.100126 0.0898323
0 0.786217 0.2473 0.0250228 0.0217966
0 0.340022 0.980195 0.0273997 0.0243324
0 0.00570338 0.431739 0.0114065 0.0223426
0 0.109153 0.593332 0.0778713 0.0685675
0 0.942015 0.230502 0.0251143 0.0221394
0 0.0395279 0.85927 0.0396024 0.0354891
0 0.876716 0.897051 0.0675707 0.0589292
0 0.655231 0.153866 0.0988972 0.0869145
0 0.650007 0.0971709 0.0267113 0.023296
0 0.255992 0.210702 0.121716 0.103338
0 0.854675 0.100176 0.0348132 0.0310764
