0 0.290402 0.741654 0.397239 0.280685
0 0.225049 0.450197 0.31857 0.234638
0 0.939546 0.707313 0.120908 0.104208
0 0.65445 0.896735 0.183958 0.156054
0 0.526906 0.550458 0.0514783 0.0403152
0 0.218748 0.957999 0.0476723 0.0375037
0 0.434459 0.956679 0.0536882 0.0424161
0 0.506026 0.0396933 0.0364045 0.0294363
0 0.476346 0.779757 0.0338122 0.027126
0 0.26976 0.624798 0.0469161 0.035226
0 0.594228 0.981011 0.0429012 0.0340395
0 0.208691 0.36869 0.0377187 0.0299577
0 0.243308 0.353301 0.0445663 0.0358913
0 0.250611 0.919882 0.0343734 0.0261575
0 0.0478666 0.1759 0.0957332 0.122571
0 0.0631969 0.477034 0.0392655 0.0306159
0 0.436327 0.828484 0.0314281 0.0244784
0 0.27316 0.655304 0.0301627 0.0247678
0 0.150525 0.905145 0.0317975 0.025346
0 0.309174 0.607737 0.04075 0.0303405
0 0.0675551 0.879803 0.13481 0.226783
0 0.050374 0.284785 0.100748 0.109068
0 0.215471 0.591288 0.0464758 0.0363718
0 0.716554 0.287685 0.566892 0.558994
0 0.474258 0.921009 0.0322038 0.0255534
0 0.416331 0.715655 0.0287355 0.0232732
0 0.77117 0.654562 0.0305889 0.0237422
0 0.554001 0.931386 0.0331024 0.0255702
0 0.660058 0.850843 0.0312937 0.0244102
0 0.0637694 0.0683846 0.0591822 0.0464643
0 0.172577 0.524977 0.0533157 0.0402184
0 0.241579 0.121756 0.0273318 0.0226487
0 0.526468 0.992055 0.0359273 0.0158905
0 0.822479 0.673263 0.0477564 0.0379904
0 0.321587 0.859802 0.0408606 0.030931
0 0.244475 0.875304 0.0299467 0.0239086
0 0.619333 0.993474 0.0511295 0.0130514
0 0.190542 0.560222 0.0338813 0.025599
0 0.247682 0.1743 0.49526 0.348599
0 0.90337 0.642292 0.0288925 0.0222006
0 0.750582 0.782084 0.0357898 0.0273312
0 0.629064 0.270964 0.586675 0.526529
0 0.328512 0.929253 0.0281427 0.022353
0 0.724201 0.0195597 0.0276272 0.0231336
0 0.395427 0.860773 0.0426926 0.0343779
0 0.366518 0.435692 0.0433778 0.0347197
0 0.524704 0.967459 0.0440691 0.0340592
0 0.207628 0.306989 0.0275295 0.0222163
0 0.756088 0.574483 0.0346 0.027121
0 0.941892 0.0392547 0.0318359 0.0264271
0 0.876281 0.636092 0.0267118 0.0210264
0 0.111508 0.00694506 0.0569109 0.0138433
0 0.679575 0.568244 0.0281421 0.0226784
0 0.127188 0.67633 0.0324665 0.0259346
