0 0.821643 0.584456 0.100282 0.0899897
0 0.208718 0.41184 0.118426 0.103785
0 0.0431446 0.452115 0.0556654 0.0495613
0 0.540878 0.489765 0.17883 0.15276
0 0.0744407 0.175722 0.148881 0.286943
0 0.358638 0.0225233 0.0778648 0.0448889
0 0.356327 0.496836 0.0400408 0.0350092
0 0.663241 0.594602 0.0394586 0.034868
0 0.826821 0.369698 0.0543233 0.0492308
0 0.855857 0.413123 0.0487862 0.043681
0 0.709306 0.677857 0.0298388 0.0268149
0 0.425634 0.270248 0.0287398 0.025302
0 0.246283 0.488644 0.0327459 0.0288222
0 0.0878505 0.557522 0.0262136 0.0241254
0 0.534962 0.65555 0.0288613 0.0251558
0 0.804017 0.509863 0.042476 0.0380733
0 0.0122326 0.506388 0.0244653 0.0319204
0 0.585774 0.537859 0.0352509 0.0308853
0 0.0413928 0.842162 0.0293362 0.025403
0 0.995282 0.842493 0.00934496 0.0317717
0 0.0350136 0.685596 0.0303929 0.0270802
0 0.0444454 0.023352 0.0390464 0.0341964
0 0.336044 0.285815 0.0257808 0.0228108
0 0.189486 0.549432 0.0287743 0.0259218
0 0.85912 0.486265 0.057168 0.0521847
0 0.823322 0.449802 0.0412534 0.0372337
0 0.240379 0.00415133 0.047219 0.00828619
0 0.982948 0.858283 0.0288687 0.0259081
0 0.77182 0.428053 0.0268127 0.0235812
0 0.523085 0.592658 0.0282681 0.0248909
0 0.860121 0.436794 0.0344071 0.0307441
0 0.815397 0.398837 0.0360484 0.0329485
0 0.957192 0.590578 0.0302228 0.0274309
0 0.464475 0.610688 0.0293294 0.0249953
0 0.801655 0.989015 0.0581174 0.0219104
0 0.235647 0.561593 0.0257482 0.0236809
0 0.202968 0.261481 0.0295662 0.025773
0 0.144277 0.299915 0.0264412 0.0233037
0 0.0808599 0.583262 0.0304837 0.0284456
0 0.0553544 0.401627 0.0289869 0.0257294
0 0.00315975 0.358117 0.0063195 0.0310744
