0 0.271737 0.523277 0.331546 0.310352
0 0.27525 0.738261 0.180863 0.175284
0 0.92146 0.909353 0.155029 0.155573
0 0.428589 0.973915 0.0757083 0.0518965
0 0.762563 0.792583 0.120162 0.115033
0 0.0922253 0.798299 0.0843864 0.0817895
0 0.318017 0.31716 0.0682598 0.065165
0 0.682024 0.383601 0.0448519 0.0436954
0 0.537611 0.599587 0.0508685 0.0489388
0 0.265213 0.873265 0.128535 0.124869
0 0.79905 0.119089 0.0336401 0.032654
0 0.208531 0.665653 0.0334898 0.0328386
0 0.362755 0.0807216 0.0328515 0.0321879
0 0.0862382 0.909026 0.14704 0.141045
0 0.85205 0.517543 0.294942 0.380215
0 0.901557 0.505419 0.0307363 0.029713
0 0.849653 0.116806 0.0365415 0.0353188
0 0.375297 0.227 0.0304496 0.0292152
0 0.379396 0.847317 0.0387576 0.0374541
0 0.474395 0.338594 0.029401 0.0285979
0 0.523092 0.856604 0.410632 0.286696
0 0.634601 0.518938 0.0276096 0.0266023
0 0.501995 0.853212 0.0243888 0.0238003
0 0.888576 0.407209 0.0341048 0.0329988
0 0.991554 0.379145 0.0168654 0.0289272
0 0.886633 0.346369 0.0398972 0.0382175
0 0.889432 0.0138063 0.0275776 0.0261777
0 0.838175 0.549491 0.0246406 0.0235889
0 0.972909 0.355755 0.0355906 0.0334712
0 0.477934 0.474927 0.120904 0.115096
0 0.760911 0.650587 0.0300979 0.0287676
0 0.512878 0.196174 0.0329916 0.032495
0 0.178429 0.697827 0.0309042 0.0304262
0 0.610049 0.323316 0.0428275 0.0408567
0 0.942835 0.115406 0.0321251 0.0311316
0 0.864614 0.812984 0.0299625 0.0284272
0 0.617714 0.636305 0.024808 0.0243504
0 0.241477 0.891645 0.0238459 0.0235619
0 0.151981 0.172035 0.303962 0.344069
0 0.208587 0.935777 0.030228 0.0290058
0 0.430865 0.182882 0.0290881 0.0284975
0 0.745257 0.913483 0.0607122 0.0586398
0 0.0513639 0.42429 0.0329741 0.0315393
0 0.187176 0.383726 0.0286331 0.0274161
0 0.746785 0.858415 0.0251781 0.0240731
0 0.538583 0.391321 0.0298858 0.0278423
0 0.7812 0.949856 0.0531947 0.0506655
0 0.457936 0.306825 0.0409787 0.0390312
0 0.72342 0.352001 0.0240552 0.0233661
0 0.133519 0.833009 0.0492483 0.0476433
0 0.718219 0.800804 0.0276227 0.0262998
0 0.97133 0.546144 0.0256543 0.0243042
0 0.343714 0.271326 0.0376836 0.0355793
0 0.661054 0.481835 0.118448 0.113227
0 0.583706 0.459772 0.023669 0.0230101
0 0.329179 0.819263 0.0387553 0.0376213
0 0.0253807 0.585533 0.0500796 0.0491384
0 0.977077 0.823969 0.0457677 0.210569
0 0.0442183 0.539196 0.0307465 0.0297342
0 0.555608 0.555534 0.0292323 0.0278647
0 0.735269 0.456761 0.0267671 0.025839
0 0.595439 0.524245 0.0347829 0.0334452
0 0.81474 0.862727 0.0954412 0.0900856
0 0.917904 0.267645 0.1631 0.162961
0 0.380912 0.885349 0.0292251 0.0283504
0 0.693863 0.618839 0.0379727 0.0357374
0 0.0090374 0.863233 0.0180748 0.0453793
0 0.134139 0.696074 0.0345361 0.0333796
0 0.791638 0.643264 0.0303774 0.0288079
0 0.830537 0.57129 0.0232808 0.0225864
0 0.370255 0.121225 0.0298325 0.0281473
0 0.840776 0.352384 0.0359881 0.0351558
0 0.819336 0.748909 0.0241268 0.0228822
0 0.949805 0.70899 0.0342069 0.0317715
0 0.130492 0.98406 0.0244627 0.0244146
0 0.791436 0.322628 0.0366046 0.036828
0 0.992929 0.718352 0.0141411 0.0233545
0 0.606696 0.0709677 0.0429554 0.0397583
0 0.915334 0.936388 0.0251813 0.0257554
0 0.982879 0.500396 0.0339138 0.0487514
0 0.34537 0.856309 0.0353035 0.0342849
0 0.280242 0.901494 0.0227627 0.0224028
0 0.790136 0.313133 0.0256405 0.025182
0 0.649213 0.579003 0.0254955 0.0244218
