0 0.239002 0.710088 0.0596069 0.0535498
0 0.460966 0.842113 0.0699007 0.0641772
0 0.125341 0.453736 0.0421346 0.0377704
0 0.308064 0.383615 0.0327868 0.0307063
0 0.18737 0.973427 0.0290299 0.0259257
0 0.167316 0.836244 0.0517852 0.0444107
0 0.191166 0.772766 0.0430127 0.0381882
0 0.0915498 0.550875 0.0398671 0.0368402
0 0.208849 0.826263 0.0372087 0.0328666
0 0.380156 0.459113 0.470237 0.580688
0 0.151409 0.76967 0.0329658 0.029461
0 0.127386 0.989235 0.0269776 0.0215309
0 0.204743 0.866995 0.0519936 0.0435886
0 0.427622 0.866463 0.0256622 0.0242943
0 0.00539529 0.406719 0.0107906 0.0254002
0 0.00900159 0.543174 0.0180032 0.031318
0 0.0734545 0.199208 0.0265238 0.0238894
0 0.287151 0.110015 0.0366883 0.0343209
0 0.413983 0.960592 0.0270588 0.0263381
0 0.481576 0.585115 0.0337075 0.0309412
0 0.350185 0.868877 0.0252317 0.0232022
0 0.118093 0.423522 0.0248615 0.0225891
0 0.467881 0.179839 0.0504052 0.0456733
0 0.204482 0.685312 0.0265358 0.0242622
0 0.456073 0.0167223 0.044339 0.0334446
0 0.167352 0.74322 0.0305672 0.0271471
0 0.444393 0.981607 0.0311519 0.0288345
0 0.173972 0.79205 0.0306005 0.0269684
0 0.0889785 0.481787 0.0247871 0.0231358
0 0.277399 0.122448 0.0288137 0.027047
0 0.264385 0.0884356 0.0247324 0.0233196
0 0.435331 0.0300276 0.0301258 0.0272612
