0 0.252592 0.620693 0.361792 0.295735
0 0.789296 0.68975 0.279657 0.213538
0 0.769227 0.185417 0.06081 0.0509531
0 0.813024 0.224284 0.0580482 0.0477309
0 0.716487 0.408473 0.0532422 0.0429838
0 0.717753 0.870843 0.0635509 0.053508
0 0.446451 0.192252 0.039022 0.0322256
0 0.365673 0.0904414 0.0546196 0.0450306
0 0.728992 0.0922528 0.0509479 0.0438153
0 0.503097 0.295973 0.0591394 0.0496118
0 0.973516 0.433572 0.0528723 0.0514287
0 0.880187 0.075327 0.239585 0.149407
0 0.945614 0.970772 0.108581 0.05838
0 0.882109 0.2969 0.117796 0.0977594
0 0.584108 0.149768 0.0525114 0.0432587
0 0.0734896 0.598441 0.0407478 0.0323161
0 0.536471 0.211812 0.0289311 0.0235772
0 0.478565 0.463595 0.053407 0.0447343
0 0.273508 0.225269 0.0632093 0.0521282
0 0.73088 0.300512 0.0361478 0.030563
0 0.830292 0.433486 0.068465 0.0546409
0 0.253985 0.970129 0.031354 0.0251369
0 0.986261 0.548445 0.0274781 0.059736
0 0.71969 0.81533 0.082377 0.0699687
0 0.0367365 0.856259 0.0734729 0.16771
0 0.539707 0.279047 0.0434051 0.0368398
0 0.801407 0.99427 0.0330311 0.0114481
0 0.894283 0.642577 0.0534616 0.0440012
0 0.671868 0.379146 0.0557383 0.044348
0 0.85898 0.991016 0.068477 0.0177443
0 0.905702 0.140461 0.0332303 0.0272514
0 0.628852 0.331825 0.0316384 0.0263011
0 0.966264 0.330013 0.0664577 0.0624183
0 0.0564035 0.331494 0.0868052 0.0724115
0 0.907647 0.384698 0.134237 0.105625
0 0.944409 0.23381 0.111183 0.255286
0 0.514728 0.991316 0.037089 0.0173688
0 0.584734 0.559262 0.0292045 0.0238037
0 0.824845 0.800914 0.0314059 0.0265069
0 0.5352 0.0620053 0.0405344 0.0339055
0 0.636608 0.164271 0.0255158 0.0222032
0 0.641402 0.147947 0.0262137 0.0220005
0 0.78658 0.692504 0.0320212 0.0268722
0 0.86898 0.953193 0.0302508 0.0261047
0 0.863375 0.598948 0.0381603 0.0310952
0 0.313436 0.827137 0.210712 0.175686
0 0.0922124 0.400788 0.0386649 0.0306935
0 0.550824 0.994608 0.0279072 0.0107837
0 0.834184 0.577457 0.0428451 0.0340745
0 0.312449 0.052823 0.0707139 0.0590747
0 0.261247 0.843188 0.113556 0.0929939
0 0.607569 0.113017 0.0367377 0.0293387
0 0.807541 0.469936 0.0261995 0.021863
0 0.86383 0.97482 0.026295 0.0224926
0 0.986904 0.470142 0.0259869 0.026382
0 0.418501 0.143054 0.0701867 0.0555757
