0 0.0777018 0.82899 0.142255 0.125579
0 0.424558 0.347714 0.24575 0.219679
0 0.518151 0.55847 0.0786666 0.0656123
0 0.571963 0.677694 0.0680308 0.0576987
0 0.438402 0.528858 0.147387 0.124248
0 0.0138511 0.478941 0.0277022 0.0289103
0 0.417407 0.233911 0.0736654 0.0670018
0 0.35923 0.557404 0.0650454 0.0550354
0 0.175377 0.470063 0.0978341 0.0874413
0 0.703618 0.429592 0.0756339 0.0650172
0 0.383039 0.0870496 0.0607126 0.0575141
0 0.276665 0.532729 0.0655815 0.0582111
0 0.405039 0.8218 0.0678708 0.059176
0 0.480163 0.733688 0.0750151 0.0632932
0 0.761986 0.906324 0.0428561 0.035498
0 0.843069 0.858301 0.0779012 0.0692592
0 0.701856 0.158827 0.0362406 0.031968
0 0.222962 0.579336 0.0775524 0.0721105
0 0.336289 0.837172 0.0609233 0.0527345
0 0.208847 0.723787 0.0385878 0.0349447
0 0.304269 0.58967 0.0744048 0.0650869
0 0.66141 0.492353 0.0320086 0.0274638
0 0.0202115 0.542137 0.040423 0.0710552
0 0.0784656 0.628327 0.0865608 0.0734324
0 0.161194 0.636817 0.0829621 0.0756269
0 0.204692 0.425635 0.110788 0.0988602
0 0.908386 0.493028 0.0324531 0.0300966
0 0.959016 0.287285 0.0275582 0.0255022
0 0.841076 0.96065 0.0691652 0.0587993
0 0.937333 0.0149008 0.0368638 0.0297869
0 0.213121 0.378516 0.055993 0.0511614
0 0.605801 0.71095 0.0452428 0.037011
0 0.426488 0.0254755 0.0297681 0.027704
0 0.253071 0.390285 0.0293298 0.0271945
0 0.944417 0.632922 0.0309672 0.0278065
0 0.507413 0.647748 0.040014 0.0339718
0 0.610723 0.832638 0.0399546 0.0345977
0 0.935687 0.373837 0.125446 0.114974
0 0.284744 0.269562 0.0251383 0.0233531
0 0.473593 0.120499 0.0671116 0.0622211
0 0.267791 0.722106 0.0320027 0.0289672
0 0.625075 0.285975 0.0458903 0.0409787
0 0.528925 0.270922 0.052134 0.0452225
0 0.118634 0.166729 0.114301 0.105178
0 0.330707 0.305385 0.0259833 0.023716
0 0.441648 0.616208 0.0386638 0.0332
0 0.549735 0.646174 0.0462153 0.0385594
0 0.488195 0.429869 0.0365716 0.0313526
0 0.490837 0.197452 0.0257336 0.0240519
0 0.201933 0.138195 0.0627966 0.0593856
0 0.893867 0.91955 0.0832637 0.071771
0 0.689407 0.119918 0.0263207 0.0236693
0 0.0295451 0.192008 0.0590903 0.0661135
0 0.589878 0.827424 0.2593 0.221947
0 0.509032 0.685696 0.050228 0.0429959
0 0.821984 0.91278 0.0573215 0.0496147
0 0.434669 0.563982 0.0783345 0.0689918
0 0.392162 0.172325 0.1258 0.108711
0 0.465183 0.255815 0.0419852 0.0371707
0 0.487652 0.862152 0.0511832 0.0439939
0 0.328278 0.489695 0.0258351 0.0230992
0 0.635354 0.241658 0.0574799 0.0507959
0 0.441418 0.709118 0.0597456 0.0529487
0 0.076059 0.531058 0.050934 0.045082
0 0.243549 0.490062 0.040122 0.0372632
0 0.204097 0.0906893 0.403168 0.180811
0 0.990824 0.560432 0.0182812 0.0227732
0 0.994201 0.599797 0.0115977 0.0303618
0 0.38468 0.0324869 0.0246289 0.0240362
