0 0.983188 0.70221 0.0334716 0.0322764
0 0.911848 0.181354 0.0592619 0.0481255
0 0.436548 0.322855 0.0506229 0.0375404
0 0.392436 0.278689 0.0359412 0.0270021
0 0.171756 0.201045 0.086931 0.0670521
0 0.257469 0.391966 0.0647714 0.0477112
0 0.0637783 0.100366 0.0637102 0.0502436
0 0.924721 0.315097 0.0301777 0.0247819
0 0.823042 0.409102 0.353266 0.476231
0 0.542621 0.175165 0.03427 0.0257789
0 0.384526 0.0714816 0.0382153 0.0289619
0 0.484723 0.0718376 0.102203 0.0794729
0 0.556697 0.216277 0.0454789 0.0336642
0 0.697507 0.230847 0.0331578 0.0253562
0 0.075449 0.215006 0.0577217 0.0466381
0 0.498546 0.0538298 0.292541 0.107433
0 0.637573 0.566698 0.0329711 0.0255854
0 0.166815 0.730887 0.0328242 0.0245098
0 0.0165231 0.199541 0.0330461 0.0441075
0 0.957022 0.460728 0.0517063 0.0420167
0 0.098091 0.440589 0.0439819 0.0339593
0 0.928562 0.283072 0.030814 0.0246725
0 0.245698 0.556985 0.0630283 0.046625
0 0.650195 0.063006 0.0519011 0.0408506
0 0.232987 0.772985 0.0461946 0.0345579
0 0.54176 0.331003 0.231738 0.183151
0 0.868674 0.466303 0.083838 0.0651221
0 0.921984 0.25492 0.0379863 0.0305833
0 0.160678 0.642257 0.0820227 0.0623824
0 0.33807 0.564204 0.0737143 0.0551504
0 0.209843 0.528406 0.0574886 0.0432358
0 0.697221 0.739208 0.105494 0.0835163
0 0.872652 0.22146 0.0704328 0.0574124
0 0.15434 0.358802 0.031555 0.0234966
0 0.922531 0.418237 0.0348753 0.0285618
0 0.0231438 0.64461 0.0462876 0.0392073
0 0.617522 0.538732 0.0580246 0.0459967
0 0.611786 0.520838 0.0846057 0.0681417
0 0.996548 0.23767 0.00690498 0.0332116
0 0.0971029 0.771042 0.0306989 0.0235262
0 0.0154732 0.0963868 0.0304063 0.0252374
0 0.278315 0.126593 0.0563254 0.0437539
