0 0.901637 0.209175 0.103007 0.0829553
0 0.602991 0.544122 0.071249 0.0544896
0 0.413264 0.871551 0.0580168 0.0446525
0 0.431437 0.15575 0.047 0.0357571
0 0.764382 0.0243577 0.0725038 0.0487155
0 0.0133853 0.619011 0.0267705 0.0301245
0 0.66989 0.613331 0.0426362 0.0330083
0 0.752808 0.775995 0.0647746 0.0516832
0 0.962776 0.0499 0.0386136 0.0292431
0 0.51583 0.567057 0.0473917 0.0357699
0 0.80375 0.58844 0.0393423 0.0305575
0 0.634094 0.743737 0.0472621 0.0355221
0 0.183569 0.368428 0.087515 0.0692093
0 0.418516 0.0401258 0.0358706 0.0262369
0 0.489567 0.962828 0.0356813 0.0265594
0 0.11403 0.0943086 0.0610088 0.0472412
0 0.165135 0.241196 0.213307 0.16956
0 0.46151 0.93195 0.0345064 0.0259145
0 0.119998 0.891152 0.0411639 0.030512
0 0.75338 0.343706 0.0668321 0.0523834
0 0.327656 0.690436 0.0644495 0.0478247
0 0.526138 0.803212 0.0558833 0.0416637
0 0.742538 0.193018 0.0335171 0.02533
0 0.620891 0.713392 0.0369368 0.0281053
0 0.223561 0.62315 0.0385762 0.0289204
0 0.105581 0.535209 0.0838385 0.0636883
0 0.035883 0.269272 0.0318861 0.0247257
0 0.994783 0.487612 0.0104347 0.0343556
0 0.215695 0.509769 0.0625929 0.0470275
0 0.128366 0.0352094 0.0991496 0.0693951
0 0.506577 0.358928 0.0399415 0.0298917
0 0.111085 0.743457 0.218479 0.386243
0 0.582532 0.439257 0.0301847 0.0231387
0 0.616933 0.658837 0.0341155 0.025939
0 0.25269 0.446457 0.0402721 0.0307306
0 0.991141 0.439064 0.0177087 0.0260443
0 0.71527 0.708384 0.0301516 0.0227952
0 0.453534 0.3061 0.0428206 0.0330198
0 0.351169 0.990106 0.0350165 0.0197876
0 0.586678 0.296984 0.0379276 0.0288233
0 0.650592 0.559143 0.0295432 0.023098
0 0.59874 0.0050134 0.032166 0.0100268
0 0.058119 0.388391 0.0576446 0.0437602
0 0.612665 0.955781 0.0312097 0.0233801
0 0.388454 0.995216 0.0341554 0.00956783
0 0.455374 0.533327 0.0325236 0.0246964
0 0.942802 0.33814 0.0303 0.0231871
0 0.732425 0.571404 0.0272429 0.0210253
0 0.340559 0.152033 0.0318884 0.0235981
0 0.906704 0.68885 0.037827 0.0290954
0 0.161537 0.925118 0.0494038 0.0388268
0 0.873251 0.956452 0.233388 0.0870957
0 0.00745008 0.66719 0.0149002 0.0229996
0 0.246106 0.678081 0.0746484 0.0577269
0 0.365249 0.510883 0.0862546 0.0650334
0 0.0461588 0.0724772 0.0920752 0.0744855
0 0.892501 0.433629 0.073858 0.0559973
0 0.633252 0.292338 0.0561138 0.0421982
0 0.678265 0.969672 0.0415811 0.0312276
