0 0.97311 0.786339 0.0500755 0.0461656
0 0.840778 0.970162 0.0467606 0.0436361
0 0.534816 0.130226 0.0470612 0.0445771
0 0.613419 0.328313 0.029963 0.0286013
0 0.9143 0.982271 0.032574 0.0307011
0 0.832408 0.780838 0.0281014 0.0267027
0 0.0416085 0.105637 0.0831638 0.126629
0 0.599268 0.0966013 0.063026 0.0599003
0 0.388967 0.761225 0.0284263 0.0270638
0 0.613735 0.890096 0.0287488 0.0276246
0 0.883001 0.969341 0.0349564 0.0324063
0 0.83256 0.931265 0.0266916 0.0248269
0 0.528636 0.597498 0.0265371 0.0261485
0 0.475256 0.872354 0.0286081 0.0272677
0 0.389259 0.862917 0.0252401 0.0244179
0 0.989274 0.11065 0.0213408 0.0266506
0 0.267725 0.879007 0.0249478 0.0240339
0 0.364646 0.622955 0.0283199 0.0272286
0 0.961095 0.00530272 0.025745 0.0105584
0 0.870199 0.863733 0.0238415 0.0225844
0 0.600197 0.131496 0.0586196 0.0574093
0 0.155914 0.612651 0.0237122 0.0228353
0 0.015909 0.243739 0.0318179 0.225364
0 0.796117 0.245841 0.0229804 0.0214954
0 0.772516 0.990199 0.023102 0.0196026
0 0.995855 0.0869345 0.00829048 0.0233987
0 0.509347 0.361475 0.0364355 0.0350559
