0 0.468635 0.489335 0.108061 0.105178
0 0.534008 0.331395 0.0354083 0.0342233
0 0.636239 0.264719 0.0340109 0.0323093
0 0.149688 0.416313 0.0403445 0.0384896
0 0.732079 0.0346684 0.0329313 0.0323354
0 0.782238 0.0991538 0.0303166 0.0294748
0 0.509779 0.0221293 0.032793 0.0318228
0 0.262468 0.938201 0.0308864 0.0303219
0 0.107432 0.718429 0.062965 0.0608437
0 0.371256 0.0215815 0.0355146 0.0342682
0 0.32046 0.475667 0.0295427 0.0283952
0 0.662987 0.340376 0.0279894 0.0269949
0 0.446325 0.464484 0.0294117 0.0284707
0 0.455841 0.243886 0.0286948 0.0272396
0 0.278785 0.20974 0.0545913 0.0518955
0 0.0975805 0.415247 0.0281568 0.0274447
0 0.49118 0.305813 0.028126 0.0269291
0 0.477716 0.228041 0.0255383 0.0252082
0 0.0228341 0.432744 0.0456683 0.0577151
0 0.282392 0.584239 0.0264113 0.0258105
0 0.930792 0.667928 0.119305 0.11001
0 0.8249 0.130486 0.0291131 0.0286835
0 0.341362 0.104813 0.0395783 0.0377398
0 0.252733 0.839058 0.0274673 0.0264354
0 0.280696 0.62732 0.0673616 0.0655825
0 0.881547 0.456755 0.0312626 0.0287242
0 0.707513 0.901514 0.0876535 0.0870886
0 0.0618433 0.443248 0.0350005 0.0346571
0 0.958052 0.429081 0.0305686 0.028123
0 0.364902 0.222876 0.0258971 0.0251418
0 0.966661 0.864938 0.0665091 0.232103
0 0.655986 0.546061 0.0279291 0.0266216
0 0.689279 0.0428009 0.0246154 0.0237616
0 0.229293 0.810059 0.0252723 0.0247069
0 0.325307 0.213671 0.0388572 0.0380016
0 0.372967 0.260166 0.024997 0.0238436
0 0.455095 0.685245 0.0245397 0.0235172
0 0.791223 0.908017 0.0750326 0.0718571
0 0.394438 0.45199 0.0247514 0.0235914
0 0.430668 0.487579 0.0263102 0.0257435
0 0.525501 0.893182 0.0848536 0.0829499
0 0.214655 0.498315 0.060427 0.0571292
0 0.685764 0.963479 0.072926 0.0690217
0 0.954558 0.558512 0.0460784 0.0424993
0 0.679099 0.410341 0.048737 0.0454692
0 0.621452 0.420832 0.023551 0.0226341
0 0.658054 0.245162 0.0229961 0.0222258
0 0.8668 0.0115182 0.0461454 0.0230185
0 0.016133 0.875245 0.0255354 0.0244383
0 0.542852 0.440021 0.0242238 0.0239362
0 0.677479 0.780417 0.165238 0.158285
0 0.616459 0.358658 0.0230004 0.0223062
0 0.946346 0.207203 0.0268071 0.0254438
0 0.27157 0.0327452 0.0356055 0.0345892
0 0.602773 0.0127723 0.0256149 0.0242699
0 0.328334 0.459887 0.0212799 0.0204295
0 0.45422 0.610457 0.0227315 0.0226784
0 0.813725 0.262551 0.0246132 0.0235984
0 0.445535 0.780052 0.0274673 0.027663
0 0.00559993 0.369417 0.0111999 0.024205
0 0.0321286 0.114881 0.0642572 0.149999
0 0.836698 0.691595 0.0779926 0.0714278
