0 0.664332 0.0291549 0.12364 0.0581993
0 0.857228 0.713444 0.0337895 0.0332279
0 0.581181 0.672127 0.0298135 0.0286067
0 0.0102683 0.415614 0.0205068 0.0272284
0 0.0496971 0.359324 0.0525207 0.0492277
0 0.119115 0.666015 0.0495012 0.0485934
0 0.156132 0.0433377 0.0317785 0.0305112
0 0.628305 0.105649 0.0440948 0.0425123
0 0.260765 0.532306 0.0847352 0.0811875
0 0.310783 0.979393 0.0345964 0.033767
0 0.490725 0.403532 0.0331699 0.0323375
0 0.462274 0.620074 0.0266837 0.0258934
0 0.463796 0.00834228 0.0376192 0.0166801
0 0.29222 0.158332 0.270257 0.260099
0 0.45927 0.477266 0.028038 0.0272311
0 0.630229 0.814317 0.440294 0.371366
0 0.100205 0.467602 0.0350419 0.0334344
0 0.386324 0.251745 0.0244237 0.0241745
0 0.413441 0.127451 0.0265244 0.0257367
0 0.852144 0.275941 0.0426173 0.0422099
0 0.408474 0.0286089 0.0245916 0.0237349
0 0.85555 0.920277 0.188045 0.159447
0 0.544627 0.925499 0.0452206 0.0432556
0 0.363114 0.321139 0.103173 0.101037
0 0.762156 0.015474 0.0731812 0.0308938
0 0.983795 0.00682016 0.0256357 0.0135766
0 0.445358 0.140814 0.0416983 0.04127
0 0.661617 0.652833 0.0240251 0.0235827
0 0.0970131 0.390957 0.190087 0.288035
0 0.804245 0.263903 0.0572793 0.0580323
0 0.527215 0.696347 0.0235798 0.0235061
0 0.0484336 0.601592 0.0382814 0.0367901
0 0.611201 0.194469 0.0442604 0.043664
0 0.335943 0.72073 0.041073 0.0405755
0 0.200361 0.903402 0.0506935 0.0485125
0 0.546458 0.476596 0.0299497 0.0293193
0 0.993234 0.0884215 0.0135328 0.0330502
0 0.997012 0.781073 0.0059763 0.023364
0 0.149181 0.803161 0.0605432 0.0581901
0 0.325262 0.757273 0.0572911 0.0580697
0 0.508138 0.611834 0.189389 0.188351
0 0.206925 0.369455 0.0235652 0.0225996
0 0.69279 0.0868722 0.0737191 0.0703807
0 0.0958954 0.532757 0.0238112 0.0227451
