0 0.902003 0.0938128 0.104093 0.0854946
0 0.329757 0.203351 0.126947 0.109266
0 0.034147 0.724789 0.0682021 0.0631423
0 0.0613277 0.783095 0.0525216 0.0406533
0 0.0370137 0.197003 0.04436 0.0365916
0 0.479963 0.793324 0.0480697 0.037474
0 0.581406 0.0138511 0.0449231 0.0277023
0 0.411549 0.725497 0.0324756 0.0257546
0 0.647998 0.0536861 0.148607 0.107318
0 0.280706 0.861413 0.0370921 0.0284583
0 0.395286 0.939352 0.0873903 0.0681945
0 0.691233 0.00554569 0.0282864 0.0110914
0 0.366477 0.0881778 0.0292391 0.0258598
0 0.961587 0.358408 0.0768256 0.0767075
0 0.177373 0.127104 0.0899876 0.0735854
0 0.15343 0.630874 0.0300865 0.0237541
0 0.344209 0.126752 0.0687573 0.0597495
0 0.709191 0.498084 0.0255739 0.0216393
