0 0.940211 0.528454 0.0998885 0.097883
0 0.550217 0.242656 0.447243 0.459672
0 0.893461 0.108677 0.0413673 0.0412591
0 0.887718 0.591146 0.0387528 0.0376196
0 0.310036 0.938602 0.0377242 0.0363703
0 0.137984 0.111297 0.0321815 0.0314425
0 0.899127 0.895266 0.040122 0.0390479
0 0.855582 0.338368 0.0518686 0.0499825
0 0.821009 0.369949 0.0348413 0.0341728
0 0.0094668 0.379999 0.0189336 0.0298903
0 0.801435 0.59434 0.0283162 0.0272192
0 0.418008 0.891497 0.0289361 0.0281957
0 0.426779 0.961973 0.0270537 0.0260117
0 0.767986 0.93906 0.212852 0.12188
0 0.829156 0.231159 0.0306187 0.0299897
0 0.186921 0.915953 0.0276017 0.0267213
0 0.874084 0.483708 0.0249409 0.0242792
0 0.102594 0.693908 0.026765 0.0264614
0 0.829731 0.783714 0.0251563 0.0246167
0 0.886244 0.952548 0.0783777 0.0751254
0 0.206715 0.928494 0.051914 0.0486347
0 0.509657 0.0922208 0.0330261 0.0330506
0 0.473482 0.133976 0.0306388 0.0297768
0 0.0346259 0.124201 0.033898 0.0329112
0 0.914899 0.326444 0.170201 0.308563
0 0.863638 0.555418 0.0280561 0.0264421
0 0.271534 0.0386506 0.0337296 0.0328343
0 0.255466 0.19788 0.0245154 0.0235656
0 0.38857 0.987774 0.0242194 0.0231771
0 0.610629 0.232283 0.0232881 0.0230202
0 0.995147 0.491926 0.00970697 0.0342661
0 0.186395 0.00603712 0.0227493 0.0119993
0 0.0165605 0.431356 0.0295273 0.0286055
0 0.285912 0.343119 0.0252769 0.0241987
0 0.422753 0.471007 0.0235314 0.0227583
0 0.0201041 0.701016 0.0236774 0.0233397
0 0.0703527 0.935558 0.0238536 0.0231584
0 0.529002 0.281097 0.023876 0.0235246
0 0.687916 0.514642 0.0375274 0.0354216
