0 0.21559 0.809142 0.200643 0.202586
0 0.919617 0.305401 0.160766 0.197151
0 0.297884 0.142846 0.110284 0.109556
0 0.298216 0.451537 0.107796 0.10282
0 0.516483 0.074119 0.0641693 0.0628636
0 0.349261 0.0466275 0.0556869 0.0549022
0 0.623438 0.958991 0.170608 0.082017
0 0.865638 0.837516 0.0422117 0.0420237
0 0.489731 0.432617 0.0591397 0.0570508
0 0.504493 0.573544 0.174138 0.16772
0 0.256153 0.670517 0.0676065 0.0654864
0 0.163308 0.364078 0.166264 0.157426
0 0.374377 0.346779 0.0916868 0.0888581
0 0.240874 0.257903 0.20928 0.201673
0 0.901677 0.487994 0.138246 0.139484
0 0.530311 0.554898 0.0320823 0.0315051
0 0.329485 0.0852613 0.0439899 0.0431642
0 0.621236 0.496305 0.0364842 0.0361539
0 0.425521 0.180537 0.0349812 0.0343059
0 0.215335 0.504762 0.0326044 0.0320352
0 0.388086 0.71359 0.106062 0.103529
0 0.180484 0.0232108 0.0257323 0.0257042
0 0.46909 0.00947552 0.0284166 0.018951
0 0.0607964 0.126256 0.0415993 0.0413216
0 0.82015 0.457155 0.0547507 0.0529053
0 0.666112 0.251434 0.0422461 0.0411419
0 0.778449 0.988661 0.0436038 0.0226786
0 0.881238 0.98202 0.0446197 0.0357996
0 0.819577 0.194844 0.173068 0.167159
0 0.187289 0.192674 0.037983 0.0370739
0 0.42922 0.292602 0.0270998 0.0267705
0 0.829353 0.52058 0.0286722 0.0279706
0 0.286592 0.50547 0.0281047 0.0272696
0 0.43358 0.411132 0.0252491 0.024794
0 0.424735 0.739456 0.0280646 0.0271139
0 0.31927 0.209145 0.0263144 0.0257277
0 0.855989 0.133275 0.0284243 0.0273847
0 0.913881 0.856915 0.0239505 0.0235927
0 0.563974 0.386312 0.128188 0.1236
0 0.149644 0.134558 0.0256231 0.024509
0 0.947799 0.519879 0.104401 0.158454
0 0.522009 0.5275 0.0254852 0.0249271
0 0.113125 0.837047 0.143305 0.137839
0 0.601043 0.11551 0.0374997 0.0365211
0 0.363566 0.274891 0.053589 0.052266
0 0.224736 0.153478 0.0318758 0.031478
0 0.857366 0.808616 0.0234715 0.0227323
0 0.399119 0.177744 0.0268422 0.0268876
0 0.0973599 0.907286 0.194158 0.185429
0 0.946159 0.0719102 0.0242529 0.0236367
0 0.410736 0.263931 0.0239613 0.0238625
0 0.547101 0.68788 0.0237541 0.023694
0 0.549321 0.113332 0.0491743 0.0472941
0 0.397379 0.633717 0.0841272 0.0822331
0 0.227509 0.130878 0.0570102 0.0575742
0 0.943549 0.511743 0.111403 0.338273
0 0.747403 0.0472617 0.0276484 0.0269768
0 0.337229 0.581372 0.0228142 0.0222335
0 0.448977 0.0966402 0.0224905 0.0224627
0 0.217975 0.0357203 0.0226954 0.0225487
0 0.711196 0.54159 0.0243993 0.0238638
0 0.848684 0.0990618 0.0244522 0.0239232
0 0.787369 0.3125 0.032969 0.0318298
