0 0.343026 0.50251 0.165896 0.137502
0 0.103968 0.839578 0.0474309 0.0398693
0 0.300829 0.297721 0.033372 0.0275323
0 0.592836 0.801066 0.0546551 0.0441744
0 0.958888 0.973006 0.0395845 0.0334746
0 0.327202 0.236914 0.0281621 0.0238826
0 0.70719 0.897522 0.0298669 0.0245225
0 0.0200024 0.214774 0.0293487 0.0252173
0 0.919332 0.353469 0.0563566 0.0471314
0 0.198826 0.482129 0.0434334 0.035333
0 0.0763181 0.09063 0.0362919 0.0289739
0 0.593141 0.835747 0.030998 0.0249602
0 0.596869 0.369285 0.0345976 0.027384
0 0.556517 0.82228 0.0313685 0.0258567
0 0.164084 0.120908 0.0513824 0.042399
0 0.0889693 0.69001 0.0255187 0.0219461
0 0.72232 0.064632 0.0318468 0.0261507
0 0.824272 0.243324 0.0342381 0.029106
0 0.314041 0.157241 0.10649 0.0870089
0 0.19091 0.949957 0.066415 0.0563659
0 0.953427 0.180172 0.0395331 0.032681
0 0.504108 0.686426 0.0528803 0.0434158
