0 0.0457716 0.731041 0.0915432 0.114263
0 0.924331 0.776519 0.0691261 0.0597059
0 0.2069 0.427007 0.0535773 0.0490134
0 0.0832639 0.235381 0.0391618 0.034584
0 0.903829 0.106853 0.0362609 0.0304816
0 0.81361 0.351045 0.0425172 0.0359052
0 0.0226246 0.883131 0.0375483 0.0332253
0 0.310973 0.103948 0.0327626 0.0288051
0 0.723933 0.0196556 0.0395849 0.0345846
0 0.701375 0.41309 0.029982 0.0265471
0 0.173543 0.934743 0.0276734 0.0249315
0 0.242235 0.299439 0.0345115 0.0311655
0 0.277083 0.551866 0.0270897 0.0244942
0 0.305471 0.595573 0.0285708 0.0261621
0 0.10475 0.38665 0.0282859 0.0255652
0 0.0296469 0.019393 0.0568236 0.038624
0 0.957273 0.823461 0.0336176 0.0288203
0 0.801901 0.913112 0.0328965 0.0278894
0 0.0323647 0.0951567 0.0310335 0.027368
0 0.327289 0.571041 0.1175 0.104064
0 0.672392 0.467287 0.028424 0.0254901
0 0.75436 0.711786 0.0409959 0.0363138
0 0.874251 0.953979 0.0725031 0.0626919
0 0.285482 0.890018 0.0280559 0.0262704
0 0.954864 0.976306 0.0897243 0.0473888
0 0.404046 0.033371 0.124238 0.0667247
0 0.439253 0.655573 0.0276997 0.0248539
0 0.247958 0.808043 0.0252913 0.0234066
0 0.113225 0.779034 0.0260251 0.0236478
0 0.926504 0.240643 0.0389659 0.0342289
0 0.328898 0.917813 0.0251298 0.0235906
0 0.786571 0.0809933 0.241317 0.161218
0 0.819753 0.136748 0.0260045 0.0233386
0 0.826589 0.16145 0.0247037 0.0224172
0 0.77315 0.726275 0.0369239 0.032589
0 0.267778 0.684284 0.0733589 0.0646473
0 0.962675 0.73989 0.0494146 0.0423095
