0 0.375389 0.894237 0.0370924 0.0357252
0 0.443048 0.0786786 0.0637634 0.0617138
0 0.392639 0.270896 0.0368015 0.036158
0 0.247509 0.210823 0.0342537 0.0332414
0 0.924878 0.0589664 0.0273452 0.0257891
0 0.679416 0.711619 0.0269094 0.0265849
0 0.166998 0.702854 0.0244485 0.0239298
0 0.0738917 0.308018 0.0303791 0.0290008
0 0.961273 0.240937 0.0774544 0.0899478
0 0.363093 0.279098 0.0250551 0.024834
0 0.450808 0.514284 0.0236959 0.0234611
0 0.223981 0.176008 0.0299345 0.0289873
0 0.915691 0.194107 0.0334204 0.0320326
0 0.857347 0.352196 0.0327481 0.0317591
0 0.648511 0.764814 0.126031 0.120139
0 0.626083 0.900179 0.104709 0.100172
0 0.264839 0.454483 0.0788583 0.0789748
0 0.956261 0.581577 0.086662 0.103332
0 0.970895 0.0478898 0.0582092 0.0834573
0 0.198022 0.0813799 0.051121 0.0484801
0 0.650326 0.153085 0.0248544 0.02424
0 0.31179 0.584066 0.0244787 0.0239806
0 0.0323925 0.736151 0.0275257 0.0265814
0 0.861784 0.445042 0.0438637 0.0428011
0 0.770522 0.674547 0.134434 0.127127
0 0.299148 0.608509 0.0241362 0.0235791
0 0.969964 0.153629 0.024151 0.0238553
0 0.960412 0.0132787 0.0773151 0.0264553
0 0.980731 0.183535 0.036761 0.0361338
0 0.365543 0.0951164 0.033439 0.0329479
0 0.115109 0.597067 0.0300983 0.029057
