0 0.780749 0.556035 0.176491 0.136647
0 0.856647 0.816513 0.282946 0.215677
0 0.070983 0.490169 0.141966 0.115727
0 0.0760814 0.848053 0.0957971 0.0742377
0 0.292851 0.498686 0.115709 0.0855208
0 0.423637 0.0416047 0.0783653 0.0592731
0 0.218433 0.650379 0.174025 0.128133
0 0.340868 0.977844 0.0682435 0.0440308
0 0.919149 0.651895 0.128043 0.09831
0 0.697099 0.0677555 0.0477946 0.0350783
0 0.201973 0.568907 0.0501255 0.0381331
0 0.490123 0.439809 0.5047 0.314044
0 0.456792 0.965628 0.0416988 0.0309889
0 0.381355 0.443203 0.0392914 0.0308124
0 0.144888 0.928585 0.0488345 0.0370712
0 0.912053 0.224488 0.174309 0.15728
0 0.203815 0.727674 0.0328914 0.0249162
0 0.772697 0.349519 0.0606365 0.046614
0 0.387771 0.104691 0.048839 0.0386396
0 0.756614 0.645279 0.0342695 0.027231
0 0.943235 0.49372 0.0410344 0.0325607
0 0.0464759 0.598577 0.0926488 0.0840061
0 0.346802 0.0607658 0.0604012 0.0468301
0 0.782833 0.4678 0.065634 0.0521749
0 0.31982 0.0217848 0.0522988 0.0408643
0 0.803143 0.958562 0.112679 0.0828764
0 0.0906829 0.228734 0.181366 0.2597
0 0.695034 0.60548 0.0530548 0.0416313
0 0.936472 0.524136 0.03151 0.0256628
0 0.783828 0.43417 0.056037 0.0417252
0 0.023288 0.53093 0.0463844 0.093998
0 0.104343 0.102082 0.0598788 0.0468449
0 0.60806 0.262665 0.0591342 0.0453281
0 0.439603 0.809632 0.0319975 0.0234286
0 0.919429 0.966867 0.0349948 0.0263741
0 0.307555 0.719923 0.0313771 0.0241671
0 0.487428 0.713651 0.0295837 0.0225738
0 0.167096 0.257284 0.0404261 0.0310347
0 0.816299 0.303211 0.0619817 0.0478093
0 0.0581194 0.400323 0.0745766 0.056713
0 0.662519 0.374562 0.0381066 0.0292883
0 0.294312 0.749433 0.0379361 0.027972
0 0.080969 0.803194 0.0530125 0.0403718
0 0.0480107 0.00675896 0.0478092 0.0135179
0 0.129866 0.874591 0.0518151 0.0393597
0 0.709928 0.137136 0.0288644 0.0234012
0 0.946138 0.936874 0.0593009 0.0482426
0 0.699337 0.0828688 0.266097 0.164698
0 0.940314 0.788814 0.0276353 0.0225165
0 0.0263206 0.784291 0.0526413 0.0661834
0 0.0542774 0.0459381 0.0820752 0.0672495
0 0.27984 0.0501693 0.0297707 0.0232936
0 0.871582 0.702522 0.0433781 0.0344799
0 0.647783 0.738014 0.0323954 0.0255816
0 0.322617 0.115276 0.0370524 0.0306931
0 0.389817 0.192624 0.0759026 0.0600179
0 0.858829 0.152023 0.0703567 0.0527991
0 0.315246 0.297222 0.0888322 0.0665767
0 0.338105 0.0979178 0.0465086 0.0371339
0 0.346423 0.237131 0.0846051 0.0656741
0 0.329855 0.105172 0.058541 0.0458414
