0 0.850713 0.413959 0.0441018 0.0416534
0 0.650927 0.904931 0.0605965 0.0599555
0 0.9346 0.738505 0.0648077 0.0622206
0 0.985731 0.552978 0.0285373 0.0344714
0 0.15241 0.558928 0.0516882 0.0503356
0 0.179011 0.958042 0.0275375 0.0264509
0 0.284239 0.600887 0.0271969 0.0264652
0 0.101948 0.500396 0.0301109 0.029318
0 0.511778 0.497803 0.0404687 0.0389843
0 0.757216 0.512348 0.0285377 0.0277126
0 0.238293 0.713429 0.060787 0.0595303
0 0.762075 0.326587 0.0306311 0.029287
0 0.0898573 0.889148 0.0326397 0.0318979
0 0.0496369 0.686701 0.032243 0.0309155
0 0.977331 0.85692 0.0240135 0.0230214
0 0.840626 0.606037 0.0274272 0.0267932
0 0.394847 0.887155 0.0299785 0.0291235
0 0.91708 0.910458 0.0320504 0.0318565
0 0.18115 0.763771 0.0321432 0.0314331
0 0.734542 0.357259 0.0247443 0.0236229
0 0.368978 0.868089 0.0331815 0.032276
0 0.87209 0.292588 0.0624331 0.0582608
0 0.220146 0.814491 0.0345893 0.0343742
0 0.458172 0.818005 0.0267632 0.0262653
0 0.962333 0.214954 0.0466189 0.0448652
0 0.136647 0.729508 0.031786 0.0310826
0 0.121175 0.786079 0.0261497 0.0253382
0 0.220137 0.849548 0.02536 0.0248003
0 0.402573 0.851625 0.0329902 0.032714
0 0.581994 0.805086 0.0273864 0.0269048
0 0.0230973 0.791154 0.0352732 0.0337606
0 0.864172 0.619619 0.0280822 0.0270164
0 0.283781 0.687712 0.0320163 0.0315704
0 0.04778 0.759108 0.0382392 0.0368753
0 0.96882 0.653949 0.06236 0.150432
0 0.959365 0.451163 0.0252137 0.0240832
0 0.111207 0.806801 0.0260127 0.0251025
