0 0.660413 0.152318 0.390556 0.304636
0 0.698278 0.346773 0.102536 0.097615
0 0.168524 0.704905 0.108553 0.10626
0 0.308216 0.359763 0.178418 0.172022
0 0.737351 0.860693 0.150189 0.146289
0 0.301952 0.482233 0.161158 0.158446
0 0.924371 0.309054 0.0590844 0.0549895
0 0.616483 0.330099 0.0606059 0.0601383
0 0.0346036 0.175355 0.0690226 0.0761027
0 0.601831 0.216797 0.0285969 0.0283658
0 0.931439 0.428239 0.136671 0.265097
0 0.627334 0.53417 0.040854 0.0402062
0 0.559039 0.307226 0.0341151 0.0333246
0 0.0590432 0.220043 0.0589625 0.0576375
0 0.573856 0.807889 0.0597758 0.0570025
0 0.125758 0.105896 0.0568808 0.0556237
0 0.19906 0.414549 0.0314838 0.0308244
0 0.974555 0.244226 0.0507576 0.0965195
0 0.757669 0.775072 0.0306421 0.0302186
0 0.146625 0.772039 0.0275169 0.0273547
0 0.0810611 0.311157 0.0366336 0.036153
0 0.142329 0.565913 0.0539804 0.0521626
0 0.623408 0.746052 0.0309928 0.029973
0 0.249134 0.197888 0.0261876 0.0256793
0 0.421151 0.641249 0.0274112 0.0268624
0 0.389448 0.91629 0.025773 0.02491
0 0.0737452 0.498995 0.0309337 0.0301034
0 0.63854 0.600153 0.0620612 0.0586341
0 0.261775 0.706076 0.0243994 0.0244652
0 0.391124 0.686993 0.0257144 0.0256965
0 0.444722 0.432324 0.0608797 0.0610274
0 0.857284 0.0694493 0.0370055 0.0353419
0 0.285824 0.597581 0.0246653 0.0245667
0 0.528808 0.553873 0.0448408 0.0433168
0 0.102101 0.818407 0.0692447 0.0681573
0 0.683152 0.67497 0.0577512 0.0559422
0 0.602843 0.30454 0.0458285 0.0449162
0 0.102472 0.887217 0.203736 0.225567
0 0.44143 0.950866 0.0246417 0.0236362
0 0.979906 0.0836998 0.0233605 0.0227744
0 0.910106 0.748669 0.0362011 0.0347342
0 0.931549 0.13839 0.136901 0.142649
0 0.161886 0.247549 0.0621027 0.0620925
0 0.780407 0.506453 0.0237623 0.0230235
0 0.328118 0.551865 0.0379953 0.0377955
0 0.0805435 0.19049 0.0266841 0.026409
0 0.427131 0.976759 0.0240493 0.0234116
0 0.65847 0.683011 0.109113 0.10171
0 0.534553 0.40429 0.0257336 0.025391
0 0.49673 0.594671 0.0278119 0.0273619
0 0.996385 0.369192 0.00722942 0.0232285
0 0.0261756 0.552132 0.032499 0.0313289
0 0.220919 0.235609 0.170588 0.162668
0 0.119602 0.755884 0.0407769 0.0404811
0 0.828707 0.391417 0.285583 0.249214
0 0.0501286 0.571985 0.0230358 0.0217307
0 0.525377 0.634024 0.0228106 0.0225394
0 0.373406 0.719872 0.0449332 0.0430396
