0 0.158977 0.748343 0.045478 0.0441594
0 0.628895 0.951059 0.0297127 0.028887
0 0.504568 0.0996369 0.026365 0.0258232
0 0.772447 0.424567 0.0272609 0.026779
0 0.6511 0.629645 0.0248492 0.0244674
0 0.701695 0.102419 0.0837414 0.0809487
0 0.454402 0.595679 0.0249293 0.0245616
0 0.54622 0.59045 0.0252932 0.0247643
0 0.120556 0.0641522 0.0271178 0.0266528
0 0.929464 0.665423 0.141072 0.435626
0 0.57747 0.0996236 0.0296102 0.0290098
0 0.335289 0.952852 0.0963558 0.0913174
0 0.562251 0.136889 0.102613 0.100188
0 0.0894461 0.72994 0.0897134 0.0867876
0 0.0406459 0.842885 0.0263095 0.0256045
0 0.879592 0.975088 0.0679762 0.0496454
0 0.358315 0.88999 0.0462317 0.043859
0 0.496594 0.874569 0.032882 0.032482
0 0.679515 0.70088 0.0223986 0.0220523
0 0.217727 0.00739103 0.0583938 0.0147421
0 0.868387 0.175164 0.0237744 0.0235428
0 0.728627 0.150457 0.0403375 0.0389515
0 0.117671 0.673411 0.0259831 0.0252984
0 0.129491 0.0923871 0.0241477 0.0234934
0 0.41221 0.920453 0.0261675 0.0251534
0 0.912289 0.196856 0.0731978 0.0673296
