0 0.247092 0.787912 0.07219 0.055409
0 0.434074 0.608164 0.188462 0.145181
0 0.23812 0.741611 0.0509942 0.0389034
0 0.821324 0.186189 0.0445458 0.0337597
0 0.615678 0.301094 0.0365939 0.0283253
0 0.763717 0.0719454 0.0396106 0.0303398
0 0.708819 0.0447281 0.0305807 0.0234533
0 0.416818 0.74981 0.0335147 0.0255568
0 0.650415 0.148239 0.0481546 0.0379063
0 0.647252 0.638401 0.053215 0.0406317
0 0.011455 0.212755 0.0229027 0.0227561
0 0.508798 0.376121 0.0448953 0.0344026
0 0.647384 0.933004 0.0374222 0.0296097
0 0.659286 0.304366 0.0289241 0.0221199
0 0.581093 0.0813925 0.0320072 0.025071
0 0.220074 0.137592 0.0309324 0.0244652
0 0.112943 0.0107833 0.0349197 0.0214517
0 0.982847 0.993518 0.0280585 0.0129642
0 0.32082 0.517271 0.0301478 0.0237957
0 0.616935 0.0902252 0.0277502 0.0218935
0 0.426033 0.210041 0.312907 0.202284
0 0.96494 0.0290036 0.0404354 0.0309353
0 0.410947 0.474008 0.0937639 0.0740805
0 0.927646 0.0842483 0.0378774 0.0290429
0 0.901962 0.34526 0.0801782 0.0622276
0 0.386465 0.225412 0.228996 0.170349
0 0.433058 0.543913 0.0661607 0.0520882
0 0.047545 0.428579 0.0340856 0.0269979
0 0.671242 0.347575 0.028992 0.0230377
0 0.0877077 0.603006 0.0504161 0.0398417
0 0.897424 0.543458 0.185018 0.140821
0 0.904101 0.405627 0.191797 0.258549
0 0.722588 0.151613 0.0286233 0.0226899
0 0.481871 0.167921 0.0267596 0.0214613
0 0.456686 0.197358 0.242106 0.187055
0 0.660014 0.23497 0.041245 0.0315744
0 0.923545 0.395557 0.0345096 0.0272553
