0 0.874475 0.520231 0.0841767 0.0811142
0 0.625523 0.0212335 0.0491008 0.0424669
0 0.94613 0.518617 0.08325 0.0818353
0 0.699235 0.655454 0.0334883 0.0325756
0 0.712974 0.597837 0.0393322 0.0382245
0 0.663468 0.0689177 0.0318322 0.0310253
0 0.310848 0.471562 0.0268556 0.0263954
0 0.661288 0.632888 0.0299324 0.0294841
0 0.747914 0.15526 0.0267337 0.026363
0 0.794608 0.869799 0.0264756 0.0258961
0 0.522527 0.926346 0.029423 0.028723
0 0.324922 0.440013 0.0260774 0.0255852
0 0.984119 0.535509 0.0317622 0.0809097
0 0.378201 0.599292 0.0245135 0.0240901
0 0.769598 0.384815 0.0407953 0.0402488
0 0.78195 0.528987 0.0249036 0.0244984
0 0.760022 0.67589 0.0273993 0.0264002
0 0.453362 0.431654 0.0330901 0.0324148
0 0.439928 0.447823 0.0266288 0.0258083
0 0.769451 0.105167 0.0267789 0.0264542
0 0.0286751 0.296011 0.0238959 0.0234213
0 0.452279 0.0113479 0.0265725 0.0226594
0 0.704872 0.265123 0.0343966 0.0334291
0 0.27914 0.647545 0.0524879 0.0506692
0 0.334498 0.559174 0.0224744 0.0221345
0 0.95117 0.00890832 0.0291445 0.0178166
0 0.762425 0.0607089 0.0252836 0.0250694
0 0.762779 0.262063 0.0247152 0.0241389
0 0.956907 0.666231 0.0419607 0.0440054
0 0.633751 0.594471 0.0242476 0.0236626
0 0.447784 0.720592 0.0284995 0.0277418
0 0.637982 0.0564023 0.0256041 0.0253105
