0 0.604991 0.407796 0.136615 0.127939
0 0.833954 0.62457 0.0794022 0.0722884
0 0.013054 0.846608 0.0260944 0.0300798
0 0.935092 0.873249 0.129816 0.13519
0 0.981975 0.112026 0.0360041 0.0374658
0 0.649103 0.330947 0.0701141 0.0667048
0 0.959243 0.0185506 0.0338116 0.0318924
0 0.501752 0.972688 0.0428008 0.0377419
0 0.734831 0.623064 0.107104 0.101027
0 0.821531 0.381665 0.0389591 0.0366332
0 0.798031 0.1439 0.04364 0.0413322
0 0.822016 0.855559 0.0927115 0.0845609
0 0.627229 0.0643701 0.0493319 0.0472959
0 0.759177 0.222331 0.0296843 0.0279812
0 0.465226 0.292618 0.046957 0.0441585
0 0.890263 0.142988 0.0666974 0.061744
0 0.467015 0.428364 0.0272772 0.0256358
0 0.535113 0.0257468 0.0449263 0.0414298
0 0.497633 0.627697 0.0378215 0.0340043
0 0.685983 0.187694 0.0274717 0.0263802
0 0.769516 0.877652 0.0320158 0.029012
0 0.566033 0.868536 0.0325589 0.0287684
0 0.654813 0.707967 0.0256214 0.0245776
0 0.0547623 0.271398 0.0327182 0.031273
0 0.394035 0.289453 0.0277708 0.0261414
0 0.747533 0.279547 0.0575439 0.0541726
0 0.588512 0.0656806 0.0296554 0.0280666
0 0.740541 0.389012 0.144494 0.13494
0 0.797051 0.275098 0.0296197 0.0281764
0 0.0950492 0.272941 0.0435293 0.0418799
0 0.827003 0.471892 0.0269778 0.0257752
0 0.649477 0.114991 0.0634898 0.0594891
0 0.13993 0.36339 0.0545852 0.0495055
0 0.213387 0.93214 0.320022 0.135391
0 0.65758 0.171224 0.033779 0.0318166
0 0.359547 0.221662 0.558674 0.443324
0 0.921304 0.96107 0.156653 0.07786
0 0.0617065 0.336669 0.0333039 0.0324554
0 0.288616 0.384336 0.0719621 0.0674629
0 0.862224 0.561333 0.0270166 0.0254798
0 0.536737 0.484592 0.0245643 0.0230324
0 0.647244 0.262679 0.0263095 0.0248357
0 0.502921 0.0085164 0.0880285 0.0169635
0 0.154791 0.820259 0.0284542 0.0268908
0 0.83226 0.556477 0.025003 0.0237514
0 0.551067 0.990083 0.0416403 0.0198334
0 0.477289 0.212159 0.0320635 0.0306611
0 0.350141 0.376754 0.0237167 0.0226538
0 0.613511 0.035891 0.0411827 0.039975
0 0.0900636 0.238832 0.0450389 0.0416844
0 0.31671 0.143335 0.0443385 0.0421756
0 0.0765499 0.29802 0.0238888 0.0233667
0 0.291542 0.178571 0.0346651 0.0339235
0 0.712712 0.493841 0.0242081 0.0231005
0 0.568954 0.125283 0.0385785 0.0360992
0 0.484055 0.232683 0.0289171 0.0278262
0 0.0860671 0.15832 0.0240475 0.0227412
0 0.694775 0.266153 0.0235821 0.0225335
0 0.444221 0.267304 0.0376225 0.0357651
0 0.163747 0.767775 0.0259869 0.0247687
0 0.743895 0.0298462 0.0245447 0.0229672
0 0.788793 0.0139754 0.0231848 0.0221411
0 0.765242 0.0752053 0.0245957 0.023075
0 0.848848 0.920835 0.0524041 0.0471829
