0 0.343314 0.985631 0.045742 0.0287371
0 0.164499 0.890675 0.0340803 0.0310988
0 0.86986 0.876723 0.0272944 0.0254371
0 0.202616 0.991132 0.0271398 0.0177359
0 0.143951 0.804689 0.0307366 0.0287862
0 0.901458 0.547315 0.0260301 0.0246458
0 0.280891 0.986593 0.0254263 0.0237965
0 0.333488 0.747541 0.0258389 0.0233264
0 0.537463 0.701 0.0238858 0.0229384
0 0.397956 0.287412 0.0508712 0.0467744
0 0.168147 0.445667 0.030777 0.0287434
0 0.120558 0.455338 0.0267873 0.0244055
0 0.0619543 0.43488 0.0293986 0.0271236
0 0.367108 0.525148 0.0242156 0.0230568
0 0.668644 0.54984 0.0235127 0.0224497
0 0.235506 0.950326 0.0229728 0.021497
0 0.254564 0.849138 0.0229671 0.0217978
0 0.436692 0.963313 0.0259085 0.0238285
0 0.449034 0.972739 0.0247306 0.0228346
