0 0.197009 0.366556 0.239323 0.230504
0 0.51959 0.278382 0.136793 0.128029
0 0.635895 0.191715 0.0649231 0.0610554
0 0.553118 0.438697 0.0540664 0.0516139
0 0.588187 0.0898188 0.0797524 0.0733349
0 0.0432111 0.85668 0.0695866 0.0672576
0 0.744307 0.0363032 0.088524 0.0726065
0 0.332094 0.644325 0.0385996 0.0374243
0 0.337126 0.366081 0.0466411 0.0456649
0 0.858438 0.401253 0.0291872 0.0281147
0 0.652121 0.335111 0.0821028 0.0791907
0 0.712765 0.968727 0.0358944 0.0345542
0 0.488581 0.471443 0.035997 0.0344429
0 0.385655 0.856998 0.0368001 0.03509
0 0.869092 0.456269 0.0352367 0.0342413
0 0.95726 0.616477 0.0285439 0.0278542
0 0.58584 0.307956 0.0731891 0.0707495
0 0.837612 0.588383 0.0337684 0.0328011
0 0.403069 0.562475 0.028991 0.0284016
0 0.200839 0.0823466 0.0424301 0.039771
0 0.480492 0.955845 0.0292916 0.0279799
0 0.42217 0.669348 0.0266925 0.0261825
0 0.386647 0.927876 0.0309608 0.0294776
0 0.766367 0.103952 0.0387783 0.0369541
0 0.203865 0.0212872 0.0338694 0.0315264
0 0.0580723 0.031971 0.0517748 0.0485338
0 0.553796 0.790172 0.0669373 0.0629132
0 0.375724 0.0454004 0.186832 0.0908008
0 0.244884 0.787501 0.0279346 0.0280286
0 0.768545 0.98848 0.0294841 0.0228789
0 0.495701 0.15852 0.0251398 0.0242512
0 0.725465 0.837683 0.0300999 0.0288122
0 0.164985 0.00760148 0.0270693 0.015203
0 0.471596 0.0215088 0.0382567 0.03603
0 0.817325 0.520651 0.0730195 0.069107
0 0.992367 0.0827593 0.015266 0.0279264
0 0.25362 0.753156 0.0281703 0.0272591
0 0.569979 0.933452 0.0286198 0.0273951
0 0.817812 0.565065 0.100514 0.0959168
0 0.381287 0.390526 0.0267264 0.0259597
0 0.114074 0.183546 0.226684 0.359788
0 0.90103 0.105518 0.197143 0.210139
0 0.462656 0.180833 0.0386608 0.0363037
0 0.936962 0.410922 0.0262465 0.0251351
0 0.646828 0.957737 0.0262548 0.0250826
0 0.448014 0.60587 0.0248246 0.0242925
0 0.539206 0.94099 0.0296268 0.0278609
0 0.723271 0.407737 0.0260606 0.02494
0 0.508497 0.679126 0.0230227 0.0226103
0 0.554931 0.743011 0.024786 0.0236252
0 0.742109 0.364421 0.022516 0.0217611
0 0.691546 0.98633 0.0246487 0.0236514
0 0.541128 0.577704 0.0236931 0.0228908
0 0.117844 0.602733 0.0246921 0.0242381
0 0.628887 0.150882 0.0287197 0.0267405
0 0.523794 0.531371 0.0249641 0.0249427
0 0.894674 0.932027 0.0456073 0.0448599
0 0.560348 0.405847 0.0224285 0.0221441
0 0.671344 0.0451581 0.0239736 0.0231728
0 0.59281 0.024312 0.080087 0.0486239
0 0.770524 0.811886 0.077198 0.0727036
0 0.834115 0.407462 0.0284163 0.027446
0 0.188848 0.976365 0.107074 0.0472704
0 0.878568 0.26532 0.0266228 0.025472
0 0.0123463 0.89011 0.0246667 0.0314466
0 0.0198767 0.710577 0.0253783 0.024765
0 0.845892 0.86175 0.022708 0.0218318
0 0.209287 0.550855 0.0254961 0.0246177
0 0.00902167 0.915297 0.0180265 0.0405024
0 0.697544 0.073111 0.0468483 0.0450912
0 0.100796 0.00746578 0.0333388 0.0149316
0 0.503187 0.217819 0.0220325 0.0213942
0 0.240479 0.235202 0.0698815 0.0612619
0 0.654427 0.792079 0.0249817 0.0242148
0 0.709075 0.81544 0.0230613 0.0223015
0 0.0260636 0.399333 0.0242547 0.0237672
0 0.431369 0.212011 0.0833576 0.0767014
