0 0.653772 0.766031 0.0368528 0.0311625
0 0.517106 0.68401 0.0925711 0.0790633
0 0.6549 0.0246373 0.0509879 0.04215
0 0.8807 0.340574 0.0480131 0.0414903
0 0.106609 0.774334 0.0308588 0.0249793
0 0.359048 0.713095 0.0372735 0.0301293
0 0.646888 0.167984 0.0384967 0.0305843
0 0.792153 0.0923212 0.0359848 0.0290155
0 0.58367 0.300091 0.0367248 0.03088
0 0.111623 0.292588 0.0667977 0.0545143
0 0.103672 0.233391 0.0771829 0.0624537
0 0.65231 0.903656 0.0291529 0.0239688
0 0.603228 0.443854 0.164531 0.141119
0 0.598755 0.423509 0.033427 0.0285312
0 0.722254 0.851182 0.0292957 0.0247151
0 0.0871062 0.112282 0.0972106 0.0776702
0 0.0198215 0.850675 0.0325712 0.0278702
0 0.861021 0.523697 0.0317279 0.0279158
0 0.56799 0.87413 0.0756087 0.0610042
0 0.180361 0.303303 0.0852673 0.0671091
0 0.621756 0.382985 0.051333 0.0447803
0 0.833779 0.259626 0.0313892 0.0266695
0 0.670954 0.986531 0.0867876 0.0267722
0 0.750896 0.504473 0.0278652 0.0250106
0 0.667601 0.829047 0.105735 0.0901685
0 0.0237956 0.103045 0.0475913 0.0758964
