0 0.878097 0.32493 0.150442 0.120178
0 0.28714 0.544608 0.159534 0.120511
0 0.593372 0.153267 0.231265 0.180774
0 0.738635 0.446452 0.293881 0.218715
0 0.184335 0.0412077 0.134118 0.0823327
0 0.726689 0.348132 0.0953247 0.0780536
0 0.301515 0.296172 0.0801873 0.0604113
0 0.290418 0.386448 0.147381 0.121771
0 0.119051 0.617859 0.218941 0.156761
0 0.465453 0.227466 0.0833262 0.0653131
0 0.633802 0.608467 0.06268 0.0479958
0 0.78919 0.790915 0.0427319 0.0340981
0 0.0639412 0.903601 0.0515945 0.0387904
0 0.583225 0.0836828 0.0382651 0.0295372
0 0.710094 0.238699 0.0436831 0.0332727
0 0.0860865 0.825119 0.0759624 0.0578306
0 0.478772 0.514354 0.0586033 0.0462953
0 0.5369 0.454325 0.0368999 0.0283475
0 0.647512 0.34974 0.0414212 0.0311965
0 0.406343 0.16499 0.0732751 0.0582798
0 0.684382 0.697426 0.132905 0.103194
0 0.131634 0.407736 0.0439017 0.0347375
0 0.498994 0.318697 0.0442277 0.0340264
0 0.440851 0.306666 0.0385268 0.029415
0 0.484051 0.373857 0.105712 0.0814286
0 0.547859 0.413269 0.0717485 0.0536231
0 0.671558 0.171219 0.0487065 0.0370558
0 0.363029 0.232431 0.158253 0.120863
0 0.116602 0.894539 0.0487113 0.0371385
0 0.68327 0.222653 0.0337363 0.0256597
0 0.54821 0.127685 0.0338573 0.0270499
0 0.413132 0.536506 0.0843417 0.0653189
0 0.121062 0.977721 0.0526635 0.0415573
0 0.890498 0.855556 0.0309041 0.0238743
0 0.112793 0.796628 0.0472248 0.037129
0 0.448 0.430617 0.0364357 0.0276508
0 0.0209444 0.446843 0.0399635 0.0310562
0 0.598697 0.992848 0.0335431 0.0143044
0 0.967563 0.628649 0.0619607 0.0501368
0 0.0537855 0.741378 0.0770157 0.060208
0 0.382501 0.294201 0.0733206 0.0544196
0 0.661026 0.506911 0.262885 0.212192
0 0.450523 0.949812 0.0287044 0.0239487
0 0.261522 0.179991 0.0443003 0.0346576
0 0.152788 0.477892 0.0767809 0.0599742
0 0.23993 0.700687 0.044259 0.0327632
0 0.428303 0.337735 0.0399834 0.0310018
0 0.0314267 0.967043 0.0626519 0.0532164
0 0.0737162 0.780266 0.0388817 0.0294944
0 0.913417 0.268365 0.0793598 0.0642532
0 0.088668 0.29023 0.111717 0.0930459
0 0.200243 0.16286 0.067491 0.0531729
0 0.227026 0.320875 0.0291481 0.0225105
0 0.544572 0.342921 0.0291684 0.0226707
0 0.294919 0.324427 0.0308771 0.0237324
0 0.211372 0.441487 0.0637548 0.0498003
0 0.138446 0.436014 0.0374736 0.0291243
0 0.463651 0.395427 0.0508428 0.0394756
0 0.0273073 0.818815 0.0276741 0.0223951
0 0.895405 0.234733 0.0674601 0.0535725
0 0.0996751 0.991494 0.0624727 0.016885
0 0.282136 0.148976 0.0354582 0.027638
0 0.783831 0.297072 0.0448449 0.03401
0 0.227488 0.474382 0.0664535 0.0526377
0 0.247297 0.0113131 0.041461 0.0225069
0 0.322904 0.117593 0.0572765 0.045919
0 0.46015 0.0446885 0.0480996 0.037205
0 0.906862 0.242323 0.0903889 0.0705279
