0 0.977902 0.27139 0.0441965 0.0495862
0 0.438899 0.590131 0.0424068 0.039917
0 0.970493 0.777984 0.0522278 0.0478816
0 0.688347 0.768275 0.0398015 0.0376651
0 0.547585 0.386616 0.0325336 0.0310143
0 0.890464 0.292613 0.035903 0.0344748
0 0.457958 0.687214 0.0332691 0.0314776
0 0.933393 0.344791 0.0327993 0.0314527
0 0.458974 0.460256 0.032902 0.0312243
0 0.829643 0.568564 0.0305401 0.0293933
0 0.767016 0.989705 0.0286872 0.0205904
0 0.529972 0.93133 0.0381353 0.036263
0 0.598602 0.0213424 0.0441496 0.0414761
0 0.119994 0.627228 0.0302876 0.0293781
0 0.709214 0.342159 0.0292039 0.0276744
0 0.432397 0.439935 0.0306443 0.0290183
0 0.381523 0.256376 0.029119 0.0276173
0 0.508008 0.422018 0.0263474 0.0251776
0 0.674281 0.100261 0.0282588 0.0270434
0 0.265959 0.907137 0.0263339 0.0254995
0 0.15447 0.577377 0.0290088 0.0280608
0 0.727891 0.823233 0.0284904 0.0260406
0 0.1325 0.172353 0.0299105 0.0279832
0 0.64018 0.457303 0.0266123 0.0249643
0 0.584122 0.177222 0.0271203 0.0253063
0 0.0571923 0.853983 0.0268177 0.0255408
0 0.300029 0.510305 0.0254797 0.0245018
0 0.578396 0.255383 0.0255334 0.0238892
0 0.9046 0.344493 0.0245884 0.02394
0 0.23073 0.457951 0.02442 0.0236044
0 0.141944 0.245268 0.0243475 0.0231426
0 0.98937 0.0249139 0.0212207 0.0443934
0 0.731596 0.485103 0.0245187 0.0238716
0 0.149885 0.318444 0.023278 0.0227146
0 0.105944 0.185119 0.0310738 0.0288577
0 0.849291 0.550295 0.0219065 0.0213137
0 0.536041 0.19823 0.0231936 0.0217253
0 0.569284 0.274406 0.0223796 0.0213463
0 0.429536 0.460662 0.0234953 0.022959
0 0.923924 0.602696 0.0233107 0.0222721
0 0.046839 0.500115 0.023226 0.0224683
0 0.517643 0.147062 0.0234859 0.0223778
0 0.0280528 0.334525 0.0235279 0.0228169
0 0.36231 0.527471 0.023464 0.0225083
