0 0.123036 0.536749 0.0694842 0.0668905
0 0.0306168 0.0116549 0.0543705 0.0232684
0 0.0259128 0.236874 0.0320904 0.0314179
0 0.802718 0.0265826 0.0327716 0.031585
0 0.741764 0.781055 0.0410061 0.0389633
0 0.121121 0.778023 0.0330025 0.0320015
0 0.070197 0.910838 0.025407 0.024737
0 0.471847 0.0673934 0.024187 0.0231376
0 0.654352 0.0191942 0.0245706 0.0240857
0 0.987507 0.243153 0.0244535 0.0233552
0 0.52479 0.904373 0.0237205 0.0231824
0 0.625155 0.0691169 0.0235211 0.0226787
0 0.11163 0.806573 0.0239113 0.0230579
0 0.194629 0.818218 0.0361145 0.0347031
0 0.635546 0.766101 0.0249007 0.0245321
0 0.0459113 0.596258 0.0262139 0.0253372
0 0.641438 0.0476909 0.0307284 0.0306921
0 0.176457 0.824975 0.0549706 0.052135
0 0.463123 0.120568 0.021976 0.0211309
