0 0.242097 0.48298 0.0453456 0.0414928
0 0.584069 0.939821 0.0422077 0.0406739
0 0.327381 0.6027 0.0555844 0.0507848
0 0.989096 0.65859 0.0218073 0.0472123
0 0.504294 0.835112 0.0453493 0.0435245
0 0.830141 0.567538 0.0453215 0.0428698
0 0.766106 0.347697 0.0544929 0.051411
0 0.76185 0.949496 0.0407951 0.0388666
0 0.602445 0.591206 0.0470022 0.0439758
0 0.669024 0.281308 0.0479956 0.0463896
0 0.699217 0.615178 0.0469298 0.044149
0 0.947854 0.635363 0.0275068 0.0255685
0 0.334082 0.547979 0.0535345 0.0506356
0 0.794327 0.565765 0.0565994 0.0529928
0 0.709624 0.58415 0.0391469 0.0369657
0 0.292683 0.66415 0.0398511 0.0365295
0 0.202349 0.368598 0.0433062 0.0404891
0 0.450475 0.449371 0.0355629 0.0334306
0 0.432989 0.419044 0.0367091 0.0344852
0 0.680679 0.450707 0.0388824 0.0370816
0 0.805543 0.97707 0.0403821 0.0382193
0 0.523625 0.531222 0.0349534 0.0329602
0 0.8186 0.613024 0.054559 0.0507013
0 0.35702 0.458838 0.0464084 0.0439961
0 0.386005 0.00898529 0.035098 0.0178884
0 0.873964 0.613228 0.0436535 0.0402579
0 0.367348 0.357979 0.0273521 0.025748
0 0.957875 0.110575 0.0385349 0.0368626
0 0.275867 0.311418 0.032789 0.0314125
0 0.733272 0.404823 0.0262179 0.0244329
0 0.549194 0.636804 0.0347971 0.03265
0 0.459495 0.0848081 0.028371 0.0270853
0 0.799421 0.489413 0.0309453 0.0292562
0 0.735226 0.464068 0.0292475 0.0277844
0 0.36881 0.689735 0.0399763 0.03737
0 0.793286 0.624533 0.0469437 0.0428128
0 0.0966841 0.712351 0.0296867 0.0277168
0 0.588284 0.623989 0.0408428 0.0379286
0 0.818023 0.322525 0.0442946 0.0425856
0 0.754309 0.171712 0.0401208 0.0393409
0 0.641997 0.624892 0.0534213 0.0496988
0 0.663651 0.956242 0.0254831 0.0242548
0 0.899389 0.26084 0.0307899 0.0300312
0 0.983126 0.0547751 0.0337487 0.0366245
0 0.618101 0.735247 0.035748 0.0343497
0 0.436394 0.493764 0.0454441 0.0431323
0 0.503909 0.68211 0.0339568 0.0313986
0 0.624842 0.897423 0.0374994 0.0358327
0 0.816143 0.65404 0.0290375 0.0264634
0 0.797228 0.813313 0.0265443 0.0252965
0 0.954705 0.0355889 0.0378931 0.0366972
0 0.49402 0.400121 0.0298534 0.028706
0 0.309672 0.989664 0.052067 0.0206713
0 0.506412 0.336956 0.0401682 0.0381773
0 0.525115 0.669584 0.0386312 0.0357468
0 0.465765 0.601597 0.0301923 0.0279137
0 0.0346981 0.401811 0.0646851 0.0602919
0 0.481578 0.420597 0.0292317 0.0272124
0 0.743173 0.209942 0.0287957 0.028221
0 0.975521 0.552679 0.0486839 0.070663
0 0.467038 0.698346 0.0704299 0.0679483
0 0.851427 0.290391 0.0281443 0.0270205
0 0.974074 0.395228 0.0260324 0.0250249
0 0.735529 0.564209 0.0403778 0.0381923
0 0.597565 0.410131 0.0250864 0.0240986
0 0.454805 0.862402 0.0312789 0.0295894
0 0.059649 0.964547 0.0312407 0.0283532
0 0.45063 0.310445 0.0244229 0.023669
0 0.721577 0.382727 0.0336921 0.0316927
0 0.186082 0.335639 0.0279945 0.0265481
0 0.205986 0.0602331 0.0333185 0.0309291
0 0.908904 0.339275 0.0283278 0.0269896
0 0.539718 0.314585 0.026267 0.0254712
0 0.338992 0.643501 0.0385608 0.0356627
0 0.124203 0.210306 0.0371307 0.035043
0 0.179317 0.979185 0.0482224 0.0413882
0 0.437649 0.610049 0.0292621 0.0276669
0 0.649848 0.584209 0.0336665 0.0309649
0 0.505905 0.550619 0.0350776 0.0331788
0 0.717303 0.308529 0.0267947 0.0250635
0 0.570034 0.651321 0.0361243 0.0336044
0 0.601732 0.858683 0.029905 0.0283599
0 0.282221 0.953455 0.0312769 0.0291643
0 0.640271 0.843132 0.0256098 0.0244299
0 0.117417 0.453754 0.0367629 0.0342221
0 0.412512 0.266222 0.0313924 0.0303606
0 0.191015 0.782797 0.0259933 0.0247117
0 0.902388 0.608264 0.0261447 0.0250695
0 0.272607 0.237297 0.0231279 0.0221605
0 0.177046 0.764339 0.0253634 0.0249325
0 0.488061 0.5847 0.0341532 0.0320652
0 0.632424 0.271388 0.0299289 0.0291467
0 0.426897 0.51534 0.0238883 0.0226023
0 0.355145 0.496964 0.0350903 0.0325367
0 0.607352 0.198511 0.0275002 0.027071
0 0.221951 0.248648 0.0328934 0.0305149
0 0.638111 0.126273 0.0236803 0.0233043
0 0.781135 0.208421 0.0246909 0.0239454
0 0.993612 0.178435 0.012775 0.031054
0 0.14272 0.142141 0.0281739 0.0271669
0 0.892618 0.226991 0.0313039 0.0295641
0 0.400337 0.499232 0.0348327 0.0327271
0 0.991685 0.154141 0.0165734 0.0222857
0 0.379927 0.513003 0.0286679 0.0264352
0 0.148029 0.492042 0.0298297 0.0266508
0 0.492126 0.61118 0.0280497 0.0263124
0 0.18409 0.0733434 0.0249137 0.0232208
0 0.860777 0.20803 0.0243582 0.023351
0 0.93846 0.228562 0.0344653 0.032645
0 0.87504 0.129021 0.0420659 0.040637
0 0.981942 0.593231 0.0238815 0.0227668
0 0.885307 0.280138 0.0275504 0.0270636
0 0.421011 0.623013 0.0309738 0.0281897
0 0.442852 0.638769 0.0289308 0.0274284
0 0.0803593 0.673083 0.030572 0.0284997
0 0.593674 0.534946 0.0354633 0.03227
0 0.0313251 0.408506 0.0563657 0.0509004
0 0.495766 0.879367 0.0267951 0.0256105
0 0.935324 0.371713 0.0254135 0.0236684
0 0.604196 0.277184 0.0320767 0.0306656
0 0.771361 0.643379 0.043622 0.0402114
0 0.769417 0.650666 0.0326746 0.0292165
0 0.224967 0.148281 0.0366323 0.0348476
0 0.665009 0.607096 0.0283196 0.0264082
0 0.568676 0.231757 0.0296936 0.0285896
0 0.678971 0.417148 0.0244806 0.0233176
0 0.189323 0.495343 0.032725 0.0294133
0 0.853939 0.153057 0.0296941 0.028646
0 0.329102 0.19676 0.0295792 0.027753
0 0.0491973 0.586226 0.0400642 0.0387342
0 0.48368 0.519607 0.0464297 0.0432923
0 0.364536 0.749645 0.0264772 0.0245919
0 0.892782 0.995659 0.0333575 0.00868187
