0 0.134626 0.216385 0.0339112 0.0331072
0 0.805844 0.596655 0.028671 0.0275922
0 0.717903 0.404604 0.0348523 0.0336225
0 0.879611 0.447788 0.0276567 0.0265448
0 0.820998 0.499996 0.0300872 0.0289772
0 0.0286268 0.796696 0.0247763 0.0244607
0 0.196848 0.719582 0.0315408 0.030597
0 0.31959 0.637485 0.030645 0.0295894
0 0.191133 0.815011 0.103011 0.100783
0 0.338528 0.659697 0.0279835 0.0267507
0 0.353163 0.100607 0.0367618 0.0355113
0 0.0662195 0.153538 0.031123 0.0294086
0 0.872887 0.464452 0.0229385 0.0220859
0 0.0618336 0.735762 0.0277933 0.0264283
0 0.675748 0.744878 0.0522797 0.0500185
0 0.661312 0.612149 0.0465647 0.0445116
0 0.990295 0.991377 0.0194106 0.0172467
0 0.947334 0.359757 0.0236329 0.0232634
