0 0.305969 0.291848 0.133289 0.122307
0 0.567384 0.889014 0.225277 0.207684
0 0.0521846 0.612829 0.104369 0.20154
0 0.816681 0.902242 0.10471 0.095427
0 0.668803 0.609764 0.104837 0.0938198
0 0.615342 0.494474 0.135818 0.119928
0 0.538548 0.217786 0.0553545 0.0516511
0 0.126 0.245412 0.0609445 0.0557962
0 0.156829 0.0155208 0.0320982 0.0299245
0 0.516227 0.108604 0.0531208 0.050399
0 0.568778 0.0991014 0.0428186 0.0409943
0 0.668098 0.751019 0.0367966 0.0330503
0 0.840501 0.528518 0.318999 0.534548
0 0.196544 0.401781 0.0369012 0.0339235
0 0.548507 0.921455 0.0290561 0.0273205
0 0.646705 0.290085 0.0285988 0.0266767
0 0.831607 0.503202 0.0319717 0.0289063
0 0.498602 0.913258 0.0383311 0.0357715
0 0.868888 0.929362 0.037152 0.0343673
0 0.379598 0.419179 0.0309439 0.0283116
0 0.653447 0.809102 0.0279483 0.0256145
0 0.428851 0.135645 0.0444385 0.0410908
0 0.559402 0.124082 0.0254222 0.0243751
0 0.174511 0.313662 0.0596171 0.0550642
0 0.965099 0.0197623 0.0282381 0.0268541
0 0.376425 0.170674 0.0277931 0.0262538
0 0.410961 0.303538 0.0273628 0.0254426
0 0.358781 0.463648 0.0290191 0.0267815
0 0.592224 0.767798 0.0298266 0.0267277
0 0.855407 0.969512 0.0285495 0.0264708
0 0.498645 0.706211 0.0399486 0.0370095
0 0.959876 0.4617 0.0261594 0.0244602
0 0.0843114 0.157566 0.0333477 0.031743
0 0.306768 0.0603546 0.0256244 0.0238603
0 0.562403 0.0116704 0.0246299 0.0229945
0 0.207495 0.0863034 0.0246477 0.0235601
0 0.688096 0.0576699 0.356319 0.11534
0 0.498274 0.983908 0.0306667 0.0289753
0 0.488766 0.993362 0.0313182 0.0132763
0 0.729329 0.629248 0.0260943 0.0240762
0 0.512164 0.716647 0.0259619 0.024125
0 0.0722436 0.721977 0.050871 0.0476344
0 0.685399 0.173126 0.0253482 0.0239973
0 0.519045 0.24425 0.0250791 0.0239376
0 0.117486 0.852131 0.0431848 0.0403196
0 0.467458 0.316687 0.117027 0.108578
0 0.0239422 0.183763 0.0478844 0.327168
0 0.123449 0.159821 0.0244864 0.0233932
0 0.0964717 0.235752 0.0232411 0.0225173
0 0.776824 0.132483 0.0317628 0.0293486
0 0.743432 0.151668 0.0352964 0.0323277
0 0.714692 0.135222 0.0302804 0.0274202
0 0.165075 0.449141 0.33015 0.392699
0 0.0710383 0.0352114 0.142077 0.0702481
0 0.601768 0.160626 0.0276463 0.0257723
0 0.575358 0.982293 0.0689473 0.0354132
0 0.64825 0.12025 0.0352674 0.0338266
0 0.245799 0.818457 0.0288509 0.0268039
0 0.619623 0.416967 0.0257256 0.0235589
0 0.670787 0.0123208 0.053705 0.0246417
0 0.0352269 0.280327 0.0548777 0.0496726
0 0.150161 0.178099 0.0237406 0.0231586
0 0.0293246 0.0528713 0.0273239 0.0271041
0 0.281655 0.0566906 0.0238039 0.0230766
0 0.213688 0.3425 0.0431417 0.0392338
0 0.716885 0.822169 0.084427 0.0763712
