0 0.339875 0.825596 0.0763848 0.0617623
0 0.378259 0.783392 0.0494017 0.0409472
0 0.645318 0.0400626 0.0417521 0.0338198
0 0.377673 0.912111 0.198786 0.169396
0 0.785577 0.872852 0.152794 0.119776
0 0.729533 0.0755706 0.0514656 0.0404634
0 0.083938 0.043446 0.0359881 0.0283508
0 0.251415 0.341868 0.0451136 0.0371486
0 0.830844 0.484771 0.0342476 0.0279241
0 0.509416 0.963602 0.0465181 0.0376149
0 0.331147 0.0296262 0.205127 0.0589931
0 0.484526 0.262329 0.0360566 0.028984
0 0.662369 0.460435 0.0301806 0.0245545
0 0.963199 0.966544 0.0736028 0.0661646
0 0.925788 0.301793 0.0423756 0.0329114
0 0.703149 0.223831 0.0514139 0.0404401
0 0.675658 0.782813 0.0785618 0.0600292
0 0.719866 0.518365 0.560269 0.551135
0 0.103142 0.955478 0.175117 0.0890431
0 0.889773 0.47868 0.0295208 0.0238908
0 0.672883 0.667682 0.0335078 0.0261264
0 0.978699 0.158158 0.0369063 0.0287882
0 0.164318 0.645616 0.0270737 0.0232654
0 0.717122 0.721161 0.0311553 0.0250438
0 0.277687 0.842081 0.0728658 0.0590487
0 0.914976 0.178648 0.0457781 0.0355352
0 0.0243523 0.377267 0.0485896 0.153705
0 0.598282 0.507392 0.585667 0.563087
0 0.743843 0.961605 0.0374015 0.0286091
0 0.0347733 0.649378 0.0276943 0.0224969
0 0.303676 0.538758 0.0276859 0.0232132
0 0.9514 0.877241 0.0880289 0.0671844
0 0.232764 0.978626 0.0384361 0.032711
0 0.958156 0.238876 0.0565176 0.0417072
0 0.908682 0.140766 0.0288192 0.0230829
0 0.167149 0.323359 0.0258762 0.0218371
