0 0.804641 0.359336 0.074143 0.0610699
0 0.722833 0.169558 0.0343932 0.0281488
0 0.48316 0.726498 0.0431359 0.0352306
0 0.952515 0.250579 0.0353725 0.0298283
0 0.214584 0.235891 0.0349837 0.0288051
0 0.880654 0.121319 0.0299623 0.0254632
0 0.269557 0.0506998 0.0313283 0.0260676
0 0.753757 0.231416 0.029645 0.0252742
0 0.612469 0.57899 0.0379295 0.0310575
0 0.794844 0.223561 0.0286273 0.0252072
0 0.139808 0.494971 0.0320912 0.0271206
0 0.7355 0.983778 0.041151 0.0316585
0 0.452342 0.901184 0.0391826 0.0319114
0 0.780174 0.205996 0.0287156 0.023964
0 0.813412 0.305407 0.0300145 0.0260335
0 0.931435 0.850891 0.032505 0.0272193
0 0.83949 0.395213 0.0443622 0.0365107
0 0.550617 0.90377 0.0329921 0.0274005
0 0.617187 0.659707 0.0386002 0.0320963
0 0.136981 0.802611 0.0329499 0.0280485
0 0.821749 0.587621 0.0378131 0.0317063
0 0.830297 0.424158 0.0291624 0.024688
0 0.491753 0.644824 0.0281219 0.022836
0 0.10931 0.522328 0.0540375 0.0452155
0 0.992192 0.797979 0.015615 0.0226906
0 0.935222 0.174902 0.0410437 0.0355504
0 0.707077 0.801483 0.0555956 0.0461676
0 0.662506 0.798315 0.0362833 0.0299182
0 0.69219 0.260985 0.0257647 0.0218477
