0 0.0963756 0.670861 0.070803 0.0528781
0 0.62185 0.710614 0.0394672 0.0298903
0 0.67472 0.00879547 0.0346105 0.0175528
0 0.610422 0.770464 0.032603 0.0253801
0 0.6995 0.960406 0.0314722 0.0244542
0 0.947589 0.466251 0.0310361 0.0237543
0 0.741167 0.420761 0.0311285 0.0236473
0 0.0117662 0.622028 0.023477 0.022456
0 0.0114407 0.264442 0.0227778 0.0244247
0 0.0345231 0.704498 0.0290652 0.0227599
0 0.0886894 0.29386 0.0299354 0.0226856
0 0.474303 0.434188 0.0281796 0.0226114
0 0.725374 0.277516 0.0285482 0.0227251
0 0.443145 0.156918 0.027269 0.0212436
0 0.351809 0.585468 0.0281858 0.0219994
0 0.57479 0.398747 0.0273259 0.0212751
