0 0.0843497 0.587806 0.06778 0.0535522
0 0.72169 0.201908 0.0422614 0.0342213
0 0.657317 0.718853 0.042422 0.0352465
0 0.306129 0.949584 0.0627226 0.0525383
0 0.679448 0.426539 0.0366253 0.0300468
0 0.378379 0.836172 0.035723 0.0291405
0 0.631095 0.671424 0.0283806 0.02297
0 0.869507 0.650042 0.260986 0.225595
0 0.124585 0.0423832 0.0301164 0.0264176
0 0.965938 0.758467 0.0681249 0.264309
0 0.050611 0.302958 0.0458371 0.0382174
0 0.0956121 0.66265 0.0599888 0.0480547
0 0.239032 0.994247 0.0312319 0.0114732
0 0.0465944 0.511193 0.0327978 0.0264137
0 0.680642 0.127753 0.0284843 0.0233128
0 0.801834 0.536163 0.041863 0.0332294
0 0.0739947 0.836521 0.0303371 0.0241707
0 0.671938 0.987566 0.0572186 0.0248672
0 0.392417 0.53544 0.0817851 0.0687078
0 0.667339 0.240453 0.0511961 0.0410916
0 0.179108 0.0764253 0.0280513 0.0244754
0 0.451443 0.266754 0.0304758 0.0257324
0 0.341218 0.0317253 0.0701635 0.0590342
