0 0.819644 0.853939 0.324452 0.292122
0 0.379527 0.142152 0.0443254 0.0438316
0 0.273882 0.668742 0.0585135 0.0568326
0 0.264291 0.113211 0.040103 0.0395505
0 0.196273 0.210644 0.0381125 0.0365796
0 0.807204 0.504891 0.045612 0.0449533
0 0.114373 0.600747 0.0400172 0.0385569
0 0.980695 0.116723 0.0272036 0.02665
0 0.0914385 0.285086 0.0262796 0.0257202
0 0.708951 0.389097 0.288483 0.281376
0 0.205766 0.528352 0.0431072 0.0417042
0 0.258103 0.808292 0.266547 0.25536
0 0.405859 0.82167 0.0485004 0.0471494
0 0.436851 0.707588 0.0772019 0.0736859
0 0.606551 0.803898 0.0294527 0.0288269
0 0.501189 0.535576 0.053815 0.0530672
0 0.363252 0.242435 0.0293232 0.0285603
0 0.297031 0.915892 0.424597 0.167098
0 0.673024 0.0434847 0.0271668 0.0259695
0 0.18071 0.314648 0.0232466 0.0229641
0 0.949328 0.518307 0.100549 0.101065
0 0.0455174 0.901375 0.04309 0.0414073
0 0.479803 0.756247 0.0817447 0.0786705
0 0.495409 0.453483 0.0253948 0.0249175
0 0.0322331 0.993303 0.0351844 0.0133935
0 0.137923 0.569953 0.275847 0.375372
0 0.081495 0.958611 0.0325271 0.0304048
0 0.0856103 0.0746872 0.0244715 0.0241198
0 0.491499 0.8251 0.0245651 0.0239196
0 0.803281 0.34492 0.117019 0.113908
0 0.775109 0.167147 0.0759277 0.0703825
0 0.0896631 0.103348 0.177852 0.204292
0 0.468814 0.28685 0.0913923 0.08936
0 0.34695 0.667124 0.0308444 0.0297208
0 0.899773 0.245936 0.0579427 0.0558855
0 0.229909 0.266672 0.126601 0.120454
0 0.972901 0.0463997 0.0536333 0.0927689
0 0.214721 0.0291761 0.0352693 0.0344974
0 0.569529 0.771262 0.085512 0.0830132
