0 0.918062 0.194172 0.163876 0.253269
0 0.459112 0.4265 0.0366291 0.0332441
0 0.0519706 0.800758 0.0503888 0.0469647
0 0.815531 0.191059 0.0414117 0.0387059
0 0.0783683 0.52079 0.0444129 0.0408795
0 0.790079 0.232982 0.0358791 0.0337404
0 0.423829 0.0559366 0.0301456 0.027213
0 0.228377 0.747719 0.0301173 0.0285814
0 0.79706 0.392746 0.0344472 0.0332766
0 0.0522406 0.0659862 0.0284902 0.0258219
0 0.707431 0.565549 0.0320446 0.0299981
0 0.197807 0.398228 0.0282456 0.0266223
0 0.33747 0.419306 0.034896 0.0320575
0 0.870742 0.359393 0.0396009 0.0375794
0 0.283034 0.332617 0.0323296 0.0299306
0 0.196421 0.694952 0.0302984 0.0289084
0 0.378726 0.544998 0.0263994 0.0240312
0 0.483512 0.301182 0.0298264 0.0277629
0 0.688461 0.180578 0.0468655 0.044747
0 0.709455 0.858408 0.0293818 0.0264605
0 0.195185 0.330958 0.027671 0.0259626
0 0.139914 0.0381117 0.0256345 0.0233882
0 0.264293 0.363251 0.0282475 0.0268366
0 0.358988 0.655227 0.0260637 0.0241127
0 0.851957 0.587702 0.0245686 0.0235627
0 0.442663 0.136636 0.0256906 0.0235642
0 0.912574 0.7147 0.0300736 0.0285317
0 0.0805859 0.632419 0.0241038 0.0229629
0 0.24344 0.0189509 0.0238598 0.022699
0 0.55157 0.259769 0.0237374 0.0222576
0 0.0990104 0.608763 0.0293959 0.0274522
0 0.359168 0.740405 0.0468761 0.0442848
0 0.59045 0.340939 0.0345068 0.0323316
0 0.920566 0.959611 0.158869 0.0807782
0 0.879628 0.341224 0.0255709 0.0240999
0 0.432104 0.938396 0.0238398 0.022759
