0 0.450457 0.0532324 0.137728 0.106465
0 0.97587 0.798542 0.0470749 0.0465552
0 0.292431 0.896013 0.055681 0.0542547
0 0.636244 0.753222 0.0418947 0.0410786
0 0.486908 0.684604 0.0567284 0.054953
0 0.967124 0.351064 0.0466521 0.0451599
0 0.860108 0.803294 0.0411402 0.0405877
0 0.545223 0.194673 0.0443535 0.0426839
0 0.277632 0.846454 0.0382034 0.0368791
0 0.595368 0.548333 0.0298967 0.0289266
0 0.231509 0.634212 0.0749437 0.0726025
0 0.964087 0.0543186 0.0312214 0.0305616
0 0.521323 0.828211 0.0336657 0.0328012
0 0.605927 0.710466 0.0500144 0.0498313
0 0.586893 0.0944115 0.0398645 0.0388908
0 0.54616 0.933534 0.0340626 0.0331673
0 0.815111 0.368895 0.0278282 0.0271662
0 0.788312 0.0909334 0.0344825 0.0330238
0 0.19144 0.559173 0.0541416 0.0525243
0 0.808811 0.546571 0.0301343 0.0295439
0 0.22275 0.241417 0.0337085 0.0328004
0 0.879634 0.0919588 0.0318886 0.0310279
0 0.093739 0.0112278 0.0334993 0.0224258
0 0.443304 0.264554 0.0726669 0.0693777
0 0.454913 0.769639 0.0442407 0.0428378
0 0.724305 0.684059 0.0703015 0.0676411
0 0.559273 0.431775 0.0549973 0.0530211
0 0.387563 0.127677 0.0283917 0.0277174
0 0.632608 0.616862 0.0419188 0.0409001
0 0.643472 0.414851 0.0275066 0.0260391
0 0.228608 0.0154492 0.0421311 0.0308377
0 0.36023 0.137585 0.0261679 0.0256338
0 0.864286 0.156112 0.0400257 0.0379
0 0.606691 0.180454 0.0300598 0.028941
0 0.122799 0.79833 0.0715983 0.0684538
0 0.784209 0.57739 0.0288281 0.0282862
0 0.0738696 0.344992 0.0297531 0.0287367
0 0.23466 0.151056 0.037882 0.0358167
0 0.377774 0.863967 0.0422532 0.0416351
0 0.914137 0.292942 0.0379696 0.0365831
0 0.714633 0.434904 0.0277619 0.0265566
0 0.271217 0.724474 0.0508912 0.0499434
0 0.503964 0.542094 0.0699322 0.0666088
0 0.213085 0.525763 0.0695 0.0693939
0 0.803006 0.800331 0.0303468 0.0302079
0 0.113678 0.446659 0.0291262 0.0279831
0 0.634293 0.473005 0.0470464 0.0453987
0 0.667431 0.00947306 0.0378158 0.0189098
0 0.928321 0.424372 0.0263713 0.0256265
0 0.883267 0.964149 0.0239234 0.0236723
0 0.848352 0.349919 0.0244224 0.0233529
0 0.28609 0.470178 0.0512462 0.0500042
0 0.962114 0.680313 0.022995 0.0226569
0 0.66686 0.0731302 0.0268504 0.0257149
0 0.276199 0.669826 0.0392937 0.0381737
0 0.455741 0.610992 0.039641 0.0380521
0 0.0131356 0.84445 0.0262712 0.0918403
0 0.314628 0.69675 0.0504809 0.0498555
0 0.184296 0.745946 0.0267321 0.0263817
0 0.367613 0.971199 0.0258883 0.0257702
0 0.170221 0.303064 0.0293571 0.0287663
0 0.461202 0.747818 0.031453 0.0307349
0 0.329739 0.845696 0.0646393 0.064095
0 0.139144 0.9143 0.100192 0.0974011
0 0.347907 0.678761 0.0340471 0.0335813
0 0.0831408 0.14802 0.0546021 0.0533491
0 0.558509 0.852789 0.0445893 0.0437638
0 0.0332812 0.888978 0.0267852 0.0265382
0 0.941725 0.892584 0.0231787 0.0228589
0 0.380544 0.264501 0.0560369 0.0542451
0 0.134191 0.304464 0.0256878 0.0246414
0 0.318516 0.270286 0.0272349 0.0260111
0 0.0138818 0.727053 0.0276011 0.0274866
0 0.273626 0.510356 0.0411828 0.0400486
0 0.102956 0.86353 0.0782594 0.0777512
0 0.0327642 0.659525 0.0319697 0.0313745
0 0.12645 0.0156996 0.0249587 0.0241954
0 0.788621 0.886533 0.376357 0.223697
0 0.566355 0.748929 0.0636381 0.0636306
0 0.591689 0.87122 0.0234141 0.0233281
0 0.898282 0.774474 0.0385934 0.038452
0 0.960648 0.109578 0.0314584 0.0308297
0 0.864731 0.252244 0.0434577 0.0410633
0 0.444471 0.565884 0.0323065 0.031154
0 0.566641 0.709906 0.0283425 0.0280201
0 0.100816 0.542254 0.0235898 0.0231134
0 0.0523621 0.408407 0.0224298 0.0223308
0 0.85411 0.52524 0.0235939 0.0233188
0 0.0932201 0.749275 0.0335721 0.0324461
0 0.087782 0.0342343 0.0259065 0.0252855
0 0.951103 0.145443 0.0750653 0.0745128
0 0.519338 0.955799 0.0300603 0.0300339
0 0.645747 0.786374 0.0901484 0.0884998
0 0.497216 0.265252 0.0337427 0.0324234
0 0.430772 0.792292 0.0262608 0.0256919
0 0.967775 0.735195 0.028874 0.027775
0 0.308666 0.814545 0.0394058 0.0396729
0 0.0521777 0.958827 0.0380908 0.0375201
0 0.444756 0.462887 0.14987 0.138729
0 0.219684 0.194901 0.0226253 0.02245
0 0.928427 0.33217 0.03389 0.0323998
0 0.226007 0.720844 0.0281083 0.0273929
0 0.508969 0.720932 0.0252113 0.0250662
0 0.247179 0.988199 0.0609378 0.0236017
0 0.187792 0.292993 0.335815 0.303439
