0 0.345078 0.322741 0.0616624 0.0500339
0 0.0883084 0.53554 0.088524 0.0713229
0 0.137007 0.31883 0.0713179 0.0597295
0 0.492303 0.795576 0.0699657 0.0553432
0 0.282166 0.761786 0.0513934 0.0423111
0 0.159893 0.838072 0.0757748 0.0572033
0 0.648973 0.678607 0.0591222 0.047009
0 0.455185 0.697035 0.0668565 0.0541871
0 0.225469 0.246025 0.0675318 0.0546652
0 0.678355 0.163801 0.0520213 0.0421762
0 0.162945 0.413801 0.0576952 0.0461878
0 0.412847 0.703549 0.045149 0.0365117
0 0.490467 0.242899 0.0329129 0.0273023
0 0.577069 0.0745437 0.037462 0.0301294
0 0.826966 0.93897 0.0438671 0.0353493
0 0.516534 0.325521 0.110884 0.0908033
0 0.726036 0.39226 0.0506012 0.0410657
0 0.107859 0.483772 0.104924 0.0827061
0 0.233664 0.730886 0.0414595 0.0329647
0 0.0795104 0.0167599 0.0481876 0.0335198
0 0.278143 0.981025 0.0457456 0.0354432
0 0.364041 0.283336 0.0407971 0.0334554
0 0.896488 0.228099 0.035044 0.0280071
0 0.0566707 0.0631526 0.0418162 0.0349168
0 0.40361 0.66639 0.0384289 0.0312045
0 0.49526 0.960754 0.047963 0.038983
0 0.72826 0.913334 0.538522 0.173171
0 0.237793 0.47806 0.0329694 0.0260877
0 0.871172 0.802031 0.0329584 0.0266278
0 0.825251 0.520156 0.0755938 0.0596771
0 0.911569 0.796212 0.0397453 0.0323256
0 0.589145 0.297781 0.0377319 0.0326999
0 0.704109 0.430502 0.0710614 0.0563882
0 0.980545 0.332496 0.0356547 0.0283866
0 0.437568 0.123333 0.575346 0.246666
0 0.741941 0.0186501 0.0636018 0.0373002
0 0.88103 0.830122 0.0424004 0.0343092
0 0.62093 0.503311 0.0715902 0.0553658
0 0.780275 0.562265 0.0751977 0.0603494
0 0.766822 0.819212 0.0291619 0.023631
0 0.947201 0.932661 0.029121 0.0243187
0 0.540668 0.510303 0.101242 0.0799657
0 0.848902 0.478092 0.0400595 0.0328439
0 0.894559 0.599113 0.0294621 0.0240163
0 0.921782 0.751561 0.0653981 0.0516044
0 0.980941 0.687849 0.0306489 0.025095
0 0.0570925 0.468974 0.0262282 0.0219685
0 0.884799 0.566261 0.0733632 0.0594003
0 0.364923 0.88747 0.0293445 0.0229641
0 0.861418 0.671272 0.0264608 0.0218043
0 0.315258 0.860547 0.0303171 0.023911
0 0.634325 0.851944 0.0292964 0.0241713
