0 0.161213 0.875231 0.202536 0.161963
0 0.650862 0.707181 0.0803936 0.064921
0 0.975989 0.410422 0.047999 0.0711339
0 0.416301 0.805101 0.0660134 0.0529051
0 0.478141 0.309035 0.0456334 0.0365694
0 0.902324 0.568545 0.0387699 0.0321136
0 0.239187 0.3166 0.0964392 0.0776767
0 0.378289 0.128109 0.0406656 0.0316522
0 0.770062 0.486058 0.0284104 0.0242686
0 0.430873 0.137786 0.0349182 0.0278881
0 0.53692 0.661454 0.0415761 0.0329182
0 0.695896 0.404758 0.037237 0.0304102
0 0.555913 0.904842 0.0452232 0.0349529
0 0.6118 0.754495 0.0748107 0.0625868
0 0.402877 0.581408 0.0551702 0.044475
0 0.0463675 0.489841 0.0527053 0.0410354
0 0.74383 0.654635 0.0400872 0.031806
0 0.535034 0.722537 0.0746763 0.0569919
0 0.136781 0.193703 0.265184 0.200215
0 0.961419 0.866869 0.0771616 0.146592
0 0.870618 0.829596 0.0322022 0.0259806
0 0.6505 0.782477 0.0363388 0.0291856
0 0.448487 0.705154 0.0334105 0.0262371
0 0.326162 0.996592 0.0317024 0.00681629
0 0.370722 0.548296 0.0411168 0.0322347
0 0.938677 0.802796 0.0884164 0.0735127
0 0.523234 0.901326 0.044429 0.0340453
0 0.319359 0.458908 0.028551 0.022343
0 0.586299 0.830803 0.0327615 0.0265503
0 0.239986 0.127064 0.0387804 0.0294294
0 0.722982 0.630679 0.0354331 0.0283434
0 0.712255 0.865188 0.0278358 0.0224617
0 0.765936 0.565482 0.0254345 0.0220421
0 0.708981 0.973564 0.402804 0.0528716
0 0.827983 0.846639 0.028926 0.0237568
0 0.31414 0.362538 0.0991204 0.0764728
0 0.98119 0.0998359 0.0376204 0.0609103
0 0.0200119 0.574613 0.0400239 0.0548199
0 0.505204 0.239609 0.0470489 0.03717
