0 0.225385 0.840319 0.0653296 0.0637131
0 0.0207597 0.491444 0.0415194 0.0703601
0 0.54688 0.837017 0.0869417 0.0849261
0 0.488735 0.647036 0.0754397 0.0737624
0 0.369936 0.0118721 0.0445551 0.0237423
0 0.303685 0.615492 0.0607878 0.0587094
0 0.499328 0.908241 0.0451174 0.0436974
0 0.751226 0.56709 0.0489364 0.0481539
0 0.268467 0.109612 0.0307625 0.0301229
0 0.622368 0.364193 0.0336396 0.032634
0 0.975147 0.551038 0.0358316 0.035074
0 0.841191 0.826151 0.0290721 0.0289335
0 0.376434 0.838602 0.0348892 0.0341434
0 0.132351 0.632447 0.030312 0.029378
0 0.800602 0.885991 0.0301435 0.0291513
0 0.701155 0.986781 0.0439146 0.0264357
0 0.241712 0.270419 0.0484567 0.0472508
0 0.847058 0.74285 0.0249701 0.0242395
0 0.227717 0.184734 0.0374792 0.0368194
0 0.0653218 0.823074 0.0276233 0.0272072
0 0.710306 0.804623 0.0288589 0.0280553
0 0.362689 0.871769 0.0424539 0.0413645
0 0.878162 0.0994052 0.0241259 0.0234534
0 0.672031 0.738167 0.0433237 0.0419341
0 0.266729 0.552401 0.0554797 0.0532792
0 0.147823 0.0952791 0.0394212 0.0383395
0 0.224438 0.387845 0.0300789 0.0292177
0 0.969698 0.869943 0.0259748 0.0253781
0 0.131737 0.671253 0.0282433 0.0271887
0 0.237123 0.733241 0.0452564 0.0433805
0 0.917495 0.086104 0.0483272 0.0470794
0 0.0657388 0.560026 0.0273087 0.0264397
0 0.328037 0.890168 0.0400759 0.0391294
0 0.65397 0.761329 0.0357041 0.0347884
0 0.116557 0.175561 0.0430738 0.0430336
0 0.325982 0.919819 0.0455213 0.044956
0 0.526935 0.702589 0.0294456 0.0288739
0 0.310342 0.148686 0.0277762 0.0274551
0 0.277531 0.242851 0.0351781 0.0347796
0 0.299119 0.793955 0.0328519 0.0316195
0 0.161788 0.497456 0.0357424 0.0352769
0 0.147996 0.586642 0.0286877 0.0278454
0 0.954954 0.365514 0.0246024 0.0237756
0 0.856654 0.455298 0.0298498 0.0294975
0 0.446043 0.745188 0.0247953 0.0241363
0 0.132823 0.153214 0.0499496 0.0500495
0 0.263915 0.402136 0.0478708 0.0472962
0 0.589094 0.0311784 0.0230424 0.0227249
0 0.778747 0.541214 0.031336 0.030669
0 0.330486 0.552083 0.0380984 0.0374372
0 0.170037 0.717983 0.026192 0.0254856
0 0.48489 0.430814 0.0237617 0.0235361
0 0.0743705 0.892488 0.027932 0.0284003
0 0.310457 0.183418 0.0247492 0.024387
0 0.0734557 0.45533 0.0299521 0.0296067
0 0.213502 0.112781 0.0839313 0.082982
0 0.593513 0.96257 0.0277023 0.027105
0 0.0842387 0.116324 0.0313128 0.0306776
0 0.284069 0.683133 0.0717803 0.0694864
0 0.302875 0.579092 0.0368085 0.0361524
0 0.287272 0.832049 0.0475234 0.0455435
