0 0.251822 0.0240324 0.0504901 0.047867
0 0.52993 0.478151 0.0345488 0.0334546
0 0.708414 0.209431 0.0319215 0.0313781
0 0.0941585 0.101741 0.0356826 0.0347597
0 0.617313 0.418722 0.0300654 0.0289371
0 0.514636 0.39594 0.0416685 0.0400868
0 0.601466 0.440502 0.0276105 0.0265908
0 0.565176 0.358677 0.0302055 0.0292561
0 0.990709 0.148563 0.0185709 0.0692958
0 0.552694 0.557437 0.0777674 0.0729809
0 0.154993 0.656346 0.0314381 0.0308813
0 0.792851 0.0100169 0.0371181 0.0199722
0 0.966273 0.220755 0.0307808 0.0301403
0 0.108505 0.120732 0.0280103 0.027097
0 0.196523 0.5057 0.0494517 0.0491894
0 0.199706 0.477261 0.0380092 0.0375453
0 0.803785 0.195281 0.0259762 0.0250919
0 0.388061 0.610382 0.031177 0.0302007
0 0.630339 0.358358 0.0246005 0.0235829
0 0.493412 0.757296 0.0274777 0.0265868
0 0.308697 0.0213322 0.0617387 0.0425169
0 0.14788 0.0593285 0.0367753 0.0359809
0 0.180096 0.840872 0.0452015 0.0438058
0 0.0713244 0.122257 0.0282566 0.0274078
0 0.00701238 0.736553 0.0140248 0.0374682
0 0.144091 0.590945 0.0469139 0.0455234
0 0.379308 0.456885 0.0259758 0.0252166
0 0.584683 0.280795 0.034116 0.0331777
0 0.267013 0.135535 0.0302476 0.0298783
0 0.752733 0.151025 0.0230107 0.0225976
0 0.0895487 0.422481 0.026135 0.0259976
0 0.480455 0.331867 0.0260403 0.0255263
0 0.00847625 0.288331 0.0169525 0.0425714
0 0.788125 0.135819 0.0303758 0.0296943
0 0.216551 0.366345 0.027978 0.027555
0 0.0278123 0.418195 0.0238592 0.0236404
0 0.971529 0.430385 0.0231955 0.0226007
0 0.705866 0.687222 0.0295168 0.0290277
0 0.995539 0.323843 0.00892201 0.0519578
0 0.0182774 0.502127 0.0365548 0.0710315
0 0.153353 0.505009 0.0321001 0.0310645
0 0.894448 0.25076 0.0261434 0.0256994
0 0.0706781 0.683856 0.0442175 0.0423722
0 0.20723 0.797263 0.0372531 0.0363069
0 0.897268 0.011368 0.102291 0.0226514
0 0.0502114 0.127963 0.0245639 0.0242701
0 0.591771 0.396245 0.0231253 0.0223621
