0 0.710685 0.387984 0.304778 0.296181
0 0.326306 0.129509 0.370468 0.257918
0 0.937659 0.924991 0.115804 0.106601
0 0.110399 0.746797 0.219373 0.245041
0 0.484538 0.196723 0.0631356 0.0581599
0 0.350697 0.73987 0.0924956 0.0852506
0 0.979655 0.792181 0.0406182 0.0462115
0 0.190867 0.223931 0.0823507 0.0768332
0 0.5316 0.924666 0.0906573 0.0831751
0 0.864224 0.865095 0.0862535 0.0780914
0 0.381607 0.337538 0.177612 0.172567
0 0.78985 0.882832 0.0542247 0.0496128
0 0.539715 0.11901 0.0651368 0.0598241
0 0.431144 0.736755 0.0518433 0.0479391
0 0.215432 0.490031 0.0374646 0.0343153
0 0.434424 0.339978 0.0551181 0.0507257
0 0.099158 0.117695 0.0551668 0.0516963
0 0.589062 0.558288 0.0333813 0.030647
0 0.310853 0.985526 0.0296062 0.0272153
0 0.922563 0.596191 0.0813971 0.0734277
0 0.568076 0.794364 0.0383792 0.0349266
0 0.265268 0.0832905 0.025689 0.0246132
0 0.634694 0.686731 0.0303826 0.027988
0 0.290768 0.657575 0.0352818 0.0316647
0 0.0423925 0.0360944 0.0322742 0.0312371
0 0.539947 0.819022 0.0329177 0.0300694
0 0.569127 0.455477 0.0393154 0.0370409
0 0.591565 0.625697 0.0340796 0.030771
0 0.327076 0.457486 0.0448437 0.0409441
0 0.684759 0.622747 0.037301 0.0348058
0 0.0438569 0.612904 0.0484463 0.0445174
0 0.349631 0.437736 0.0361376 0.0350259
0 0.230538 0.801174 0.0453775 0.042588
0 0.0552279 0.0695447 0.0382174 0.0364158
0 0.552466 0.48188 0.0286722 0.0269057
0 0.534388 0.774312 0.0253832 0.0232036
0 0.362869 0.787263 0.0282645 0.0259723
0 0.0245741 0.204009 0.0252364 0.0243541
0 0.586132 0.320829 0.0276405 0.0261009
0 0.818718 0.816855 0.0337763 0.0306275
0 0.455028 0.708951 0.0409819 0.0379927
0 0.587479 0.726963 0.0708793 0.0646334
0 0.728864 0.680758 0.0604633 0.0560421
0 0.25673 0.861177 0.0377853 0.0346266
0 0.842444 0.249668 0.0624418 0.0583335
0 0.0235903 0.259606 0.0466293 0.0481363
0 0.400721 0.114885 0.0465206 0.043542
0 0.261526 0.789124 0.0299265 0.0282865
0 0.0750641 0.0264774 0.029953 0.028791
0 0.910162 0.190128 0.0249786 0.0239942
0 0.0565592 0.178892 0.032618 0.0306921
0 0.991071 0.834886 0.01784 0.0596502
0 0.904601 0.720276 0.0243654 0.0230894
0 0.182996 0.574607 0.0282547 0.0254433
0 0.377155 0.515444 0.0361041 0.0334574
0 0.269132 0.0058753 0.0218194 0.0116859
0 0.0754002 0.0976323 0.0268889 0.0254102
0 0.166434 0.52489 0.0264848 0.024183
0 0.17199 0.664893 0.046671 0.0415902
0 0.620217 0.0418733 0.0269814 0.0252194
0 0.986575 0.612116 0.0266657 0.0318856
0 0.474136 0.892821 0.0403714 0.036725
0 0.650916 0.0434838 0.0303614 0.0273474
0 0.133772 0.982573 0.0558524 0.0348532
0 0.805339 0.910926 0.0244412 0.0229418
0 0.968216 0.623906 0.0352781 0.0317977
0 0.283739 0.621602 0.0315073 0.0281582
0 0.376697 0.0303332 0.0264635 0.0255822
0 0.502213 0.323253 0.100577 0.0945891
0 0.542744 0.972467 0.120965 0.0550657
0 0.154411 0.587128 0.0317839 0.0291378
0 0.402912 0.690024 0.0671695 0.0632464
0 0.745429 0.691664 0.0984051 0.0870245
0 0.572288 0.837746 0.0390358 0.0356278
0 0.794078 0.604964 0.0418937 0.0386942
0 0.112147 0.612592 0.0316123 0.0292802
0 0.466733 0.791845 0.0256591 0.0239863
0 0.447435 0.922212 0.0234319 0.0227497
0 0.201539 0.56397 0.0270901 0.0249209
0 0.700252 0.0689681 0.0290432 0.0257873
0 0.548661 0.879203 0.0368252 0.0343367
0 0.869176 0.640096 0.0245066 0.0231083
0 0.593065 0.862512 0.0380551 0.0347946
0 0.964994 0.305988 0.0698786 0.0875342
0 0.745845 0.748708 0.0409117 0.0368166
0 0.511298 0.855262 0.0542535 0.0496973
0 0.498649 0.785379 0.0343541 0.031465
0 0.363579 0.483642 0.0315504 0.0290823
0 0.478651 0.82858 0.0345166 0.0327046
0 0.58503 0.60153 0.0236983 0.0227566
0 0.10711 0.27244 0.0264619 0.0250416
0 0.933224 0.546214 0.0297234 0.0272861
0 0.529247 0.0635381 0.0385307 0.0355626
