0 0.271198 0.713886 0.133696 0.127065
0 0.564386 0.171406 0.118781 0.116957
0 0.857249 0.204503 0.0554681 0.0563106
0 0.118749 0.570324 0.233606 0.387362
0 0.411656 0.447268 0.0432076 0.0426618
0 0.520783 0.392892 0.115791 0.11308
0 0.974149 0.906022 0.0440375 0.0431551
0 0.167287 0.113802 0.0539262 0.0525605
0 0.296569 0.129599 0.061324 0.0602616
0 0.694907 0.169624 0.0432045 0.042014
0 0.940399 0.882621 0.0492834 0.0486798
0 0.513398 0.0878147 0.0365902 0.0363635
0 0.550656 0.358843 0.0759017 0.0732896
0 0.644845 0.260419 0.0497675 0.048098
0 0.123828 0.352708 0.0335611 0.0330669
0 0.363278 0.0293314 0.0334851 0.033169
0 0.550501 0.492565 0.0330937 0.0325589
0 0.813407 0.713381 0.0320463 0.0306098
0 0.396133 0.661102 0.0484486 0.0473306
0 0.0115007 0.234147 0.0229365 0.0306352
0 0.920649 0.816556 0.0442386 0.0429878
0 0.408504 0.0120142 0.0426631 0.0240281
0 0.866569 0.717667 0.0376657 0.0359523
0 0.81709 0.671836 0.0419635 0.0406578
0 0.40732 0.221899 0.0275655 0.0271585
0 0.0505801 0.326549 0.0787688 0.0770411
0 0.598161 0.449645 0.0305561 0.0292625
0 0.825552 0.794363 0.0411663 0.0398273
0 0.460519 0.980227 0.0294517 0.0279699
0 0.892717 0.0183463 0.030447 0.0305183
0 0.195451 0.435123 0.0474529 0.0466971
0 0.319914 0.636546 0.072913 0.070267
0 0.157209 0.31673 0.0277332 0.0271307
0 0.730022 0.329867 0.0267571 0.026606
0 0.632398 0.974383 0.0812832 0.0509968
0 0.598593 0.111057 0.0313919 0.0309596
0 0.105207 0.145151 0.0907227 0.0869757
0 0.488542 0.341498 0.0317083 0.030758
0 0.930416 0.0968593 0.0302801 0.0295918
0 0.731714 0.975846 0.0322412 0.0311183
0 0.640604 0.713775 0.0283886 0.0274908
0 0.734968 0.0195826 0.152913 0.0391652
0 0.409927 0.191727 0.0363229 0.0357037
0 0.423271 0.160067 0.0259056 0.0257674
0 0.229794 0.464601 0.028411 0.0275846
0 0.93576 0.971797 0.0334787 0.0323391
0 0.238933 0.338339 0.0243717 0.0238785
0 0.902597 0.487292 0.0248419 0.0245466
0 0.805177 0.739272 0.0239158 0.0232511
0 0.675498 0.709049 0.0322533 0.0312147
0 0.278984 0.153506 0.0241718 0.0236014
0 0.587593 0.0321063 0.0435867 0.0434688
0 0.859272 0.851274 0.0342733 0.0337381
0 0.798424 0.535873 0.0237472 0.0232322
0 0.66095 0.742112 0.0275957 0.0267945
0 0.391137 0.550135 0.0237723 0.0232933
0 0.28345 0.728446 0.0230768 0.0223813
0 0.0792541 0.440018 0.0382286 0.0369255
0 0.966925 0.0376701 0.0268623 0.0267148
0 0.346539 0.924365 0.0579215 0.0538619
0 0.906598 0.891649 0.0245851 0.0247192
0 0.392946 0.821422 0.079059 0.0742838
0 0.969477 0.327984 0.0232878 0.0232012
0 0.240817 0.0782157 0.0275634 0.0272258
0 0.743228 0.100182 0.132868 0.127712
0 0.74733 0.724973 0.0284131 0.0282087
0 0.693503 0.544384 0.0227642 0.0224273
0 0.344112 0.773254 0.0571723 0.0534698
0 0.206054 0.0663266 0.0230543 0.0228776
0 0.360588 0.853478 0.0283167 0.0261295
0 0.209689 0.890021 0.0459243 0.0434542
0 0.689152 0.926369 0.0231517 0.0229848
0 0.822019 0.840274 0.0394492 0.0381756
0 0.770204 0.98336 0.0322556 0.0309069
0 0.885547 0.124827 0.0271659 0.0269466
0 0.0932262 0.896654 0.0427981 0.0401243
0 0.84099 0.993575 0.0254313 0.0128496
0 0.79977 0.13513 0.0215923 0.0215026
0 0.791962 0.891996 0.0314498 0.0300614
0 0.913749 0.00446956 0.0228933 0.00890712
0 0.468671 0.00557179 0.0219865 0.0110361
0 0.524179 0.795702 0.0305514 0.028595
0 0.636149 0.835539 0.0367734 0.0357038
0 0.151907 0.91044 0.0239471 0.0232606
0 0.573153 0.062778 0.0219996 0.0215621
