0 0.464437 0.024341 0.0642557 0.0486013
0 0.946568 0.395015 0.0444489 0.0430101
0 0.164992 0.294891 0.0607455 0.0598603
0 0.764438 0.690863 0.0395019 0.0387132
0 0.65751 0.192065 0.0658233 0.0646655
0 0.487249 0.249351 0.050727 0.049319
0 0.870332 0.408466 0.0325475 0.031781
0 0.912803 0.822024 0.0323886 0.0316728
0 0.754664 0.427624 0.0325282 0.0316626
0 0.373503 0.109465 0.0793167 0.0787495
0 0.813751 0.131012 0.0278717 0.0273497
0 0.282675 0.0120297 0.0997816 0.023969
0 0.552295 0.122019 0.104698 0.102425
0 0.0177075 0.515801 0.0353914 0.0396624
0 0.0163944 0.865674 0.0277204 0.0269856
0 0.867616 0.846204 0.0473583 0.0462627
0 0.221826 0.480404 0.107932 0.105583
0 0.357355 0.484033 0.0240894 0.0237732
0 0.953126 0.493509 0.0393998 0.0395515
0 0.210501 0.14907 0.416384 0.296006
0 0.318154 0.474123 0.0883759 0.0862721
0 0.912043 0.476566 0.0269375 0.0261602
0 0.853476 0.806919 0.042695 0.042996
0 0.782009 0.403868 0.0244002 0.0236912
0 0.572333 0.749087 0.0364993 0.035759
0 0.62336 0.130749 0.0415001 0.0410837
0 0.102318 0.29201 0.0273799 0.0268386
0 0.796115 0.726569 0.0624397 0.061132
0 0.28103 0.357548 0.0226087 0.0222134
0 0.140332 0.356349 0.104108 0.0998457
0 0.197757 0.908367 0.0633812 0.0609316
0 0.618562 0.0430428 0.0738149 0.0734993
0 0.324929 0.354026 0.0250175 0.0251206
0 0.414408 0.0548182 0.058504 0.0571882
0 0.866264 0.156326 0.0545796 0.0538493
