0 0.207226 0.91638 0.19991 0.160572
0 0.35578 0.443645 0.0661407 0.0580986
0 0.526226 0.801974 0.0612003 0.0500696
0 0.267607 0.141431 0.190322 0.170444
0 0.776553 0.707818 0.050141 0.0416789
0 0.139629 0.042637 0.0419799 0.0381206
0 0.677997 0.702083 0.0377637 0.0313971
0 0.700463 0.0717224 0.234271 0.143156
0 0.723516 0.176515 0.130096 0.110305
0 0.118608 0.177296 0.0372147 0.0324517
0 0.145423 0.42728 0.174529 0.153813
0 0.064432 0.282787 0.0265102 0.0231564
0 0.87616 0.0860338 0.100444 0.0903914
0 0.729346 0.373997 0.255024 0.202382
0 0.689555 0.933701 0.0497655 0.0400826
0 0.622848 0.489845 0.0596614 0.051783
0 0.119697 0.553368 0.0336014 0.0294359
0 0.603653 0.706139 0.0281947 0.0243287
0 0.0237182 0.0277821 0.0248546 0.0219685
