0 0.0228092 0.458981 0.0455504 0.108763
0 0.6731 0.650511 0.0328609 0.0318048
0 0.139978 0.45145 0.0261879 0.0251584
0 0.270293 0.0598359 0.0347059 0.0337088
0 0.934093 0.665001 0.0288655 0.0270479
0 0.470887 0.929034 0.0262383 0.0255385
0 0.144658 0.875231 0.0266409 0.0256429
0 0.95213 0.642769 0.0235202 0.0226536
0 0.019936 0.871787 0.0299583 0.0285354
0 0.93609 0.631134 0.0234776 0.0226788
0 0.226491 0.128616 0.0499332 0.0477145
0 0.181307 0.0234966 0.0391326 0.038023
0 0.58441 0.604804 0.0230474 0.0218908
0 0.329014 0.128911 0.0240557 0.0233372
0 0.337207 0.098856 0.0302669 0.0293918
0 0.453321 0.0836622 0.0356869 0.0340034
0 0.0762981 0.79032 0.0245961 0.0240247
0 0.0601856 0.90756 0.0247143 0.0240331
0 0.775275 0.598305 0.0222352 0.0215149
0 0.0535543 0.830506 0.0245308 0.0237522
0 0.804036 0.657541 0.0225956 0.0216579
0 0.414725 0.0844998 0.0338724 0.0324462
