0 0.766231 0.582241 0.103358 0.0968262
0 0.707661 0.885424 0.0765529 0.0717277
0 0.217934 0.133968 0.0481963 0.0454739
0 0.283239 0.924518 0.0660018 0.0625089
0 0.293808 0.0475998 0.0475917 0.0449373
0 0.906152 0.670191 0.0545764 0.0529227
0 0.0675691 0.567972 0.0446652 0.0407686
0 0.713405 0.0476771 0.0504066 0.0453543
0 0.165587 0.0280009 0.05179 0.0493076
0 0.268562 0.888596 0.0434933 0.0407926
0 0.845857 0.63959 0.0833036 0.0801276
0 0.651063 0.459001 0.043391 0.0424266
0 0.761658 0.628721 0.0506643 0.0490439
0 0.4159 0.572437 0.0518367 0.0495227
0 0.142657 0.436031 0.0294243 0.0271432
0 0.476315 0.558508 0.0372343 0.0362008
0 0.173398 0.805889 0.0298233 0.0273235
0 0.873833 0.106074 0.0761477 0.0702587
0 0.379026 0.609647 0.0308568 0.0294032
0 0.152448 0.960387 0.0470078 0.04436
0 0.26638 0.642706 0.028156 0.026117
0 0.686881 0.0845346 0.0502827 0.0450566
0 0.204751 0.527166 0.0337368 0.0312234
0 0.557245 0.967494 0.0345081 0.0336625
0 0.596005 0.961547 0.0396693 0.0378262
0 0.122026 0.107084 0.0300991 0.0285707
0 0.252551 0.866718 0.0261607 0.0239147
0 0.166821 0.381633 0.0255543 0.0239606
0 0.96899 0.819974 0.0371328 0.0355641
0 0.364154 0.0509257 0.0897066 0.0874294
0 0.916706 0.0537957 0.0357171 0.0334814
0 0.146599 0.119427 0.0262223 0.0243577
0 0.435974 0.603515 0.0464288 0.0444574
0 0.965075 0.488281 0.0538732 0.0514064
0 0.943462 0.345513 0.0775062 0.0723604
0 0.470354 0.670253 0.035093 0.0336496
0 0.896721 0.992085 0.0344853 0.0158299
0 0.268184 0.297451 0.0258336 0.0247573
0 0.932146 0.253268 0.110545 0.104754
0 0.56279 0.0897925 0.0616546 0.0567005
0 0.258122 0.744848 0.0262291 0.0238538
0 0.0459427 0.393077 0.0249328 0.0227106
0 0.598689 0.982112 0.0518954 0.035777
0 0.666057 0.255991 0.0398374 0.0362054
0 0.227083 0.764169 0.028533 0.0266261
0 0.495469 0.874859 0.0375205 0.0359421
0 0.504924 0.0248746 0.0464746 0.0429199
0 0.647196 0.659956 0.0240519 0.0227586
0 0.748814 0.853164 0.0236433 0.0226514
0 0.395012 0.654937 0.0315315 0.0288997
0 0.0965204 0.4406 0.0240114 0.0230636
0 0.38355 0.679244 0.026977 0.0251727
0 0.151236 0.0775659 0.0251117 0.0237045
0 0.992637 0.957671 0.0147252 0.0515531
0 0.0686978 0.185783 0.0253683 0.023298
0 0.239802 0.014488 0.0396418 0.028976
0 0.901979 0.454106 0.0501074 0.0477289
0 0.745107 0.736702 0.0473659 0.0454781
0 0.646862 0.531 0.0770421 0.0736203
0 0.0484079 0.706869 0.0273469 0.0253072
0 0.910138 0.810526 0.0285764 0.0277944
0 0.99052 0.427248 0.018961 0.0537064
0 0.281988 0.745834 0.0234088 0.0221306
0 0.810115 0.993228 0.0476776 0.0135433
0 0.44803 0.645723 0.0311937 0.0295882
0 0.101878 0.237151 0.0265502 0.0246284
0 0.480084 0.584607 0.0269296 0.0259566
0 0.919596 0.932763 0.0258368 0.0248227
0 0.140277 0.989517 0.0524189 0.0209657
0 0.348084 0.750237 0.0242481 0.0233648
0 0.52123 0.922704 0.0390234 0.036866
0 0.417369 0.0323492 0.0295585 0.0282579
0 0.89696 0.478033 0.0712473 0.0672505
0 0.610606 0.371216 0.0269251 0.0258289
