0 0.694593 0.225562 0.267076 0.267947
0 0.875927 0.534247 0.0838418 0.0825476
0 0.673949 0.932492 0.0770314 0.0766356
0 0.663358 0.321405 0.0783844 0.075106
0 0.778065 0.798549 0.0554777 0.0541374
0 0.597572 0.500527 0.0699455 0.0672508
0 0.341196 0.633068 0.0513144 0.0503204
0 0.172538 0.289875 0.345075 0.410546
0 0.682457 0.85482 0.0450487 0.0446544
0 0.689574 0.558452 0.0427306 0.041878
0 0.380401 0.137049 0.0806119 0.0771989
0 0.786895 0.475359 0.050142 0.0490601
0 0.830191 0.141073 0.0453916 0.043531
0 0.536972 0.107003 0.151239 0.149751
0 0.946216 0.794614 0.0663228 0.0657148
0 0.789667 0.904202 0.0409433 0.0394103
0 0.0837766 0.286085 0.0403495 0.0373793
0 0.805054 0.712247 0.0617199 0.0609392
0 0.887732 0.240562 0.0342801 0.0335176
0 0.642714 0.773958 0.0865529 0.0851966
0 0.945838 0.188364 0.0392738 0.0380696
0 0.813915 0.760432 0.03621 0.0353713
0 0.415765 0.146337 0.0339462 0.0333646
0 0.890024 0.875666 0.0466633 0.0441909
0 0.515392 0.4287 0.0279832 0.0278414
0 0.440613 0.234489 0.0348086 0.0346825
0 0.845618 0.682728 0.0457034 0.0444314
0 0.565134 0.615345 0.0368876 0.0360541
0 0.855213 0.965032 0.0372369 0.0359888
0 0.368882 0.496632 0.0299606 0.0298555
0 0.180809 0.806663 0.359034 0.386673
0 0.646347 0.616906 0.0357641 0.0349383
0 0.656501 0.571224 0.0304864 0.0300995
0 0.785632 0.0129525 0.0287638 0.0259049
0 0.353478 0.335945 0.0384071 0.0383514
0 0.328182 0.157492 0.0448039 0.0432923
0 0.956675 0.532302 0.0285621 0.0277998
0 0.983108 0.866163 0.0337834 0.0694187
0 0.0983328 0.608655 0.196412 0.278908
0 0.730754 0.292094 0.0353661 0.0342971
0 0.793344 0.946803 0.0303895 0.0293234
0 0.540226 0.518207 0.0295922 0.0292909
0 0.709044 0.0301411 0.0240302 0.0237439
0 0.448854 0.474829 0.0326807 0.0323329
0 0.621614 0.581478 0.0345381 0.0343602
0 0.459484 0.177792 0.0912053 0.0896513
0 0.459378 0.746613 0.0279687 0.0271358
0 0.188919 0.0673248 0.0287706 0.0278464
0 0.447207 0.497417 0.0305082 0.029786
0 0.498948 0.74823 0.0243545 0.0242906
0 0.72403 0.100059 0.0284777 0.0282342
0 0.245394 0.02354 0.0873988 0.0468613
0 0.321272 0.989502 0.0381675 0.0209963
0 0.74994 0.629529 0.0342741 0.0336564
0 0.460432 0.0350573 0.190573 0.069918
0 0.915909 0.942134 0.0295814 0.0282125
0 0.877602 0.0338142 0.0330892 0.0322509
0 0.628988 0.554737 0.0310528 0.0305591
0 0.743933 0.0434772 0.0233177 0.0230579
0 0.235189 0.494171 0.0284011 0.027817
0 0.970177 0.642786 0.0382421 0.0367138
0 0.950157 0.605722 0.0236626 0.0231807
0 0.150154 0.00644697 0.0327211 0.0128709
0 0.146725 0.217645 0.0324327 0.029497
0 0.940577 0.58353 0.0271779 0.0266546
0 0.371138 0.57954 0.0258737 0.0257611
0 0.966689 0.990721 0.0262827 0.0182508
0 0.358822 0.197435 0.0301641 0.0299075
0 0.414714 0.343651 0.025133 0.0252326
0 0.79805 0.871068 0.0246965 0.0242133
0 0.88823 0.82059 0.0284755 0.0274494
0 0.785534 0.849357 0.314909 0.301286
0 0.432034 0.73897 0.0271832 0.026901
0 0.681342 0.18137 0.0250626 0.0250542
0 0.730599 0.556849 0.0345533 0.0340272
0 0.568822 0.106646 0.0948526 0.0956964
0 0.964085 0.270511 0.0240364 0.0238924
0 0.982467 0.19347 0.0245934 0.0234787
0 0.374499 0.406354 0.0259276 0.0259776
0 0.561409 0.0274677 0.0238557 0.0237508
0 0.716042 0.749134 0.0342484 0.0335246
0 0.64288 0.761368 0.0250225 0.0251244
0 0.720609 0.695517 0.0365051 0.0359272
0 0.812648 0.584277 0.0406635 0.0400077
0 0.0307587 0.0612964 0.0394331 0.0375113
0 0.480785 0.82667 0.0252429 0.024985
0 0.915622 0.818002 0.0262386 0.0256755
0 0.0645814 0.51568 0.129163 0.146425
0 0.564865 0.333122 0.113829 0.109853
0 0.989091 0.549765 0.0217698 0.0241134
0 0.693439 0.0933602 0.022332 0.0221255
0 0.518977 0.929098 0.0262427 0.0254793
0 0.885491 0.28557 0.0231817 0.0223123
