0 0.114285 0.186781 0.0514709 0.0484296
0 0.860804 0.922574 0.0363617 0.0342381
0 0.182147 0.118165 0.038 0.0359918
0 0.785668 0.976535 0.0559214 0.0469297
0 0.644577 0.41688 0.0431635 0.0416741
0 0.354074 0.249619 0.0493255 0.0466261
0 0.300729 0.0321926 0.0499862 0.0482
0 0.840535 0.793992 0.0333236 0.0326396
0 0.896113 0.139791 0.0291038 0.0282887
0 0.43677 0.472161 0.048595 0.0465565
0 0.313615 0.262119 0.0425482 0.0398762
0 0.610079 0.392462 0.036651 0.0351844
0 0.413307 0.408698 0.0440012 0.0423518
0 0.27735 0.720885 0.0411202 0.040115
0 0.35515 0.4757 0.0495397 0.0473652
0 0.254065 0.615098 0.0548838 0.0520207
0 0.659208 0.249149 0.0333915 0.0324947
0 0.642083 0.371429 0.0337145 0.0326445
0 0.994202 0.955025 0.0115969 0.0373713
0 0.0984491 0.15079 0.0299554 0.0283346
0 0.615201 0.456842 0.0326965 0.0313368
0 0.672292 0.582189 0.0333946 0.0326984
0 0.0567318 0.223903 0.0376989 0.0363249
0 0.510717 0.712132 0.0248391 0.0238807
0 0.711129 0.502447 0.0338725 0.0323134
0 0.116113 0.770121 0.029051 0.0278367
0 0.420281 0.759429 0.0303245 0.0293585
0 0.493837 0.421638 0.0322567 0.0309695
0 0.0745374 0.244064 0.0308572 0.0285521
0 0.783703 0.640129 0.0314013 0.030021
0 0.91062 0.784228 0.0279071 0.0269439
0 0.785598 0.41134 0.0241908 0.0230408
0 0.0958086 0.535372 0.0272298 0.0251617
0 0.954168 0.51639 0.0237492 0.0230796
0 0.099515 0.222895 0.0307785 0.0290362
0 0.398563 0.495572 0.0447526 0.0429745
0 0.838555 0.323547 0.0235056 0.0229118
0 0.815893 0.96114 0.0245363 0.0238562
0 0.254296 0.0619311 0.038944 0.0381
0 0.750345 0.464718 0.031174 0.0298393
0 0.0180931 0.352535 0.0361797 0.0426762
0 0.0346961 0.70094 0.0255549 0.0246101
0 0.807518 0.665189 0.0323413 0.0311379
0 0.730011 0.100153 0.0264592 0.0258109
0 0.31304 0.487846 0.0301734 0.0290226
0 0.609277 0.749964 0.0243267 0.0232049
0 0.638175 0.219047 0.0390401 0.0377642
0 0.159843 0.665306 0.0278735 0.0264034
0 0.407786 0.252271 0.0305496 0.0294492
0 0.00380785 0.860198 0.00761569 0.0296488
0 0.315221 0.457444 0.0345006 0.0324389
0 0.649489 0.182226 0.0329585 0.0324726
0 0.312761 0.17432 0.0262216 0.0256697
0 0.602791 0.00860215 0.036396 0.0170958
0 0.617523 0.259199 0.0289853 0.0281171
0 0.525666 0.149894 0.0332935 0.0315614
0 0.117344 0.877214 0.0289022 0.0273479
0 0.106307 0.302517 0.0237903 0.0226014
0 0.256921 0.684029 0.0317933 0.0313557
0 0.0892152 0.427866 0.0453979 0.0421418
0 0.576708 0.611626 0.023442 0.0224979
0 0.237422 0.0418629 0.0371326 0.0367296
0 0.306678 0.810096 0.0293144 0.0289998
0 0.869698 0.345019 0.024225 0.0237582
0 0.387262 0.885973 0.0318541 0.0302967
0 0.648582 0.270282 0.0289107 0.0293967
0 0.299101 0.744529 0.0339872 0.0329221
0 0.778266 0.552724 0.0251823 0.024702
0 0.160868 0.618807 0.0249991 0.0239289
0 0.287766 0.073153 0.0245807 0.0239789
0 0.162188 0.512792 0.0230032 0.0221823
0 0.866438 0.758507 0.0229626 0.0222017
0 0.153978 0.850185 0.028364 0.0274839
0 0.719838 0.547175 0.0254578 0.024491
0 0.627988 0.920342 0.0243163 0.0231562
0 0.972835 0.608134 0.0343652 0.0331446
0 0.86795 0.466421 0.0244474 0.0238873
0 0.0381405 0.381656 0.0368362 0.0335631
0 0.866483 0.321702 0.0299222 0.0292178
0 0.53592 0.474852 0.0262594 0.0257446
0 0.670594 0.21996 0.0273956 0.0272287
0 0.423104 0.871201 0.0242392 0.0232263
0 0.618154 0.323159 0.0230286 0.0224571
0 0.846674 0.349075 0.0241173 0.0234908
0 0.652067 0.534135 0.0257809 0.0248901
0 0.293552 0.408601 0.0514299 0.047265
0 0.257497 0.56154 0.0273269 0.0261793
0 0.392022 0.47141 0.0310419 0.0305256
0 0.0348768 0.103109 0.0230512 0.0223149
0 0.724753 0.522577 0.0254648 0.0248613
0 0.15675 0.700498 0.0252722 0.0246561
