0 0.531958 0.61617 0.0769846 0.0668774
0 0.311544 0.0124266 0.0608516 0.0248035
0 0.715425 0.012429 0.0306737 0.0247702
0 0.435174 0.919983 0.0378566 0.0320773
0 0.010806 0.437917 0.0214911 0.0707057
0 0.480768 0.22769 0.0313355 0.0275802
0 0.716965 0.0968106 0.0284188 0.0248811
0 0.415522 0.0948148 0.0315914 0.0288825
0 0.27911 0.348469 0.0260398 0.0239113
0 0.623708 0.0154423 0.0267956 0.0243109
0 0.442189 0.714615 0.0318553 0.0278767
0 0.534714 0.20022 0.0319502 0.027672
0 0.374938 0.89948 0.0252581 0.0222945
0 0.425571 0.574241 0.0275624 0.0241731
0 0.321425 0.0829746 0.0271543 0.0243448
0 0.521044 0.179245 0.0319388 0.0289703
0 0.609339 0.662618 0.0337675 0.030051
0 0.121951 0.403741 0.0324196 0.0289171
0 0.40943 0.977719 0.0493196 0.0420712
