0 0.6531 0.777211 0.486954 0.437588
0 0.438189 0.146891 0.0963805 0.0935076
0 0.294021 0.318662 0.0552874 0.0542475
0 0.0492423 0.121843 0.0984768 0.11608
0 0.246194 0.142823 0.0534834 0.0528899
0 0.643186 0.831795 0.0343766 0.0337675
0 0.909414 0.42792 0.0479705 0.0473145
0 0.420223 0.209606 0.0507522 0.0500285
0 0.944294 0.0414381 0.0980606 0.0828761
0 0.798919 0.324018 0.184034 0.181872
0 0.097009 0.711515 0.0341001 0.0326422
0 0.25006 0.208637 0.0627522 0.0607837
0 0.558148 0.0227181 0.0387983 0.0378256
0 0.794732 0.110047 0.0444276 0.0433677
0 0.865956 0.429701 0.0463204 0.0453638
0 0.953575 0.79841 0.0928495 0.103929
0 0.797942 0.465316 0.0397669 0.0390365
0 0.571704 0.103153 0.0341798 0.0336497
0 0.923043 0.370696 0.0447102 0.0428092
0 0.970155 0.917076 0.0386712 0.0377016
0 0.426125 0.331612 0.0494897 0.0478516
0 0.686627 0.150687 0.0398776 0.0387882
0 0.560862 0.260678 0.0420876 0.0416313
0 0.173234 0.169223 0.0405358 0.0397648
0 0.958339 0.442926 0.0680232 0.0676193
0 0.922522 0.204301 0.0403512 0.0395095
0 0.84971 0.622847 0.0585323 0.058567
0 0.647367 0.578868 0.035351 0.03445
0 0.369127 0.85602 0.0533197 0.0523755
0 0.329932 0.707732 0.0406171 0.0400096
0 0.032591 0.826676 0.0499588 0.0476262
0 0.761072 0.547886 0.0792427 0.0781165
0 0.0822873 0.257719 0.0375465 0.0364624
0 0.501995 0.951665 0.0422835 0.0415061
0 0.102656 0.988295 0.0304942 0.0233637
0 0.963324 0.0916905 0.0733511 0.113038
0 0.290439 0.984823 0.0591269 0.0302505
0 0.699989 0.619423 0.0375738 0.0359354
0 0.112468 0.166776 0.0418278 0.0415239
0 0.253413 0.457572 0.0368841 0.0362271
0 0.433504 0.555261 0.057622 0.0572502
0 0.584076 0.0392056 0.0310223 0.0303833
0 0.632388 0.186451 0.0385796 0.0374139
0 0.551615 0.342586 0.0303628 0.0301296
0 0.976147 0.285481 0.0262863 0.0264853
0 0.527936 0.530432 0.0347025 0.0337424
0 0.817028 0.595526 0.0315093 0.0308791
0 0.56862 0.565726 0.0342464 0.034577
0 0.013154 0.0524785 0.026308 0.0304456
0 0.380144 0.264394 0.0313375 0.0310073
0 0.262422 0.246956 0.0385361 0.0372295
0 0.231901 0.375839 0.0253785 0.0254924
0 0.398288 0.359162 0.0243989 0.0244205
0 0.649427 0.632635 0.0274978 0.0271115
0 0.313163 0.482995 0.0317361 0.0310529
0 0.884735 0.678115 0.0260563 0.0260447
0 0.337354 0.332299 0.0256797 0.0257656
0 0.158246 0.333242 0.0443275 0.0437567
0 0.880912 0.369996 0.0318939 0.0315
0 0.928583 0.0966048 0.0553191 0.0549768
0 0.753684 0.512209 0.0274131 0.0269935
0 0.747347 0.0649621 0.0251611 0.0246415
0 0.746061 0.0347684 0.0287763 0.0281256
0 0.25459 0.00949749 0.0262359 0.0188778
0 0.548009 0.38702 0.0936731 0.0926358
0 0.51316 0.41983 0.0352923 0.0342832
0 0.38721 0.0329187 0.0366313 0.0362382
0 0.535195 0.0861438 0.0236094 0.0227465
0 0.810347 0.244011 0.0435114 0.0419127
0 0.776315 0.0404469 0.0351818 0.0346803
0 0.848126 0.215539 0.0277384 0.0275475
0 0.42499 0.252359 0.0286243 0.0280091
0 0.422656 0.930179 0.232509 0.139643
0 0.589036 0.982305 0.11669 0.0353503
0 0.603553 0.396828 0.0245431 0.0243559
0 0.0162414 0.653611 0.0324662 0.0810628
0 0.034632 0.982864 0.0686001 0.0342721
0 0.387043 0.639059 0.0475273 0.0465685
0 0.495326 0.290083 0.0420288 0.0416129
0 0.198756 0.832034 0.0532404 0.0512812
0 0.0130784 0.212373 0.0259245 0.0307046
0 0.422443 0.962609 0.0237322 0.0233865
0 0.506855 0.258365 0.06505 0.0644385
0 0.807335 0.955143 0.0356286 0.034025
0 0.205635 0.118569 0.0400626 0.0388708
0 0.74577 0.636881 0.0690788 0.0656421
0 0.869638 0.0412552 0.0326962 0.0312684
0 0.607211 0.434995 0.0285303 0.027652
0 0.101745 0.898773 0.0231124 0.0225758
0 0.414366 0.423623 0.10199 0.0991119
0 0.433476 0.530349 0.0296535 0.0280852
0 0.803863 0.0499313 0.0249577 0.0250609
0 0.584004 0.525496 0.0384123 0.0372829
0 0.0449865 0.174111 0.0323325 0.0312654
0 0.528889 0.500078 0.0239584 0.0239745
0 0.132389 0.432008 0.025748 0.0248704
0 0.210611 0.257498 0.0260538 0.0261949
0 0.594588 0.983337 0.0812921 0.0333252
0 0.318579 0.403943 0.0255404 0.0252912
0 0.819717 0.0778435 0.0234895 0.0236411
0 0.0985255 0.0518924 0.02494 0.0244674
0 0.692816 0.0115082 0.0251567 0.0227562
0 0.650568 0.0755941 0.0255308 0.0255708
