0 0.461421 0.83563 0.303446 0.295764
0 0.440151 0.330246 0.052162 0.0518292
0 0.249828 0.911134 0.0519368 0.0503777
0 0.720625 0.355022 0.0414392 0.0404276
0 0.460311 0.203261 0.04228 0.0413714
0 0.242124 0.296852 0.0396876 0.0386225
0 0.379917 0.0530824 0.0411634 0.0406453
0 0.737996 0.840622 0.0417528 0.0412163
0 0.12273 0.545179 0.0358888 0.0343394
0 0.188205 0.857471 0.0371647 0.0360269
0 0.942009 0.289833 0.039505 0.0387623
0 0.532364 0.0890904 0.0348468 0.0343093
0 0.144539 0.702259 0.0334959 0.0320168
0 0.280276 0.248784 0.0311337 0.0307071
0 0.565693 0.320451 0.0356228 0.0346394
0 0.593879 0.976432 0.0303828 0.0294287
0 0.176206 0.828509 0.0305682 0.0299094
0 0.481055 0.105535 0.0289276 0.0279515
0 0.235028 0.968121 0.0305978 0.0295895
0 0.269811 0.122879 0.0323876 0.0315556
0 0.867439 0.895088 0.0293262 0.0289886
0 0.305075 0.529131 0.0261147 0.0254016
0 0.186748 0.0968179 0.027614 0.0269145
0 0.991163 0.195938 0.0176034 0.0471459
0 0.33225 0.418615 0.027861 0.0271341
0 0.968625 0.907767 0.028513 0.0277355
0 0.2598 0.598536 0.0277178 0.0268264
0 0.631451 0.913875 0.0276011 0.0268233
0 0.928984 0.716521 0.0268376 0.025993
0 0.571261 0.989986 0.0260363 0.0200289
0 0.956217 0.702622 0.0295389 0.0280926
0 0.129268 0.421725 0.025143 0.0247229
0 0.434346 0.23314 0.0280106 0.0272979
0 0.341499 0.105459 0.0246943 0.0241002
0 0.891223 0.739197 0.028407 0.0276679
0 0.472128 0.432518 0.036985 0.0362887
0 0.793575 0.777509 0.0256431 0.0253181
0 0.3868 0.492673 0.0303129 0.0299493
0 0.519806 0.339543 0.0263494 0.0257246
0 0.679742 0.51533 0.0244188 0.0239806
0 0.516022 0.628881 0.0251763 0.0247087
0 0.954503 0.815557 0.0297373 0.0289375
0 0.0422374 0.745037 0.0276887 0.0268516
0 0.405437 0.989645 0.0426064 0.0207095
0 0.533356 0.240581 0.026603 0.0262523
0 0.607673 0.579971 0.0289891 0.0285325
0 0.135639 0.013849 0.04121 0.0276213
0 0.392493 0.234719 0.0266623 0.0267373
0 0.509488 0.491541 0.0251484 0.0250238
0 0.919141 0.18398 0.0261788 0.0258354
0 0.943177 0.830975 0.0273029 0.0265995
0 0.528979 0.598765 0.0249077 0.0245382
0 0.148288 0.934824 0.0242367 0.0238132
0 0.89185 0.962278 0.0238135 0.0232073
0 0.982994 0.676743 0.0294817 0.0291264
0 0.683657 0.412779 0.0319085 0.0307243
0 0.700523 0.153544 0.023209 0.0228484
0 0.845059 0.607967 0.047986 0.0469444
0 0.0283401 0.909646 0.0312959 0.0307382
0 0.879523 0.773645 0.0253448 0.025069
0 0.968703 0.885304 0.0266478 0.0264843
0 0.332465 0.990105 0.0230876 0.0197573
0 0.359891 0.365233 0.0243913 0.0241738
0 0.749278 0.0493841 0.0242736 0.0241756
0 0.326244 0.681733 0.0246696 0.0236223
0 0.767154 0.882861 0.0286898 0.0278657
0 0.935053 0.142288 0.0245833 0.0244059
0 0.728702 0.800688 0.0255238 0.025543
0 0.639758 0.00606568 0.0224764 0.0120976
0 0.0753371 0.768953 0.0233911 0.022769
0 0.486578 0.821153 0.0356071 0.0354583
0 0.458238 0.991186 0.0232154 0.0175673
0 0.637355 0.592252 0.0239934 0.0239733
0 0.92271 0.260871 0.0227354 0.022623
0 0.118461 0.0615463 0.0223427 0.0223715
0 0.105665 0.496025 0.0276042 0.0266025
0 0.501312 0.982268 0.0235014 0.0231946
0 0.796932 0.176566 0.023451 0.0230473
0 0.231253 0.877134 0.0230647 0.0226631
0 0.376453 0.990448 0.0229371 0.0191031
