0 0.398809 0.943812 0.0470472 0.0466402
0 0.654223 0.368888 0.0469058 0.0461717
0 0.211366 0.445554 0.0375647 0.0376049
0 0.257953 0.425235 0.0361733 0.0352513
0 0.481907 0.173321 0.0376334 0.0362052
0 0.429107 0.0727035 0.0350902 0.0340746
0 0.876462 0.71172 0.0343501 0.0325446
0 0.583119 0.816336 0.0313433 0.0304432
0 0.957757 0.524195 0.0844869 0.209464
0 0.619832 0.867539 0.0283295 0.0274793
0 0.131531 0.861229 0.0353836 0.0342323
0 0.440341 0.20958 0.0304109 0.0293481
0 0.855063 0.813111 0.0308976 0.0296714
0 0.662369 0.294742 0.0303493 0.0291376
0 0.359523 0.818415 0.0294751 0.0292592
0 0.112897 0.0971222 0.0462165 0.0449668
0 0.768145 0.659678 0.0339006 0.0330757
0 0.166783 0.0283247 0.0361633 0.0343577
0 0.391938 0.0344552 0.0287987 0.028214
0 0.78256 0.991557 0.0523083 0.0167783
0 0.56061 0.957133 0.0346416 0.0349806
0 0.127809 0.20058 0.0387054 0.037955
0 0.852173 0.884861 0.0771556 0.0729856
0 0.190711 0.0946371 0.0254083 0.0247182
0 0.158049 0.978204 0.037792 0.0362799
0 0.906255 0.177382 0.0340194 0.0327075
0 0.462093 0.380578 0.0252446 0.0245315
0 0.172472 0.873304 0.0528213 0.0514126
0 0.254677 0.8821 0.0851816 0.0839354
0 0.417531 0.227098 0.0268815 0.0258713
0 0.504163 0.277736 0.0244585 0.0238652
0 0.652613 0.766414 0.0323016 0.0312898
0 0.602063 0.0171665 0.0571462 0.0343329
0 0.803996 0.909272 0.0285082 0.0281528
0 0.290957 0.583578 0.0240044 0.0236203
0 0.427596 0.00566794 0.0271524 0.0112686
0 0.562595 0.582227 0.0336678 0.0334867
0 0.749448 0.884308 0.0617146 0.0614538
0 0.716234 0.824095 0.0273925 0.0267196
0 0.344507 0.154291 0.0483465 0.046624
0 0.705717 0.87226 0.0301051 0.0298052
0 0.274302 0.354253 0.0265491 0.0257777
0 0.486638 0.892114 0.0496321 0.0488777
0 0.512054 0.967904 0.058233 0.0583823
0 0.938279 0.121261 0.0257018 0.02441
0 0.37791 0.261387 0.023754 0.0229077
0 0.055355 0.13798 0.0241909 0.0238169
0 0.697718 0.140274 0.0606874 0.0596327
