0 0.210385 0.423348 0.0643752 0.0485769
0 0.0931756 0.0875149 0.107245 0.0803518
0 0.0201654 0.214883 0.0403307 0.0421173
0 0.140898 0.124074 0.0505923 0.0370279
0 0.298367 0.213847 0.0486686 0.0362395
0 0.182887 0.23553 0.0335451 0.0249847
0 0.832149 0.789253 0.0341262 0.0247197
0 0.218674 0.269118 0.0508381 0.0362771
0 0.386756 0.0120048 0.0427026 0.0239811
0 0.0369848 0.0152671 0.040187 0.0301928
0 0.292942 0.171751 0.0393333 0.0290943
0 0.72075 0.199533 0.5585 0.398049
0 0.0171936 0.0825265 0.0343662 0.03156
0 0.531986 0.573072 0.567293 0.458775
0 0.30752 0.388769 0.0352707 0.0251554
0 0.520777 0.0967939 0.0337443 0.0253755
0 0.284772 0.015685 0.0388373 0.02848
0 0.264602 0.221407 0.0402195 0.030295
0 0.869012 0.355823 0.261976 0.240473
0 0.71222 0.137791 0.0321541 0.0247583
0 0.78252 0.147755 0.0627333 0.0478307
0 0.425721 0.574902 0.55092 0.448157
0 0.842711 0.767481 0.0983078 0.0719185
0 0.0440157 0.16569 0.0286808 0.0217638
