0 0.828399 0.900315 0.0801902 0.0635564
0 0.0811846 0.396651 0.0659669 0.0521869
0 0.58558 0.609118 0.0576291 0.0447459
0 0.887316 0.360932 0.225368 0.365483
0 0.109876 0.583806 0.169827 0.139926
0 0.475177 0.274098 0.0983355 0.0779112
0 0.353283 0.760948 0.0378132 0.0306752
0 0.163936 0.353002 0.0878571 0.0709101
0 0.899241 0.652904 0.106294 0.0826719
0 0.1536 0.889161 0.3072 0.221678
0 0.562066 0.640628 0.041127 0.0313222
0 0.213321 0.0218932 0.088263 0.0437864
0 0.452872 0.575176 0.040857 0.0318785
0 0.332164 0.898332 0.065996 0.0523758
0 0.492802 0.696255 0.064468 0.0496655
0 0.166164 0.116982 0.331283 0.23241
0 0.334252 0.581096 0.0956932 0.0755564
0 0.605994 0.637841 0.0367479 0.0278983
0 0.89334 0.0965817 0.0397923 0.0321427
0 0.724377 0.104687 0.0437202 0.0361686
0 0.42833 0.94186 0.0511726 0.0395266
0 0.400761 0.798819 0.0347152 0.0273582
0 0.542176 0.398113 0.0275716 0.0231232
0 0.00460072 0.732504 0.00920144 0.0369372
0 0.429822 0.477254 0.0386833 0.031545
0 0.484377 0.40065 0.0271532 0.0221094
0 0.781685 0.178104 0.0278642 0.0235987
0 0.560532 0.0250399 0.053068 0.0435495
0 0.741215 0.398785 0.0640537 0.050774
0 0.879605 0.991743 0.0294668 0.0165147
0 0.720395 0.329584 0.0272436 0.0229965
0 0.461533 0.0987744 0.0336308 0.0280478
0 0.984899 0.00744198 0.0279042 0.014884
0 0.501773 0.952601 0.0285102 0.0237041
0 0.621026 0.107599 0.0561964 0.0461043
0 0.273752 0.365963 0.0448949 0.0359343
0 0.342503 0.20028 0.0344431 0.0283096
0 0.324661 0.833003 0.0335582 0.027529
