0 0.453593 0.428907 0.226432 0.251052
0 0.923929 0.895063 0.0878493 0.086362
0 0.792981 0.30282 0.0502502 0.0496201
0 0.636805 0.331381 0.179318 0.178139
0 0.511176 0.254121 0.0412361 0.0402703
0 0.865855 0.157993 0.0418404 0.0412054
0 0.0408927 0.333147 0.0445524 0.0434331
0 0.0749316 0.0499978 0.0450345 0.0438689
0 0.815048 0.250376 0.0496938 0.0488118
0 0.284591 0.431903 0.145589 0.141361
0 0.650514 0.762516 0.153699 0.154252
0 0.506006 0.915029 0.0351813 0.0340855
0 0.570484 0.693934 0.0319521 0.0312161
0 0.774685 0.952137 0.0421878 0.0410906
0 0.0717054 0.486725 0.0397824 0.039306
0 0.0826806 0.329554 0.0360678 0.034971
0 0.392836 0.929843 0.028259 0.0279934
0 0.984849 0.117796 0.0303013 0.0335939
0 0.607402 0.922235 0.029973 0.0294751
0 0.501244 0.100617 0.0342561 0.0337424
0 0.615323 0.639584 0.0271416 0.0269372
0 0.529767 0.202203 0.0555745 0.0545769
0 0.625549 0.265733 0.0322471 0.0316254
0 0.182923 0.364965 0.0364151 0.0359137
0 0.447543 0.593092 0.0310375 0.0303912
0 0.72473 0.545733 0.0293702 0.0291007
0 0.520789 0.0130077 0.0311163 0.0259895
0 0.953309 0.3846 0.0335277 0.0329443
0 0.555262 0.234027 0.0233344 0.0231359
0 0.821561 0.610931 0.0305432 0.030015
0 0.971574 0.148482 0.0306105 0.0297135
0 0.149452 0.497993 0.148984 0.149495
0 0.0881394 0.786713 0.0317982 0.031563
0 0.806751 0.541145 0.027652 0.0272032
0 0.0407224 0.528644 0.0433141 0.0416873
0 0.979932 0.264759 0.0395157 0.0401973
0 0.791347 0.221761 0.0294616 0.0295576
0 0.149864 0.640703 0.0338952 0.0338192
0 0.741623 0.792703 0.0260879 0.0262699
0 0.293908 0.0362336 0.0297967 0.0291565
0 0.180903 0.0798264 0.031501 0.0309212
0 0.815448 0.685253 0.0251085 0.0248375
0 0.0632659 0.126557 0.0310608 0.0301121
0 0.234046 0.0149403 0.0546709 0.0298754
0 0.629987 0.587948 0.0413536 0.0404225
0 0.607682 0.405042 0.0411612 0.0407829
0 0.604839 0.426023 0.0276778 0.027774
0 0.780775 0.491079 0.0244682 0.0240532
0 0.967228 0.765403 0.0358408 0.035166
0 0.36321 0.324004 0.0420338 0.0410159
0 0.379817 0.615708 0.0258657 0.0252694
0 0.0847277 0.461168 0.0348209 0.0342104
0 0.846003 0.368554 0.0404799 0.0397862
0 0.768744 0.169902 0.027817 0.0275477
0 0.90756 0.432372 0.0288815 0.0291739
0 0.892937 0.135307 0.0269913 0.0260964
0 0.894356 0.100029 0.0247622 0.0245784
0 0.499425 0.0531213 0.0285351 0.0286954
0 0.599287 0.0546209 0.0852122 0.0857936
0 0.202256 0.551759 0.03142 0.0315137
0 0.858454 0.31084 0.0245647 0.0240174
0 0.553923 0.115353 0.0369759 0.035334
0 0.0572633 0.437697 0.0291484 0.0283399
0 0.3135 0.489507 0.0269299 0.0265825
0 0.411066 0.749007 0.0294161 0.028587
0 0.65884 0.206202 0.0255795 0.0251518
0 0.328242 0.851092 0.0239177 0.0238504
0 0.649317 0.671688 0.0318747 0.0316949
0 0.306461 0.509433 0.0251548 0.0250372
0 0.287151 0.737252 0.032398 0.0320094
0 0.136668 0.905944 0.0655584 0.0641357
0 0.316199 0.0551482 0.0283992 0.0271841
0 0.0292442 0.0346022 0.0344409 0.0337817
0 0.894346 0.746566 0.0273836 0.0266449
0 0.584909 0.671498 0.0270512 0.0264013
0 0.701131 0.133881 0.0288863 0.0280606
0 0.725715 0.0257209 0.036098 0.0353457
0 0.990244 0.746606 0.0195126 0.0237015
0 0.236035 0.563558 0.0247161 0.0249691
0 0.753312 0.477228 0.0623569 0.0617819
0 0.987304 0.864466 0.0252151 0.030391
0 0.711244 0.18039 0.0335048 0.0330906
0 0.088288 0.744131 0.0249557 0.0252653
0 0.273341 0.969572 0.0232202 0.0232339
0 0.0997971 0.11519 0.0439329 0.0425885
0 0.810169 0.00888909 0.106278 0.0176208
0 0.742893 0.293684 0.0233499 0.0229065
0 0.103408 0.442384 0.0300342 0.0300527
0 0.497804 0.285065 0.0223054 0.0218906
0 0.759113 0.126664 0.0233657 0.0231135
0 0.134771 0.681842 0.0236233 0.0237741
0 0.455587 0.0100764 0.0469364 0.0201529
0 0.163851 0.99152 0.0272369 0.0169603
0 0.820886 0.173198 0.0256175 0.0253561
0 0.248553 0.0478809 0.0406051 0.0398498
0 0.618157 0.716924 0.0220284 0.0219159
0 0.693169 0.204603 0.0234485 0.0231353
0 0.951254 0.532829 0.0233801 0.0234387
0 0.900098 0.453651 0.0221998 0.0224665
0 0.667254 0.167938 0.0228986 0.0226864
0 0.361409 0.725142 0.0298614 0.0296343
0 0.803547 0.107652 0.0241528 0.0243206
0 0.29797 0.539728 0.0241059 0.0237897
0 0.228229 0.246277 0.0284755 0.0282803
0 0.857977 0.703346 0.0237455 0.0238492
0 0.220238 0.0304909 0.0305257 0.0302549
0 0.277276 0.185128 0.0226175 0.0224808
0 0.595616 0.490332 0.0242991 0.0238856
0 0.0035535 0.638877 0.007107 0.030213
