0 0.927548 0.462196 0.133406 0.100935
0 0.406556 0.536206 0.161621 0.120853
0 0.535484 0.472124 0.13189 0.0990478
0 0.699563 0.678885 0.115607 0.0839403
0 0.759784 0.829694 0.118627 0.0910382
0 0.80924 0.550594 0.104759 0.0794386
0 0.279133 0.203783 0.209214 0.154192
0 0.879699 0.624839 0.0845043 0.0644856
0 0.743039 0.53019 0.0822739 0.061695
0 0.603669 0.684852 0.0737698 0.0568442
0 0.891142 0.80327 0.0935546 0.0704635
0 0.372103 0.842386 0.191443 0.138341
0 0.974175 0.665213 0.0514257 0.0562961
0 0.568753 0.594232 0.0738821 0.05717
0 0.146423 0.356816 0.0329278 0.0249432
0 0.354418 0.330292 0.0771652 0.057629
0 0.772735 0.888215 0.0790432 0.0604829
0 0.279086 0.166843 0.0515177 0.0382742
0 0.837795 0.662182 0.0430138 0.032017
0 0.84814 0.272416 0.0355385 0.0276719
0 0.963388 0.566485 0.0731265 0.0715451
0 0.718982 0.479415 0.070143 0.0513641
0 0.913428 0.0781576 0.0455036 0.0341773
0 0.229405 0.379962 0.0853688 0.0617743
0 0.912443 0.91948 0.0466956 0.0348176
0 0.502448 0.743917 0.041631 0.0310093
0 0.188368 0.130632 0.0389608 0.0296256
0 0.600736 0.804441 0.0396148 0.029799
0 0.137918 0.235248 0.0321081 0.0241445
0 0.241423 0.3153 0.0775062 0.0558355
0 0.671897 0.894701 0.037494 0.029401
0 0.982294 0.0643049 0.0353372 0.0552591
0 0.949041 0.0643529 0.0336498 0.0255474
0 0.975636 0.806832 0.0485382 0.115548
0 0.478474 0.0954356 0.0341365 0.0255444
0 0.434017 0.0132177 0.0460572 0.0263272
0 0.609145 0.429614 0.0407722 0.0304189
0 0.338232 0.225022 0.0648191 0.0474892
0 0.924904 0.841687 0.0973139 0.0737586
0 0.784379 0.429514 0.0309892 0.0236077
0 0.64521 0.404984 0.0278978 0.0214196
0 0.353629 0.103248 0.030278 0.0228073
0 0.212557 0.582025 0.422825 0.308992
0 0.5089 0.302655 0.0425026 0.0320677
0 0.698768 0.0594002 0.0442854 0.0317755
0 0.961056 0.522024 0.0436287 0.0317276
0 0.945381 0.633126 0.043084 0.0323001
0 0.865275 0.889925 0.047063 0.0353119
0 0.814914 0.934046 0.0805626 0.0594178
0 0.632302 0.46722 0.0621067 0.0469046
0 0.187985 0.352059 0.0341917 0.0257566
0 0.877664 0.66928 0.0280957 0.0223069
0 0.228688 0.280717 0.0265032 0.0213978
0 0.4096 0.725309 0.119738 0.0919363
