0 0.49609 0.122818 0.192801 0.168687
0 0.904568 0.861898 0.181637 0.163378
0 0.303414 0.421445 0.100194 0.087112
0 0.688482 0.88197 0.0902042 0.0798331
0 0.260134 0.244382 0.0844896 0.0748111
0 0.470341 0.475878 0.075059 0.0649753
0 0.622896 0.351745 0.0834316 0.0707039
0 0.342447 0.976979 0.073434 0.0450251
0 0.503646 0.369565 0.0892784 0.0743687
0 0.93919 0.227258 0.0861926 0.0732577
0 0.157725 0.508963 0.135427 0.117692
0 0.673597 0.754637 0.134782 0.118547
0 0.883182 0.252833 0.0610824 0.0515506
0 0.0312866 0.78354 0.0624637 0.0704777
0 0.0321403 0.639034 0.0483569 0.0426509
0 0.0805483 0.558087 0.0486731 0.0420494
0 0.32985 0.472939 0.0356516 0.0305997
0 0.558371 0.683666 0.102384 0.0878093
0 0.427276 0.950396 0.0657713 0.053302
0 0.837991 0.383169 0.0424912 0.0365265
0 0.921606 0.340332 0.0594333 0.0490899
0 0.553992 0.778111 0.088666 0.077672
0 0.0285029 0.104732 0.036702 0.0315049
0 0.11217 0.469012 0.127799 0.11206
0 0.952172 0.651091 0.0633594 0.0553739
0 0.962295 0.431411 0.0400545 0.0335448
0 0.719078 0.443417 0.0301716 0.0266315
0 0.890152 0.620982 0.0368949 0.0321687
0 0.88183 0.594647 0.0302458 0.0268402
0 0.742352 0.262326 0.0332631 0.0283761
0 0.0348216 0.429471 0.0264701 0.0244856
0 0.649373 0.0484937 0.0402889 0.0349724
0 0.181659 0.964174 0.0297346 0.0254509
0 0.743896 0.13195 0.048166 0.0406671
0 0.761477 0.215419 0.0398276 0.0330823
0 0.278769 0.782829 0.55549 0.430852
0 0.367431 0.598827 0.0431133 0.035583
0 0.0139757 0.0779771 0.0279515 0.0342102
0 0.114846 0.110317 0.0297351 0.0261702
0 0.0154691 0.540721 0.0309382 0.0368316
0 0.603906 0.794145 0.039949 0.0367942
0 0.319546 0.0582662 0.0357642 0.0323312
0 0.532872 0.877825 0.0506246 0.0429613
0 0.419454 0.587895 0.0262491 0.0231149
0 0.483788 0.414505 0.047944 0.0427665
0 0.114993 0.977723 0.0275784 0.0235067
0 0.724363 0.825257 0.0319273 0.0278649
0 0.372941 0.311498 0.0250428 0.0229874
0 0.865874 0.143239 0.0624585 0.054529
0 0.769758 0.712192 0.0995698 0.0877806
0 0.744354 0.183073 0.0484824 0.0412758
0 0.00709364 0.0413479 0.0141873 0.0286393
0 0.78179 0.797401 0.0433167 0.0374825
0 0.0791183 0.0462848 0.0665571 0.0580079
0 0.297781 0.119469 0.0647236 0.0582286
0 0.407079 0.621157 0.0653508 0.0543334
0 0.699193 0.689594 0.231243 0.195661
0 0.734386 0.0168946 0.0527239 0.0337893
0 0.741943 0.952648 0.0492787 0.0445513
0 0.497467 0.655054 0.0490585 0.0411165
0 0.98923 0.797248 0.0215399 0.0595375
0 0.401831 0.751037 0.0254107 0.0215077
0 0.442352 0.00456993 0.0314836 0.00913987
0 0.142451 0.557093 0.0253081 0.0225762
