0 0.658131 0.32265 0.166702 0.153185
0 0.900159 0.530236 0.199577 0.273373
0 0.10528 0.235075 0.0615518 0.0542614
0 0.129211 0.608786 0.13801 0.122339
0 0.903742 0.416088 0.0776057 0.0681735
0 0.260701 0.925312 0.168841 0.148141
0 0.597016 0.366585 0.0758449 0.0689182
0 0.926736 0.954589 0.0492004 0.0451984
0 0.431824 0.152835 0.032866 0.0299027
0 0.469822 0.065366 0.039308 0.0361981
0 0.826691 0.327266 0.0528667 0.0463772
0 0.603326 0.706766 0.0622392 0.0563269
0 0.0622539 0.274016 0.0289674 0.0255985
0 0.803289 0.394291 0.0420332 0.0369773
0 0.549799 0.488867 0.0367825 0.0321672
0 0.28452 0.350196 0.448992 0.326797
0 0.0306289 0.80109 0.030351 0.0264686
0 0.363225 0.270908 0.0444287 0.0404325
0 0.0463823 0.518188 0.0261663 0.0247316
0 0.404632 0.654863 0.0287228 0.0262078
0 0.30145 0.101948 0.0580122 0.0522914
0 0.917098 0.512354 0.0259569 0.023103
0 0.786938 0.862748 0.0382483 0.0363183
0 0.87418 0.242612 0.0341427 0.0304484
0 0.399147 0.713689 0.0258889 0.0237117
0 0.8917 0.959258 0.0259743 0.0242001
0 0.59557 0.282714 0.0300684 0.0276222
0 0.712296 0.970489 0.0739632 0.0590223
0 0.883496 0.213402 0.0253541 0.0238376
0 0.827875 0.292787 0.0484648 0.0428815
0 0.568373 0.0322509 0.17039 0.0645018
0 0.460398 0.948895 0.0253409 0.0229125
0 0.191603 0.56407 0.0540191 0.0485934
0 0.536882 0.310223 0.0262699 0.0241706
0 0.782295 0.674587 0.430201 0.532553
0 0.892028 0.778498 0.0321615 0.0294392
0 0.799438 0.979997 0.0383079 0.0363071
0 0.0495825 0.271244 0.0991649 0.0973914
0 0.846608 0.360426 0.0277924 0.0255426
0 0.341226 0.74751 0.0252757 0.0226788
0 0.575517 0.610421 0.0557618 0.0503716
0 0.707116 0.798347 0.0378676 0.0342559
0 0.376854 0.463825 0.104787 0.092143
0 0.0864459 0.945568 0.0263509 0.0226133
0 0.707966 0.437197 0.0384674 0.033906
0 0.996027 0.929837 0.00794544 0.0240449
0 0.240426 0.64736 0.0259923 0.0231848
0 0.0336386 0.272845 0.0265457 0.0240146
0 0.871345 0.975812 0.023826 0.0224552
0 0.801613 0.94207 0.0329587 0.0310564
0 0.988086 0.789033 0.0238289 0.0326946
0 0.444342 0.661526 0.025164 0.0230753
