0 0.941646 0.0490653 0.0727086 0.0705361
0 0.776841 0.0665321 0.0396223 0.03929
0 0.560208 0.922859 0.192575 0.154282
0 0.423666 0.605087 0.0341066 0.0343308
0 0.358886 0.462283 0.0309081 0.0300614
0 0.0755386 0.0432462 0.0268756 0.026182
0 0.779744 0.818888 0.0346885 0.0335257
0 0.470305 0.40422 0.0334834 0.0328834
0 0.658667 0.253446 0.0289264 0.0284389
0 0.779983 0.509175 0.0764271 0.0741305
0 0.0357965 0.435485 0.0309596 0.0304013
0 0.510175 0.182412 0.0282397 0.027467
0 0.950888 0.399748 0.0255666 0.0249571
0 0.358348 0.352631 0.0384107 0.0375816
0 0.516831 0.337813 0.0445781 0.0440763
0 0.925118 0.215928 0.0295321 0.029152
0 0.514106 0.120119 0.0238922 0.0231991
0 0.0531981 0.288996 0.0236263 0.0229079
0 0.274951 0.441519 0.0243815 0.0241325
0 0.255748 0.500213 0.043447 0.0422849
0 0.179359 0.442361 0.0667711 0.0649586
0 0.95945 0.235815 0.0536078 0.0526103
0 0.13144 0.490516 0.0458232 0.044703
0 0.419829 0.68581 0.0523154 0.0518205
0 0.288115 0.274256 0.0580931 0.0574984
0 0.100743 0.581883 0.0378341 0.0367124
0 0.667204 0.738461 0.166812 0.160302
0 0.311921 0.342557 0.0579701 0.0565238
0 0.434698 0.902975 0.0232658 0.0229721
0 0.607728 0.601766 0.0344828 0.0334373
0 0.504452 0.231192 0.0257274 0.0251162
0 0.961199 0.0987215 0.0454793 0.044124
0 0.650357 0.840085 0.0321035 0.0315506
0 0.629857 0.557645 0.0244659 0.0238514
0 0.544484 0.388982 0.0555491 0.05422
0 0.863342 0.0621664 0.101519 0.103283
0 0.248429 0.556637 0.0388321 0.0391575
0 0.264014 0.298512 0.0238579 0.0237451
0 0.252636 0.607281 0.0302829 0.0300281
0 0.926266 0.238148 0.0294929 0.0293648
0 0.983468 0.0224643 0.0330631 0.0446185
0 0.048446 0.455319 0.0578165 0.05395
