0 0.343898 0.641535 0.339475 0.289317
0 0.953713 0.0250172 0.0666803 0.0496916
0 0.119245 0.744411 0.23849 0.23401
0 0.582836 0.461277 0.0447164 0.0344552
0 0.958678 0.703676 0.0527372 0.0406749
0 0.226451 0.500865 0.0401765 0.0319886
0 0.430694 0.520715 0.0416591 0.0311337
0 0.6659 0.270581 0.0337644 0.026844
0 0.892671 0.857314 0.214658 0.255755
0 0.865362 0.393473 0.0341268 0.0258731
0 0.319122 0.358054 0.0283086 0.0228083
0 0.439578 0.829138 0.0389803 0.030965
0 0.557829 0.996316 0.0407383 0.00736828
0 0.628897 0.226017 0.578829 0.449008
0 0.863857 0.47146 0.0546107 0.0423705
0 0.118546 0.586655 0.069969 0.052874
0 0.0626456 0.3988 0.0283765 0.0233881
0 0.779345 0.710618 0.307174 0.225853
0 0.286715 0.976734 0.0333107 0.0292266
0 0.0586279 0.162883 0.115432 0.0981617
0 0.251357 0.82985 0.119611 0.105128
