0 0.402804 0.485603 0.351368 0.298136
0 0.654918 0.242773 0.036394 0.0314164
0 0.81404 0.654991 0.037756 0.0329293
0 0.648895 0.691016 0.0450044 0.0398521
0 0.617726 0.739636 0.0304401 0.0262558
0 0.0820431 0.125623 0.0345504 0.0296074
0 0.19864 0.112586 0.24581 0.219566
0 0.9822 0.715027 0.0282745 0.0246062
0 0.935142 0.613592 0.105569 0.0931535
0 0.130188 0.161221 0.0350306 0.0285856
0 0.0240554 0.0309916 0.0481107 0.0580092
0 0.170162 0.536637 0.0255288 0.0224249
0 0.814683 0.108657 0.0253382 0.0226757
0 0.0371211 0.784356 0.0740594 0.197856
0 0.707657 0.132797 0.0795409 0.070089
0 0.767415 0.0893209 0.399777 0.175585
0 0.239513 0.0447103 0.0257627 0.0223862
0 0.190037 0.453497 0.0261845 0.023771
0 0.615679 0.456902 0.0251488 0.0231182
0 0.692873 0.052255 0.0341153 0.0310006
0 0.805275 0.193138 0.0861748 0.0752657
0 0.263429 0.292361 0.0376949 0.031464
0 0.812088 0.945572 0.0254049 0.0225501
