0 0.0166373 0.0157947 0.0332628 0.0314206
0 0.703449 0.98168 0.0565541 0.0366402
0 0.186127 0.0491096 0.0437049 0.0415818
0 0.277318 0.00769593 0.0317125 0.0153617
0 0.969532 0.0538251 0.0275854 0.0264233
0 0.355981 0.225214 0.0265775 0.0256116
0 0.251546 0.233054 0.0285065 0.0271779
0 0.227587 0.217873 0.0269972 0.0263389
0 0.541519 0.577883 0.0240363 0.0235282
0 0.773962 0.0303837 0.0252366 0.0245918
0 0.405463 0.63046 0.0238498 0.022876
0 0.222074 0.995513 0.0284748 0.0089735
0 0.172439 0.14043 0.0248526 0.0245526
0 0.0753513 0.256992 0.0382354 0.0366283
0 0.0876195 0.586441 0.0232812 0.0223563
0 0.305341 0.252548 0.02233 0.0214273
0 0.379804 0.110205 0.0745994 0.0699254
0 0.233221 0.011204 0.0543249 0.0223495
0 0.393534 0.0481187 0.0223511 0.0215889
0 0.244986 0.498493 0.0209228 0.0203791
0 0.129627 0.525274 0.0221968 0.0213895
