0 0.753328 0.925705 0.115668 0.109321
0 0.12008 0.476125 0.063927 0.0587619
0 0.180142 0.643944 0.0441535 0.0419966
0 0.16907 0.708036 0.0451791 0.0422199
0 0.679185 0.967904 0.0336546 0.0327795
0 0.977097 0.866762 0.0371496 0.0369148
0 0.289133 0.816233 0.0365478 0.0335735
0 0.791138 0.98281 0.0422606 0.0343801
0 0.0372281 0.00960168 0.0335361 0.0192034
0 0.333726 0.936575 0.403745 0.124386
0 0.270572 0.0895581 0.456644 0.177997
0 0.21752 0.902463 0.0427037 0.0382748
0 0.563537 0.736825 0.0343447 0.0332748
0 0.427054 0.827049 0.0290536 0.0285871
0 0.676947 0.556627 0.0305748 0.0292552
0 0.618676 0.953498 0.0405929 0.0391603
0 0.806084 0.804367 0.0330632 0.0330839
0 0.546452 0.682448 0.0296388 0.028614
0 0.694174 0.867781 0.0344826 0.0335385
0 0.688961 0.38374 0.36982 0.344849
0 0.462556 0.755513 0.0463443 0.0447651
0 0.250946 0.609577 0.0568264 0.0553199
0 0.698518 0.788614 0.0378611 0.0363109
0 0.0277373 0.538998 0.0354656 0.0320853
0 0.745615 0.734778 0.0343263 0.032269
0 0.0373038 0.0813425 0.0394669 0.0340099
0 0.564389 0.804231 0.0352241 0.0345368
0 0.718646 0.972882 0.0281701 0.0274134
0 0.0554491 0.529544 0.0360173 0.0325491
0 0.827848 0.949105 0.0301838 0.0288982
0 0.499518 0.873088 0.159643 0.154547
0 0.570452 0.847056 0.0291884 0.0279529
0 0.743761 0.514595 0.0308187 0.0298993
0 0.114881 0.281636 0.0500359 0.0435444
0 0.505814 0.742358 0.0382111 0.0364013
0 0.5219 0.144926 0.036722 0.0334374
0 0.22017 0.338974 0.0351613 0.0315005
0 0.648453 0.848596 0.038027 0.0359115
0 0.58084 0.992966 0.0317483 0.0140675
0 0.846358 0.369243 0.0299638 0.0276588
0 0.761596 0.606722 0.0297309 0.028015
0 0.886354 0.657814 0.0923411 0.0856392
0 0.333825 0.530497 0.0587421 0.0572953
0 0.79092 0.787416 0.0300962 0.0298154
0 0.641851 0.563255 0.0421255 0.0400425
0 0.293517 0.390147 0.0559094 0.0503919
0 0.525861 0.824285 0.0263 0.02658
0 0.533819 0.513086 0.0277336 0.0262654
0 0.235447 0.659181 0.0550705 0.0519475
0 0.48875 0.685524 0.0309115 0.0296512
0 0.474741 0.0884108 0.0316513 0.0303737
0 0.143118 0.00850347 0.0331224 0.0170069
0 0.617864 0.875935 0.0387654 0.0368114
0 0.225422 0.561063 0.0281812 0.0268989
0 0.433039 0.552236 0.0316482 0.0306995
0 0.753358 0.561785 0.0320845 0.0303057
0 0.135794 0.639263 0.0480647 0.0440868
0 0.271808 0.73421 0.0268908 0.0263953
0 0.168008 0.482446 0.0378059 0.0354303
0 0.291433 0.555894 0.0344815 0.0338488
0 0.0920173 0.681221 0.0345189 0.0322361
0 0.722157 0.748825 0.0343935 0.033269
0 0.906373 0.85082 0.0296484 0.0285196
0 0.597957 0.576897 0.0356264 0.0338883
0 0.538104 0.655211 0.0292685 0.0288698
