0 0.781463 0.903579 0.155262 0.138382
0 0.656983 0.449764 0.0899487 0.0812337
0 0.0200612 0.444156 0.0337977 0.0299737
0 0.723511 0.0937645 0.0335257 0.0302382
0 0.373663 0.812878 0.0592022 0.0520744
0 0.619971 0.569381 0.0889753 0.0792513
0 0.158471 0.118139 0.030253 0.0291635
0 0.984486 0.991835 0.0310287 0.0163292
0 0.619369 0.800907 0.0313337 0.0287351
0 0.701874 0.111827 0.0324247 0.0294482
0 0.98659 0.672495 0.0268183 0.0344367
0 0.368958 0.057396 0.0251826 0.0229645
0 0.206508 0.2555 0.1187 0.110445
0 0.419469 0.620036 0.0350094 0.0320938
0 0.801781 0.428452 0.0267195 0.0230764
0 0.382417 0.83717 0.0342177 0.0301888
0 0.149282 0.544931 0.0250203 0.0232761
0 0.638609 0.0445356 0.0562437 0.0512128
0 0.205873 0.301161 0.026982 0.0257303
0 0.167143 0.795037 0.0264994 0.0229748
0 0.751667 0.217952 0.0245543 0.0220708
0 0.381696 0.936198 0.0282787 0.0248148
