0 0.396307 0.17421 0.176352 0.17217
0 0.432128 0.441964 0.0619931 0.0607485
0 0.684469 0.547878 0.0741127 0.0719487
0 0.120784 0.0432497 0.146689 0.0862695
0 0.74328 0.365355 0.0526193 0.0505028
0 0.0260364 0.111899 0.0520729 0.0720126
0 0.50153 0.681395 0.0513863 0.0509827
0 0.263277 0.0848756 0.0628264 0.0611388
0 0.917736 0.543156 0.0487386 0.0468768
0 0.827634 0.591526 0.0650611 0.0633972
0 0.765991 0.739254 0.140187 0.134419
0 0.466574 0.661602 0.0399995 0.0384552
0 0.854001 0.982304 0.0531013 0.0351512
0 0.449643 0.909254 0.043509 0.0425315
0 0.0696235 0.382659 0.0361388 0.0360379
0 0.550111 0.121533 0.0464864 0.0459636
0 0.217283 0.616809 0.0344037 0.0336182
0 0.30154 0.561316 0.0362351 0.0357299
0 0.578106 0.476927 0.0336385 0.0331982
0 0.117339 0.108046 0.0344073 0.0338322
0 0.300317 0.977127 0.0397685 0.0394772
0 0.661104 0.175658 0.039795 0.0383444
0 0.901515 0.641896 0.0342806 0.0332537
0 0.705243 0.7084 0.0303747 0.0299106
0 0.0959727 0.502555 0.0502953 0.0490888
0 0.652324 0.0849272 0.209944 0.169392
0 0.342525 0.872249 0.0322567 0.0319999
0 0.769048 0.892332 0.0347757 0.0341823
0 0.103409 0.418131 0.0263743 0.0262904
0 0.0405753 0.640425 0.0551549 0.0529195
0 0.557078 0.850481 0.0519905 0.05054
0 0.76738 0.52554 0.0391343 0.0379077
0 0.67967 0.799231 0.0266541 0.0261149
0 0.51512 0.00873139 0.0411816 0.0174235
0 0.701401 0.485857 0.0312428 0.030718
0 0.196683 0.831304 0.0352988 0.0342147
0 0.0991709 0.0294532 0.0241973 0.0240533
0 0.73757 0.884962 0.0298586 0.0289522
0 0.41414 0.885284 0.033277 0.0322837
0 0.144927 0.529192 0.0391985 0.0382983
0 0.485656 0.49717 0.024876 0.0246669
0 0.640119 0.765021 0.0294468 0.0289204
0 0.677856 0.68282 0.0364544 0.0354805
0 0.670821 0.709748 0.0322511 0.0312898
0 0.497005 0.1822 0.025648 0.0251612
0 0.874645 0.759372 0.0287867 0.0276879
0 0.973031 0.369849 0.030098 0.0289883
0 0.03229 0.709552 0.0418878 0.0407243
0 0.509742 0.64713 0.0387533 0.0378793
0 0.983896 0.121417 0.0316787 0.0889061
0 0.834048 0.338944 0.048404 0.0461822
0 0.856672 0.0541652 0.0360044 0.0346354
0 0.93606 0.456003 0.078624 0.0740675
0 0.991314 0.847286 0.0173725 0.0556329
0 0.583394 0.734946 0.0237576 0.023616
0 0.176082 0.326368 0.208717 0.199963
0 0.65529 0.0116601 0.0466924 0.0232318
0 0.10948 0.713628 0.0373051 0.0359486
0 0.0124924 0.775278 0.0249015 0.0297406
0 0.477099 0.0423452 0.0233474 0.0229918
0 0.197873 0.364301 0.0256018 0.0252049
0 0.390475 0.958891 0.0375367 0.0366748
0 0.0439355 0.815757 0.0222343 0.0223694
0 0.987316 0.0447006 0.0249437 0.0253195
0 0.539535 0.750239 0.028456 0.0275574
0 0.871565 0.818599 0.0587585 0.0578393
0 0.53509 0.379076 0.0247177 0.0244272
0 0.0410468 0.873882 0.0254856 0.0253303
0 0.602436 0.947223 0.0377841 0.0358962
0 0.711472 0.0534486 0.0985529 0.0960639
0 0.62255 0.3893 0.0238864 0.0233713
0 0.697664 0.594752 0.0258603 0.0258252
0 0.385655 0.0937457 0.0259656 0.0258682
0 0.977054 0.759839 0.0456188 0.0606241
0 0.526752 0.0269654 0.023097 0.0228105
0 0.70405 0.0109183 0.0355453 0.0218354
0 0.562724 0.372329 0.0264913 0.0267984
0 0.893933 0.0413443 0.0435491 0.0425529
0 0.199971 0.919721 0.0256657 0.0254274
0 0.16357 0.917197 0.0226948 0.0225786
0 0.368589 0.502935 0.0246939 0.0248803
0 0.909642 0.287313 0.180716 0.258407
0 0.169658 0.490471 0.0242742 0.0241951
0 0.713659 0.652552 0.0255454 0.0249457
0 0.326795 0.619242 0.0255945 0.0248098
0 0.821343 0.643759 0.0264626 0.0257134
0 0.27421 0.789319 0.137541 0.132944
0 0.763345 0.799912 0.0239568 0.0237573
0 0.716878 0.384679 0.0323725 0.0320177
0 0.560557 0.334784 0.0223227 0.0224757
0 0.0355272 0.893232 0.0236411 0.0237077
0 0.305307 0.179446 0.0481955 0.0474727
0 0.511298 0.54592 0.0274539 0.026746
0 0.635467 0.328868 0.128817 0.122975
0 0.0670179 0.993503 0.0240741 0.012995
0 0.528937 0.273041 0.0884664 0.0841781
0 0.925288 0.737055 0.0294046 0.0282083
0 0.110618 0.541395 0.0304914 0.0293696
0 0.989748 0.564415 0.0205034 0.0240579
0 0.330235 0.989682 0.0322968 0.0206356
0 0.628739 0.91849 0.0420823 0.040756
0 0.457679 0.303749 0.0773753 0.0744872
0 0.261612 0.671469 0.0332506 0.0329016
0 0.601652 0.0193646 0.0495601 0.0386113
0 0.370148 0.978997 0.0231673 0.0233026
0 0.0265967 0.0235318 0.0441569 0.0430336
0 0.0562901 0.220792 0.0646021 0.0630983
0 0.772506 0.150911 0.024591 0.0234993
