0 0.662767 0.617948 0.137419 0.108184
0 0.568063 0.177914 0.128299 0.102394
0 0.924537 0.486444 0.0975558 0.0768967
0 0.673063 0.473817 0.166822 0.123503
0 0.929051 0.711978 0.128259 0.101789
0 0.8655 0.766548 0.0734139 0.0569975
0 0.466172 0.64507 0.108114 0.0880938
0 0.503257 0.348353 0.095021 0.0762209
0 0.722383 0.722894 0.116752 0.0936024
0 0.631988 0.721765 0.106463 0.0838532
0 0.325508 0.700156 0.111866 0.0910468
0 0.750782 0.364709 0.0459545 0.0363606
0 0.890905 0.404199 0.0543893 0.0424009
0 0.936999 0.307051 0.0570885 0.0461024
0 0.11954 0.433565 0.0534616 0.0425813
0 0.846852 0.593593 0.0668423 0.0541465
0 0.066311 0.127666 0.0510671 0.0398043
0 0.29967 0.894525 0.115392 0.093576
0 0.815492 0.560989 0.0393147 0.0298049
0 0.721854 0.0437228 0.159779 0.0871992
0 0.331667 0.553298 0.0442951 0.0366282
0 0.508504 0.442666 0.0679038 0.0542473
0 0.335889 0.298581 0.0356737 0.0281446
0 0.243837 0.563334 0.0502358 0.0405099
0 0.0991859 0.387571 0.0701036 0.0549917
0 0.123376 0.30895 0.0905616 0.0690247
0 0.907589 0.261752 0.0378366 0.0299511
0 0.805145 0.770151 0.0384333 0.0307115
0 0.757387 0.255307 0.033433 0.0270916
0 0.732526 0.220648 0.0339019 0.0264589
0 0.899149 0.177012 0.04683 0.0362409
0 0.605361 0.0901388 0.0327575 0.0257856
0 0.763942 0.877554 0.0367539 0.0289615
0 0.952809 0.356986 0.0347819 0.0271152
0 0.369554 0.353908 0.0564373 0.0453553
0 0.558033 0.770791 0.0354717 0.0288279
0 0.450795 0.777486 0.205998 0.162596
0 0.645925 0.973587 0.0383156 0.0301258
0 0.976791 0.611675 0.0318914 0.0250776
0 0.144057 0.89282 0.144828 0.112872
0 0.301329 0.0296232 0.0425661 0.0333291
0 0.508561 0.199677 0.0307086 0.0247185
0 0.462346 0.532026 0.353742 0.254393
0 0.974441 0.0598145 0.0312939 0.0254757
0 0.305044 0.608794 0.0486083 0.0395376
0 0.822355 0.0231374 0.044226 0.0351077
0 0.190665 0.205058 0.0628082 0.0502418
0 0.197765 0.476399 0.0347388 0.0277996
0 0.23926 0.383608 0.0471509 0.0377775
0 0.917312 0.219866 0.0298557 0.0241807
0 0.438582 0.0384408 0.310269 0.0768815
0 0.332368 0.0527118 0.0330949 0.0260592
0 0.611739 0.396635 0.0307261 0.0238389
0 0.141417 0.544054 0.0495323 0.0396583
0 0.568261 0.0941606 0.0293906 0.0238196
0 0.750537 0.538501 0.0876012 0.0683467
0 0.975091 0.901018 0.0496874 0.0640392
0 0.122791 0.341951 0.241749 0.367979
0 0.0107668 0.685441 0.0215335 0.115189
0 0.211573 0.542722 0.0339731 0.027607
0 0.436618 0.207609 0.0293784 0.0231271
0 0.644145 0.0625682 0.0297477 0.0246097
0 0.899708 0.0788412 0.0303352 0.0239656
0 0.828524 0.915348 0.0295739 0.0231595
0 0.564498 0.674868 0.0312595 0.025043
0 0.0636917 0.274058 0.127316 0.225142
0 0.428032 0.897627 0.0410525 0.0325133
0 0.468525 0.167951 0.0280469 0.0227947
0 0.646598 0.827096 0.0292578 0.023333
0 0.0478829 0.396096 0.0287695 0.0229424
0 0.586822 0.659813 0.0816947 0.0626926
0 0.799096 0.225698 0.031839 0.0262359
0 0.504564 0.599189 0.0607127 0.047498
0 0.141536 0.231108 0.0941968 0.0758043
0 0.263634 0.0804176 0.0299724 0.0238232
0 0.188893 0.165193 0.0374281 0.0306804
0 0.30258 0.337933 0.0284991 0.0227792
0 0.904643 0.843752 0.027294 0.022007
0 0.174596 0.415264 0.0917332 0.0735579
0 0.418327 0.438591 0.0364804 0.0297002
0 0.382581 0.406627 0.0369124 0.0304187
0 0.97952 0.273437 0.0408025 0.05362
0 0.299792 0.763841 0.0289726 0.0230188
0 0.160862 0.938772 0.0272315 0.0224061
0 0.504043 0.884171 0.120538 0.0965867
0 0.461358 0.0386887 0.0383683 0.0287465
0 0.929311 0.971191 0.0418383 0.0333179
0 0.406811 0.249555 0.0279246 0.0231576
0 0.771138 0.106255 0.0803446 0.0636767
0 0.69546 0.782623 0.078425 0.0611837
0 0.978626 0.653898 0.031634 0.024521
0 0.56065 0.502725 0.0590012 0.0476086
0 0.990656 0.806471 0.0186481 0.0658412
0 0.408936 0.273879 0.0464698 0.036929
0 0.645304 0.0156422 0.0308828 0.0253725
0 0.230055 0.281284 0.0270248 0.0216685
0 0.798042 0.406424 0.0271636 0.0222647
0 0.478336 0.282102 0.0792894 0.0627557
0 0.179082 0.352129 0.0858048 0.071805
0 0.234969 0.93818 0.0786358 0.0649984
0 0.427096 0.16619 0.395797 0.247668
0 0.0203989 0.134064 0.0405968 0.0754942
0 0.957617 0.210022 0.0283515 0.0225607
0 0.721133 0.327875 0.0261173 0.0213759
0 0.0420321 0.511951 0.0297946 0.0239292
0 0.387397 0.580145 0.115941 0.0949157
0 0.341143 0.264257 0.0267636 0.0224335
0 0.796159 0.187118 0.0280089 0.0223338
0 0.0108134 0.898566 0.0216268 0.155329
0 0.261032 0.657477 0.0501271 0.0401912
0 0.552487 0.70524 0.0510337 0.0399587
0 0.594303 0.0593246 0.0362932 0.0286491
0 0.131207 0.251379 0.0461777 0.0372807
