0 0.411311 0.840191 0.0585066 0.0572685
0 0.834879 0.698501 0.0520912 0.0508871
0 0.33137 0.854899 0.0420567 0.0411757
0 0.881014 0.208276 0.0573804 0.0534117
0 0.393688 0.0529129 0.034502 0.0332605
0 0.419747 0.09348 0.03182 0.0308715
0 0.451296 0.781102 0.0273477 0.0271406
0 0.190313 0.214759 0.0295652 0.0291788
0 0.53387 0.851637 0.0271263 0.0268259
0 0.898854 0.824247 0.026495 0.0259638
0 0.844021 0.508866 0.025985 0.0255319
0 0.399292 0.896156 0.0266724 0.0262584
0 0.066654 0.326345 0.0237417 0.023484
0 0.484218 0.895143 0.0270116 0.0265536
0 0.35182 0.658947 0.0249689 0.0246126
0 0.429708 0.799374 0.0331535 0.0318642
0 0.928613 0.260028 0.0281755 0.0261616
0 0.0280958 0.172536 0.0235475 0.0231021
0 0.68071 0.707066 0.023574 0.0226755
0 0.355804 0.982478 0.0223106 0.0220513
0 0.285499 0.70964 0.115623 0.118167
0 0.148413 0.666641 0.0249811 0.0250804
0 0.364064 0.637621 0.0271933 0.0272474
0 0.0527534 0.818923 0.0383644 0.0377136
0 0.402562 0.78768 0.0286748 0.028997
0 0.696195 0.381791 0.0234173 0.0225342
0 0.891655 0.383643 0.0236234 0.0231783
