0 0.324433 0.80533 0.395385 0.379814
0 0.527087 0.383002 0.100852 0.0976552
0 0.143907 0.115317 0.263673 0.229934
0 0.830902 0.263621 0.212158 0.214441
0 0.831951 0.110078 0.221578 0.21277
0 0.0659618 0.43841 0.0996583 0.0978736
0 0.628433 0.604321 0.092515 0.0877307
0 0.123472 0.285483 0.057828 0.0570291
0 0.67589 0.554383 0.108514 0.105608
0 0.0823071 0.36402 0.0591942 0.0579483
0 0.660989 0.0829662 0.0453784 0.0438947
0 0.140905 0.238417 0.0537456 0.0522935
0 0.919601 0.828055 0.0377298 0.0365729
0 0.815499 0.648521 0.0397186 0.0382751
0 0.0561311 0.295304 0.0416937 0.0411417
0 0.129323 0.629879 0.0392316 0.0384331
0 0.935428 0.907402 0.0282217 0.0281506
0 0.210271 0.392818 0.057078 0.0559639
0 0.835625 0.90274 0.0406818 0.03923
0 0.0712884 0.889716 0.0439842 0.0420435
0 0.731822 0.0327986 0.0423186 0.0414338
0 0.255815 0.58869 0.02788 0.0275159
0 0.618359 0.0927279 0.0375934 0.0372328
0 0.586184 0.132757 0.0351276 0.0346506
0 0.0229728 0.283191 0.0408315 0.0399228
0 0.0878502 0.830169 0.0353368 0.0343813
0 0.243405 0.460882 0.03196 0.0320871
0 0.2137 0.367694 0.0849428 0.0849937
0 0.324479 0.0124335 0.0296077 0.0248181
0 0.963526 0.280367 0.0613755 0.0586255
0 0.898132 0.655861 0.0453093 0.0431307
0 0.646657 0.818925 0.0364327 0.0359104
0 0.354402 0.7427 0.0277486 0.0270467
0 0.315801 0.605253 0.0451381 0.0431603
0 0.723458 0.836807 0.0274091 0.0267457
0 0.384707 0.339902 0.0288973 0.0284584
0 0.911362 0.886677 0.0366516 0.0357458
0 0.681809 0.830475 0.0449653 0.044301
0 0.852353 0.674053 0.0516639 0.049848
0 0.696816 0.391288 0.0357675 0.0351461
0 0.307365 0.936234 0.027145 0.0271751
0 0.617812 0.36826 0.0252292 0.0247886
0 0.575589 0.108653 0.0291238 0.0287591
0 0.0505598 0.252287 0.0297217 0.0288934
0 0.706331 0.899473 0.0253104 0.0251355
0 0.0491721 0.182121 0.0328908 0.0322389
0 0.73289 0.989268 0.0425262 0.0214643
0 0.197101 0.309556 0.0314433 0.0309455
0 0.608212 0.951091 0.0249515 0.0246418
0 0.328832 0.0520346 0.0335004 0.0327252
0 0.961173 0.751722 0.0498826 0.0482883
0 0.0552838 0.827446 0.0262056 0.0252541
0 0.956353 0.523396 0.0551279 0.0530248
0 0.028288 0.118357 0.0248899 0.0244718
0 0.10686 0.492245 0.0255377 0.0256206
0 0.0497431 0.344808 0.025362 0.0256406
0 0.77765 0.809507 0.0307626 0.0299446
0 0.420852 0.576752 0.0250248 0.0245106
0 0.441263 0.492337 0.0723479 0.0695813
0 0.851337 0.531536 0.0499874 0.048576
0 0.119966 0.467203 0.0261772 0.0262204
0 0.767728 0.99217 0.0302551 0.0156595
0 0.464702 0.660505 0.0242932 0.0241179
0 0.0513743 0.119881 0.0284027 0.0276622
0 0.438274 0.993094 0.0343697 0.0138125
0 0.505119 0.086656 0.0243979 0.023948
0 0.0112295 0.736115 0.0224325 0.0246636
0 0.406324 0.87795 0.0223753 0.0220483
0 0.165697 0.790294 0.0310746 0.0304653
0 0.00595116 0.307073 0.0119023 0.0252469
0 0.271192 0.541192 0.0243713 0.0240472
0 0.50642 0.451239 0.0243442 0.0239213
0 0.461158 0.589278 0.0243408 0.0241376
0 0.519324 0.556971 0.0323376 0.030669
0 0.662557 0.328501 0.0249346 0.0243052
0 0.497302 0.549211 0.0502402 0.0489732
0 0.370127 0.413712 0.0540593 0.0502489
0 0.0963434 0.942671 0.0414168 0.0395433
0 0.303726 0.0270518 0.0258283 0.0252237
0 0.702603 0.0129797 0.0247045 0.0240243
0 0.18213 0.243428 0.0237911 0.023398
0 0.0172586 0.32088 0.0265169 0.0265978
0 0.70064 0.366903 0.0256398 0.0262538
0 0.236704 0.574615 0.0221419 0.0221462
0 0.461661 0.340876 0.0224768 0.0224961
0 0.37968 0.415759 0.0381868 0.0363199
0 0.694881 0.040258 0.0273757 0.0269347
0 0.559328 0.778427 0.024435 0.0240057
0 0.00567053 0.785848 0.0113411 0.0272222
