0 0.351978 0.735267 0.132773 0.113121
0 0.849565 0.795552 0.149683 0.126336
0 0.216395 0.157596 0.1159 0.0955714
0 0.520989 0.660551 0.0506577 0.0423743
0 0.251438 0.855838 0.0523337 0.0440083
0 0.828023 0.368914 0.0458422 0.0368729
0 0.831611 0.153638 0.0336628 0.0273705
0 0.181723 0.694974 0.0399013 0.0331166
0 0.115921 0.669081 0.0371348 0.031109
0 0.636328 0.489496 0.0550505 0.0460365
0 0.567747 0.801614 0.0533124 0.0449021
0 0.854156 0.630361 0.0419502 0.0344067
0 0.289803 0.778864 0.0289779 0.0254588
0 0.845139 0.178108 0.034291 0.0282985
0 0.99085 0.206189 0.0182561 0.0310074
0 0.0178171 0.433131 0.0354092 0.0317009
0 0.31083 0.476878 0.0304502 0.0261345
0 0.434303 0.989594 0.0319414 0.0206416
0 0.37787 0.806796 0.045445 0.0378349
0 0.217499 0.598634 0.032095 0.027148
0 0.327796 0.881958 0.0441129 0.0376193
0 0.296693 0.966401 0.0285203 0.0247138
0 0.111632 0.294947 0.0359661 0.0294673
0 0.178684 0.831304 0.0365083 0.0304854
0 0.246628 0.30566 0.0366144 0.0307134
0 0.119991 0.983817 0.0294878 0.0255998
0 0.0645633 0.736478 0.128922 0.234002
0 0.700807 0.98998 0.0657148 0.02004
0 0.366142 0.849363 0.049081 0.0416948
0 0.491692 0.914768 0.0297545 0.0255389
0 0.473493 0.0277781 0.0322856 0.0285379
0 0.147527 0.307484 0.0307967 0.0237323
0 0.88074 0.0960872 0.0259156 0.0221113
0 0.399309 0.268004 0.0952969 0.0806761
0 0.958058 0.663855 0.0264064 0.0235226
0 0.100263 0.923504 0.0274426 0.023178
0 0.734262 0.700358 0.0285873 0.0239778
0 0.456477 0.308963 0.0724791 0.0611899
0 0.399825 0.453497 0.027465 0.0233066
0 0.547066 0.86065 0.153478 0.127458
0 0.218669 0.396173 0.211169 0.164555
0 0.881034 0.671888 0.0777526 0.0668297
0 0.453568 0.434684 0.0577608 0.0469253
0 0.649408 0.741047 0.027733 0.0235518
0 0.592538 0.538242 0.054668 0.0467533
0 0.16584 0.780298 0.0527654 0.0448196
0 0.133968 0.917186 0.0280239 0.0237169
0 0.961915 0.337796 0.0259806 0.0216977
0 0.493871 0.62218 0.0256319 0.0226239
0 0.0922169 0.776247 0.0674038 0.0579078
0 0.148928 0.820726 0.0276111 0.0232618
0 0.450967 0.546308 0.203455 0.16758
