0 0.296058 0.733627 0.282678 0.238441
0 0.223037 0.119826 0.0938825 0.0790684
0 0.086396 0.654028 0.0965384 0.0821221
0 0.911791 0.763912 0.0314466 0.0262589
0 0.0568691 0.0579466 0.111708 0.101625
0 0.482907 0.0614113 0.0389646 0.0332465
0 0.556469 0.0285086 0.0285806 0.0247379
0 0.760888 0.0717177 0.0964753 0.0776997
0 0.510512 0.0770609 0.0276198 0.0238866
0 0.20733 0.532279 0.25128 0.214061
0 0.628201 0.478583 0.18577 0.148229
0 0.195358 0.031793 0.0261606 0.0229469
0 0.0892439 0.125117 0.0534132 0.0473376
0 0.853022 0.0888141 0.0273972 0.0231354
0 0.029413 0.181726 0.0265191 0.0227955
0 0.832605 0.222418 0.13842 0.108695
0 0.985424 0.603437 0.02542 0.0220723
0 0.937676 0.686349 0.0264359 0.0225028
0 0.558798 0.134793 0.0304556 0.0257051
0 0.900479 0.901907 0.197249 0.195248
0 0.63199 0.37973 0.0283662 0.0229786
0 0.74341 0.465615 0.0279493 0.0231413
0 0.583674 0.238626 0.0906181 0.076615
0 0.0675879 0.257668 0.0266177 0.0236112
0 0.987096 0.960552 0.0248949 0.021402
