0 0.144425 0.706703 0.288849 0.275899
0 0.940571 0.332774 0.103436 0.0847541
0 0.774271 0.472454 0.160188 0.133809
0 0.614757 0.178881 0.0736223 0.0605582
0 0.838475 0.182125 0.109089 0.0888118
0 0.664963 0.460493 0.05617 0.0455452
0 0.30137 0.363828 0.046158 0.0391665
0 0.368409 0.870688 0.0621598 0.053051
0 0.562619 0.161754 0.0482197 0.0402628
0 0.164091 0.411982 0.061999 0.0539961
0 0.771721 0.107974 0.0577374 0.0480041
0 0.90439 0.602975 0.0328856 0.0279078
0 0.262389 0.445736 0.0474919 0.0386974
0 0.42882 0.438711 0.0302188 0.0252411
0 0.376087 0.547065 0.0327107 0.0271695
0 0.853971 0.719234 0.0772264 0.0633018
0 0.0607022 0.351601 0.091314 0.0784738
0 0.433241 0.522795 0.0275162 0.0243677
0 0.817406 0.105625 0.0399805 0.0324128
0 0.0703838 0.222348 0.0442497 0.0374851
0 0.800578 0.276454 0.126521 0.10215
0 0.605786 0.214472 0.0547285 0.044143
0 0.352739 0.915228 0.0672706 0.0560198
0 0.749428 0.862736 0.124152 0.104697
0 0.188058 0.393404 0.0298518 0.0255552
0 0.980227 0.645599 0.039546 0.103317
0 0.612495 0.933525 0.0497854 0.0420477
0 0.740715 0.358334 0.10579 0.0878298
0 0.839449 0.131325 0.0337567 0.02729
0 0.296102 0.0631059 0.0255564 0.0224923
0 0.312213 0.970651 0.0332183 0.02917
0 0.336955 0.753378 0.0960987 0.080975
0 0.944149 0.137329 0.0354178 0.0281892
0 0.491078 0.161488 0.0269868 0.0220827
0 0.0135324 0.315275 0.0257156 0.0232344
0 0.974806 0.0476327 0.0356245 0.0289248
0 0.511208 0.0079546 0.0491147 0.0158701
0 0.00431798 0.382987 0.00863596 0.0316848
0 0.797979 0.955326 0.102874 0.0847163
0 0.265883 0.934632 0.0321517 0.0265965
0 0.808353 0.967879 0.0764413 0.0619281
0 0.275049 0.470107 0.0248121 0.0218744
