0 0.654059 0.0573607 0.0585634 0.0474479
0 0.638343 0.243444 0.0421718 0.0355548
0 0.846845 0.922805 0.0498735 0.0406981
0 0.75446 0.149511 0.0497098 0.0411165
0 0.969847 0.349266 0.0361037 0.0316586
0 0.616321 0.49419 0.037762 0.0322729
0 0.792147 0.175769 0.0392616 0.0321933
0 0.0852768 0.0388906 0.030049 0.0269226
0 0.8503 0.276722 0.0326128 0.0276773
0 0.279448 0.693585 0.03354 0.0286671
0 0.674367 0.283599 0.0310924 0.026667
0 0.622498 0.274549 0.0308008 0.0260636
0 0.770491 0.354264 0.0303681 0.0267283
0 0.333529 0.0138407 0.0304432 0.02683
0 0.350047 0.641805 0.0346661 0.029047
0 0.929341 0.39593 0.0308636 0.0266717
0 0.165548 0.283777 0.0285135 0.0250042
0 0.0990392 0.724969 0.0347092 0.0295898
0 0.741474 0.491656 0.0276859 0.024345
0 0.90007 0.957164 0.0343623 0.0282427
0 0.563882 0.981697 0.0350928 0.0305829
0 0.708899 0.101053 0.0332176 0.0279206
0 0.443538 0.365307 0.0313993 0.0265418
0 0.366206 0.481962 0.0296072 0.0244556
0 0.83967 0.226365 0.0283051 0.0243839
0 0.570827 0.907939 0.0319858 0.0270646
0 0.802728 0.228849 0.0288267 0.0246195
0 0.167536 0.360188 0.0298309 0.0262854
0 0.393336 0.407685 0.0276813 0.0230637
0 0.968328 0.655516 0.0281814 0.0237844
0 0.990161 0.429676 0.0196773 0.0295908
0 0.575894 0.585405 0.0286047 0.0250011
0 0.312006 0.213099 0.0246726 0.022464
0 0.102951 0.0827246 0.0255212 0.0224372
0 0.791794 0.321926 0.0259962 0.0229137
0 0.843742 0.196289 0.036681 0.0323176
0 0.99382 0.128349 0.0123605 0.0285149
0 0.48535 0.570884 0.0263131 0.0227683
0 0.453485 0.498611 0.0290167 0.0243158
0 0.983509 0.253587 0.0321984 0.0290015
0 0.382216 0.549488 0.0266982 0.0222795
