0 0.153025 0.385041 0.0454383 0.0441123
0 0.859711 0.246433 0.0423531 0.0413567
0 0.478007 0.0936942 0.0351107 0.0342298
0 0.901575 0.404882 0.0327849 0.0315647
0 0.089982 0.64472 0.0359869 0.034318
0 0.976037 0.50966 0.0300306 0.0292647
0 0.96229 0.65539 0.032695 0.031531
0 0.878726 0.119569 0.0293732 0.028372
0 0.968549 0.445794 0.0300878 0.029213
0 0.179743 0.340914 0.0275922 0.0265384
0 0.95826 0.58293 0.0332186 0.0320136
0 0.783614 0.0897091 0.0257397 0.0253424
0 0.535884 0.308797 0.025182 0.0250134
0 0.154131 0.978862 0.0268683 0.0260665
0 0.957099 0.389472 0.0262122 0.0256288
0 0.909169 0.283959 0.0259228 0.0253347
0 0.192461 0.626439 0.0234014 0.0223261
0 0.17852 0.805747 0.0239536 0.0226151
0 0.86637 0.440096 0.0232219 0.0226439
0 0.307919 0.299146 0.0229812 0.0221182
0 0.135161 0.136327 0.0236469 0.0231661
0 0.825573 0.183676 0.0324078 0.0318399
