0 0.525401 0.637533 0.126544 0.0927872
0 0.893767 0.265478 0.193141 0.14308
0 0.750608 0.0746989 0.183486 0.138326
0 0.694114 0.20253 0.23101 0.1833
0 0.415118 0.0518444 0.206078 0.103689
0 0.622377 0.0445563 0.0842078 0.0648551
0 0.160636 0.0177919 0.100027 0.0355838
0 0.876815 0.890841 0.0529879 0.0407303
0 0.92076 0.50698 0.0556756 0.0430965
0 0.274765 0.513046 0.0377752 0.028264
0 0.0608894 0.58529 0.0384334 0.0281199
0 0.707901 0.520688 0.034909 0.0269066
0 0.811899 0.00816583 0.0413362 0.01625
0 0.593961 0.930264 0.295132 0.138923
0 0.897865 0.700532 0.032942 0.0255586
0 0.337775 0.45335 0.0310251 0.0237301
0 0.497047 0.577683 0.0311848 0.0235511
0 0.27216 0.0501558 0.166904 0.100312
0 0.634117 0.466431 0.0305195 0.0233441
0 0.426821 0.313337 0.0340887 0.0263087
0 0.835577 0.0375378 0.0843091 0.0673728
0 0.914837 0.115403 0.0314686 0.0251339
0 0.176134 0.773651 0.0290778 0.0226923
0 0.064795 0.79212 0.0294384 0.0228784
0 0.838691 0.191896 0.0487114 0.0361655
0 0.883503 0.777796 0.231899 0.174649
0 0.551945 0.355767 0.0323767 0.0246248
0 0.275071 0.336547 0.0277485 0.0222925
0 0.677779 0.751785 0.0282453 0.022004
0 0.0388834 0.129531 0.031874 0.0246984
0 0.813318 0.519134 0.0288853 0.0225723
0 0.464271 0.0989907 0.0270146 0.0225791
0 0.973064 0.691784 0.0531296 0.0441341
0 0.0757339 0.416394 0.0497465 0.0389007
0 0.85234 0.163928 0.0294625 0.0230941
