0 0.908159 0.511252 0.138908 0.132935
0 0.199993 0.0509161 0.125343 0.101832
0 0.442287 0.133152 0.0704794 0.0662388
0 0.628039 0.683223 0.135259 0.129279
0 0.58038 0.618394 0.0572937 0.0553484
0 0.334629 0.313103 0.0335883 0.0317612
0 0.614279 0.569729 0.0564419 0.0541389
0 0.621268 0.014948 0.0397449 0.0298613
0 0.212329 0.300413 0.0451698 0.0410598
0 0.63898 0.31782 0.0385413 0.0366613
0 0.41366 0.86209 0.0451941 0.041249
0 0.959801 0.416603 0.0351419 0.0340017
0 0.51468 0.563714 0.0532341 0.0510497
0 0.159872 0.478204 0.0457355 0.0435932
0 0.637432 0.804936 0.0318358 0.0304086
0 0.0200171 0.0404571 0.0400342 0.0399981
0 0.597347 0.891983 0.134041 0.12825
0 0.782617 0.399001 0.0440177 0.0432549
0 0.812258 0.345432 0.0272724 0.0267417
0 0.681985 0.901144 0.0479634 0.0453003
0 0.208817 0.649384 0.115018 0.105241
0 0.393982 0.0747604 0.0561963 0.0538374
0 0.507995 0.477744 0.0535261 0.0514495
0 0.147997 0.27645 0.0384125 0.0352718
0 0.726139 0.147585 0.0312867 0.0308638
0 0.409285 0.429214 0.0569296 0.0526761
0 0.859216 0.304059 0.0287147 0.0279169
0 0.1683 0.188615 0.0771604 0.0700596
0 0.274067 0.507712 0.0440073 0.0418797
0 0.624021 0.439109 0.0587313 0.0570566
0 0.118433 0.337066 0.0375514 0.0335581
0 0.384067 0.387505 0.0532364 0.0496449
0 0.0536524 0.604693 0.0336074 0.0321345
0 0.412086 0.489933 0.0337198 0.0311506
0 0.681045 0.463838 0.0277276 0.0270696
0 0.474462 0.00845444 0.0423305 0.0169003
0 0.896852 0.653211 0.206296 0.229568
0 0.108594 0.578274 0.0771175 0.0734834
0 0.51064 0.147995 0.0364659 0.03462
0 0.72687 0.682768 0.0698168 0.066982
0 0.107711 0.532979 0.0470666 0.0457558
0 0.176306 0.602731 0.0376091 0.035766
0 0.449275 0.0825609 0.0360229 0.0338148
0 0.637427 0.20335 0.0381642 0.0368621
0 0.680836 0.630474 0.0254834 0.0252533
0 0.122544 0.403776 0.0308883 0.0283084
0 0.374328 0.902027 0.0329944 0.0304928
0 0.214199 0.116791 0.0348834 0.0325242
0 0.70879 0.433596 0.033147 0.0325046
0 0.129261 0.790901 0.258327 0.418198
0 0.944697 0.143251 0.0302551 0.0298969
0 0.451065 0.760779 0.0316184 0.0285538
0 0.582718 0.820273 0.0483832 0.0467272
0 0.470725 0.960306 0.0244128 0.0231256
0 0.332255 0.516318 0.0449706 0.0417843
0 0.0846397 0.307577 0.0280362 0.0252769
0 0.941108 0.738651 0.0625412 0.059874
0 0.469841 0.256026 0.025076 0.0239366
0 0.373025 0.986082 0.0341369 0.0276766
0 0.983733 0.0865171 0.0299124 0.0293903
0 0.240116 0.481528 0.0361574 0.0349629
0 0.960172 0.977437 0.0327274 0.0304715
0 0.707901 0.460621 0.025454 0.0250182
0 0.75312 0.719092 0.032917 0.0320756
0 0.889571 0.297167 0.0230363 0.0227056
0 0.117726 0.684108 0.0428531 0.0387897
0 0.415784 0.535747 0.0349883 0.0334707
0 0.100881 0.159539 0.0432994 0.0397974
0 0.0662124 0.525279 0.0343354 0.0329933
0 0.527277 0.365698 0.0350747 0.0334575
0 0.970209 0.705353 0.0262673 0.0256334
0 0.534935 0.250307 0.585222 0.500614
0 0.714695 0.642212 0.0392171 0.0380699
0 0.25139 0.557107 0.0403188 0.0376405
0 0.531284 0.398289 0.0359145 0.0336894
0 0.234341 0.727147 0.0253032 0.0236616
0 0.476684 0.939429 0.0245465 0.0232918
0 0.100969 0.277191 0.0249514 0.0226997
0 0.365391 0.43032 0.0236422 0.0226669
0 0.775045 0.761586 0.0713582 0.0669764
0 0.4412 0.737518 0.0303874 0.0289488
0 0.472016 0.550053 0.0423769 0.0404971
0 0.386061 0.590956 0.0473714 0.044975
0 0.97015 0.948419 0.042031 0.0389454
0 0.707827 0.816249 0.0701967 0.0670889
0 0.413762 0.0997641 0.0368111 0.0362912
0 0.459805 0.488971 0.0569255 0.0542757
