0 0.808308 0.296689 0.0600414 0.0571017
0 0.793109 0.483332 0.0398941 0.0385501
0 0.441206 0.313383 0.0411994 0.0393198
0 0.569864 0.368704 0.0299139 0.0278056
0 0.178714 0.380532 0.0327693 0.0312201
0 0.954688 0.70309 0.0311989 0.0302804
0 0.379173 0.613449 0.032943 0.0320139
0 0.0891661 0.520204 0.0321817 0.0311246
0 0.582483 0.809489 0.0327554 0.0312602
0 0.0597985 0.523313 0.0273659 0.0268074
0 0.0831821 0.477611 0.0275014 0.026686
0 0.957204 0.344645 0.0327026 0.0319682
0 0.984477 0.342869 0.0310469 0.0338694
0 0.430704 0.169937 0.0313293 0.0299074
0 0.69196 0.754964 0.0256891 0.024907
0 0.215266 0.240188 0.0265278 0.0254355
0 0.19188 0.0861646 0.0249582 0.0235858
0 0.710977 0.388259 0.0261802 0.0247606
0 0.381897 0.655182 0.0240725 0.0233095
0 0.366062 0.313077 0.0243334 0.0230906
0 0.241166 0.978254 0.0272362 0.0255716
0 0.174117 0.599454 0.0261271 0.0251963
0 0.389448 0.827178 0.0237353 0.0228334
0 0.0235844 0.637506 0.0244586 0.0238748
0 0.337951 0.801777 0.0234019 0.0228963
0 0.876272 0.494455 0.0237513 0.0230658
0 0.872901 0.477971 0.0238705 0.0234136
0 0.990222 0.119956 0.0195555 0.0314727
0 0.131971 0.0796072 0.0266304 0.0244106
0 0.849159 0.92581 0.023315 0.0227874
0 0.776538 0.75992 0.0237474 0.0226235
0 0.340984 0.0942128 0.0234576 0.0225098
0 0.670728 0.402923 0.0237067 0.0230078
0 0.825523 0.519261 0.0233706 0.0224689
0 0.0892282 0.143433 0.0234925 0.0227592
0 0.723242 0.535444 0.0272775 0.0269482
0 0.270939 0.171628 0.0235877 0.0226935
0 0.18466 0.400538 0.0221776 0.0214693
0 0.778086 0.53285 0.0245558 0.0235706
0 0.872821 0.407221 0.0259763 0.0248199
0 0.24745 0.965745 0.023472 0.0227674
0 0.516126 0.980891 0.0262358 0.0257167
0 0.260632 0.184756 0.0235345 0.0220633
0 0.23461 0.695013 0.0220679 0.0214241
