0 0.142291 0.737041 0.278523 0.246841
0 0.461783 0.843077 0.0667518 0.0600569
0 0.0381511 0.33356 0.0763022 0.0922086
0 0.509564 0.950582 0.0581437 0.0513572
0 0.401535 0.789557 0.0445575 0.0409711
0 0.0162983 0.282293 0.0325967 0.0390078
0 0.912643 0.113083 0.0418701 0.0369541
0 0.0785468 0.436835 0.152227 0.138156
0 0.256063 0.982199 0.0544049 0.0352969
0 0.931754 0.920535 0.101837 0.0898164
0 0.141975 0.90573 0.0329094 0.0287811
0 0.204133 0.586208 0.0327655 0.0297157
0 0.517283 0.02793 0.0922642 0.0557798
0 0.882925 0.135764 0.0352543 0.0307145
0 0.524802 0.879098 0.0284245 0.02542
0 0.516806 0.716268 0.0329783 0.0295315
0 0.769767 0.737824 0.0372281 0.0327604
0 0.975381 0.842085 0.0309493 0.027236
0 0.880344 0.717451 0.0318449 0.0280452
0 0.178722 0.944298 0.0295595 0.0258951
0 0.968714 0.581383 0.0385449 0.0357194
0 0.673187 0.478651 0.0304782 0.0289489
0 0.953589 0.861294 0.0380645 0.034008
0 0.322258 0.386377 0.0290396 0.0259564
0 0.392408 0.218414 0.24359 0.202275
0 0.342061 0.505454 0.0275007 0.0244334
0 0.340506 0.00766892 0.0298707 0.0153378
0 0.271477 0.884409 0.101708 0.0898306
0 0.749039 0.691738 0.0307447 0.0273976
0 0.227255 0.360793 0.0269056 0.0241419
0 0.135825 0.244127 0.0274087 0.0237132
0 0.135209 0.608594 0.0353549 0.0315223
0 0.920186 0.45806 0.0408707 0.0382505
0 0.777052 0.768211 0.0281532 0.0247037
0 0.0631872 0.0692046 0.126257 0.13805
0 0.313383 0.474221 0.0270817 0.0240253
0 0.394891 0.0602284 0.0270444 0.0244549
0 0.00977923 0.196383 0.0195585 0.0228409
0 0.801994 0.00526585 0.029931 0.0104927
0 0.762496 0.591205 0.0248821 0.0233447
0 0.340599 0.663391 0.185805 0.177987
0 0.216012 0.873416 0.0316478 0.0273152
0 0.570421 0.523935 0.0242107 0.0226717
0 0.0677572 0.153949 0.0265841 0.0229042
0 0.845276 0.450184 0.0237265 0.0228344
0 0.751898 0.414074 0.0255363 0.0246396
0 0.0804671 0.200207 0.0250522 0.0213405
0 0.803218 0.284267 0.0271213 0.0244753
0 0.749171 0.912316 0.0250196 0.0219526
0 0.847131 0.0338184 0.0266124 0.0235786
0 0.797225 0.635045 0.0254364 0.0234735
0 0.566432 0.0920136 0.0286429 0.0256805
0 0.0373491 0.924652 0.074573 0.127476
0 0.809518 0.774135 0.0237857 0.0213962
0 0.722709 0.54084 0.0318439 0.0300073
0 0.55928 0.740968 0.0246951 0.0224178
0 0.616513 0.178377 0.0966136 0.0882402
