0 0.720995 0.779017 0.072611 0.0704574
0 0.808834 0.147742 0.041681 0.0410616
0 0.821134 0.933981 0.050365 0.0483842
0 0.074064 0.4791 0.0480228 0.0463033
0 0.413454 0.983126 0.0564176 0.0337179
0 0.635805 0.377075 0.0322976 0.0317664
0 0.507977 0.0111234 0.0556458 0.0221921
0 0.972061 0.701774 0.031281 0.0303712
0 0.70661 0.825901 0.230048 0.219819
0 0.617023 0.310387 0.026247 0.025544
0 0.939138 0.573302 0.030896 0.0296845
0 0.0525107 0.436879 0.0480642 0.0465639
0 0.677701 0.0530148 0.0280142 0.0275623
0 0.403145 0.852255 0.117524 0.113489
0 0.708443 0.39443 0.0261636 0.0256504
0 0.347727 0.913527 0.0385379 0.0372866
0 0.796425 0.449649 0.025606 0.0247138
0 0.119869 0.411912 0.0540947 0.0517882
0 0.213179 0.522869 0.0256707 0.024914
0 0.0318002 0.468776 0.044911 0.0434954
0 0.427462 0.188722 0.0243711 0.0231061
0 0.989758 0.0141117 0.0204848 0.0282235
0 0.551387 0.0234516 0.0245564 0.0234889
0 0.857969 0.205364 0.0240589 0.0234694
0 0.690241 0.695028 0.037132 0.0352344
0 0.463945 0.287062 0.0233266 0.0229518
0 0.583829 0.659207 0.0232575 0.0226649
0 0.379112 0.968069 0.045474 0.0425201
0 0.638315 0.627311 0.0228403 0.0220432
0 0.727156 0.962837 0.0286482 0.0279166
0 0.0387028 0.500282 0.0372196 0.035749
0 0.280835 0.746146 0.0231836 0.0226715
0 0.634837 0.22023 0.0225334 0.0222219
0 0.906783 0.190773 0.0218813 0.0213473
0 0.242953 0.429673 0.0235832 0.0229852
0 0.116632 0.710253 0.0241052 0.0233765
0 0.81933 0.934855 0.18471 0.129983
0 0.0109542 0.545597 0.0219083 0.127627
0 0.484686 0.586126 0.0225995 0.0221908
0 0.876937 0.27064 0.0222881 0.0215227
