0 0.591448 0.739359 0.112634 0.0859178
0 0.939958 0.792571 0.0451255 0.0344934
0 0.223841 0.337239 0.0415424 0.0333574
0 0.42429 0.0148749 0.0587592 0.0297499
0 0.140558 0.900287 0.0355507 0.0275228
0 0.828308 0.413229 0.343383 0.295971
0 0.135094 0.949319 0.0913018 0.0718487
0 0.155694 0.121333 0.031399 0.0248609
0 0.209135 0.864202 0.038968 0.0293608
0 0.0809512 0.972595 0.0333597 0.0252361
0 0.23735 0.917914 0.0564639 0.0444672
0 0.409319 0.879055 0.0390404 0.0293991
0 0.271425 0.944169 0.0313098 0.0238748
0 0.759234 0.386048 0.0352495 0.0279218
0 0.823818 0.959845 0.0362363 0.0265282
0 0.254171 0.326092 0.0294278 0.0236549
0 0.810596 0.601949 0.0360911 0.027147
0 0.321109 0.873162 0.0785849 0.0586805
0 0.0292323 0.119839 0.0415785 0.0334279
0 0.581158 0.130891 0.373208 0.26055
0 0.309005 0.9176 0.0286005 0.0221277
0 0.330676 0.996062 0.0330761 0.00787602
0 0.0485938 0.60641 0.0282265 0.0223654
0 0.141318 0.244998 0.0323617 0.0261853
0 0.0438148 0.768123 0.0876296 0.225386
