0 0.732062 0.950411 0.0790019 0.0736726
0 0.787758 0.24825 0.18711 0.179293
0 0.409814 0.668873 0.068287 0.0643156
0 0.351064 0.283861 0.118949 0.106272
0 0.753078 0.500153 0.0675386 0.0637171
0 0.486604 0.223835 0.0652459 0.0612006
0 0.638912 0.516344 0.0439529 0.041221
0 0.554869 0.413363 0.0594943 0.0572697
0 0.632522 0.582013 0.0812367 0.0757383
0 0.284741 0.213158 0.148772 0.136708
0 0.367486 0.7799 0.0407862 0.0383863
0 0.843547 0.655195 0.0274385 0.0261396
0 0.655144 0.393229 0.0418355 0.0395458
0 0.676239 0.773168 0.0306705 0.0292497
0 0.564667 0.605233 0.0526835 0.0491562
0 0.856189 0.911246 0.0530202 0.0481022
0 0.695291 0.856876 0.0411822 0.0386631
0 0.386866 0.349927 0.0741827 0.0676862
0 0.0874268 0.90618 0.0318675 0.0295174
0 0.376223 0.541082 0.0385923 0.0360909
0 0.728367 0.839969 0.0272831 0.0261093
0 0.51104 0.742679 0.0399296 0.0368058
0 0.167074 0.294711 0.239048 0.220796
0 0.457213 0.679626 0.0282156 0.0261955
0 0.156378 0.904548 0.0392339 0.0355924
0 0.75104 0.891656 0.0444498 0.0411134
0 0.342276 0.0672365 0.0363372 0.0342575
0 0.518798 0.947948 0.0403191 0.0392194
0 0.244302 0.00752464 0.0393585 0.0149754
0 0.423755 0.745313 0.0677611 0.0626454
0 0.834602 0.802029 0.175167 0.161548
0 0.263985 0.70499 0.0356399 0.0329759
0 0.536182 0.687164 0.0300939 0.0278144
0 0.0243943 0.360597 0.048755 0.0699488
0 0.273731 0.870344 0.056991 0.0519956
0 0.734449 0.627342 0.0244884 0.0237654
0 0.722508 0.17596 0.0424879 0.0402137
0 0.209101 0.610796 0.0254654 0.0240565
0 0.00894143 0.740918 0.0178829 0.0273658
0 0.0283257 0.794393 0.0356727 0.0330409
0 0.613219 0.906142 0.032352 0.0305322
0 0.275274 0.913225 0.043946 0.041369
0 0.618977 0.00480182 0.0275802 0.00955599
0 0.881209 0.707282 0.0246289 0.0233777
0 0.278901 0.524278 0.0457311 0.042734
0 0.722641 0.401388 0.0300207 0.0286891
0 0.206053 0.91475 0.0266009 0.0249305
0 0.714172 0.900247 0.0258474 0.0246773
0 0.956018 0.287446 0.0874727 0.434335
0 0.355089 0.166707 0.0398151 0.037165
0 0.938857 0.822693 0.121943 0.218208
0 0.220515 0.354565 0.0579842 0.0502933
0 0.334328 0.748281 0.0523057 0.0491726
0 0.772734 0.425386 0.0239502 0.0229403
0 0.940105 0.662795 0.0505484 0.0469704
0 0.276473 0.114141 0.0481418 0.0454201
0 0.604184 0.881784 0.0250718 0.0238535
0 0.189004 0.0324355 0.0501984 0.0476163
0 0.604654 0.97018 0.0292249 0.0278985
0 0.840671 0.946869 0.0819634 0.0760914
0 0.589956 0.709161 0.0368833 0.0338779
0 0.52984 0.706341 0.0245466 0.0230663
0 0.472306 0.756384 0.037102 0.0347035
0 0.360685 0.130231 0.0493921 0.0462019
0 0.0945087 0.865996 0.0288844 0.0266272
0 0.63366 0.933932 0.0239266 0.0226684
0 0.62052 0.061699 0.0232878 0.0224433
0 0.664247 0.0967238 0.028979 0.0277776
0 0.0526538 0.937251 0.105308 0.125497
0 0.0697343 0.857414 0.0242309 0.0226458
0 0.0995588 0.183062 0.0656776 0.0610881
0 0.939959 0.55784 0.119776 0.136406
0 0.12196 0.117744 0.0391881 0.0360765
0 0.323505 0.26551 0.56575 0.531019
0 0.916429 0.344939 0.0227873 0.0215471
