0 0.320337 0.279395 0.571136 0.558791
0 0.0597131 0.855844 0.0483165 0.0460941
0 0.327816 0.927188 0.0512193 0.0499243
0 0.833397 0.616782 0.0368883 0.0358891
0 0.935818 0.574649 0.0437026 0.0428123
0 0.428803 0.963093 0.028655 0.028461
0 0.890839 0.313168 0.024756 0.0244325
0 0.711364 0.611144 0.0312715 0.0309608
0 0.91989 0.289488 0.0965375 0.0901513
0 0.844213 0.86207 0.0580792 0.0571814
0 0.850971 0.793287 0.0255842 0.0251904
0 0.887527 0.427063 0.0223896 0.02186
0 0.802689 0.30022 0.0248735 0.0246835
0 0.805433 0.899671 0.0505368 0.0491974
0 0.0224515 0.595369 0.0426898 0.0424542
0 0.0534121 0.885604 0.0255431 0.0248351
