0 0.484867 0.298332 0.202623 0.152791
0 0.692053 0.666714 0.248204 0.193254
0 0.413551 0.953265 0.0729898 0.0570676
0 0.425581 0.444009 0.0767457 0.0596335
0 0.521889 0.954804 0.0575154 0.0459654
0 0.0845392 0.433576 0.0740857 0.0566107
0 0.679227 0.177675 0.0424047 0.0337832
0 0.669944 0.984757 0.0479727 0.0304317
0 0.244423 0.170057 0.0351744 0.0277128
0 0.102357 0.229977 0.035489 0.0279683
0 0.265646 0.0473801 0.0437726 0.0346239
0 0.979758 0.713566 0.0404839 0.0442069
0 0.0850282 0.337778 0.0315964 0.0250866
0 0.131453 0.597734 0.0391573 0.0322978
0 0.493045 0.680138 0.0514896 0.0411285
0 0.969703 0.893643 0.0605932 0.0999983
0 0.115975 0.158134 0.0313041 0.0244138
0 0.822377 0.989432 0.0504112 0.0211362
0 0.186811 0.387735 0.0309795 0.023691
0 0.195039 0.0263562 0.0322169 0.0255538
0 0.0167978 0.453061 0.0335957 0.0932619
0 0.17734 0.966155 0.0292076 0.0236197
0 0.271541 0.974713 0.0447408 0.0356324
0 0.83006 0.901787 0.0336266 0.0275293
0 0.989333 0.952864 0.0209308 0.025585
0 0.29649 0.625743 0.0499931 0.0400774
0 0.267773 0.79055 0.0293144 0.0240135
0 0.963165 0.794852 0.0501959 0.0395475
0 0.835948 0.866346 0.0311682 0.025269
0 0.198263 0.433528 0.0345996 0.0271007
0 0.279805 0.843762 0.0451339 0.0365856
0 0.770173 0.467714 0.45356 0.456522
0 0.432833 0.720121 0.0323383 0.0261392
0 0.508498 0.46299 0.0329639 0.0268007
0 0.980231 0.177318 0.0391639 0.0915468
0 0.450793 0.626332 0.0324958 0.0255713
0 0.498511 0.732731 0.0462985 0.036331
0 0.0516071 0.911863 0.0277051 0.0222795
0 0.265304 0.428675 0.0480828 0.0374472
0 0.0554115 0.837057 0.026154 0.021769
0 0.329274 0.523601 0.028631 0.0226121
0 0.0473073 0.322496 0.0276807 0.0216134
0 0.00582763 0.34986 0.0116553 0.0605879
0 0.887438 0.716196 0.0359186 0.0282488
0 0.424191 0.0597693 0.0388084 0.0311024
0 0.218008 0.408125 0.0446616 0.0342213
0 0.216518 0.00743258 0.0301696 0.0148197
0 0.312835 0.59807 0.0546279 0.043488
0 0.171462 0.792043 0.0315332 0.0249865
0 0.297842 0.514907 0.0337886 0.0267346
0 0.939453 0.671732 0.0280691 0.021605
0 0.923007 0.831344 0.0856246 0.0663982
0 0.871444 0.981697 0.0307062 0.025019
