0 0.298875 0.416097 0.225615 0.184303
0 0.856126 0.749016 0.188682 0.161299
0 0.65987 0.693723 0.0527937 0.0437095
0 0.746186 0.362985 0.0547872 0.0453455
0 0.317177 0.379464 0.0405647 0.0340142
0 0.830298 0.530276 0.0333957 0.0281227
0 0.947243 0.422124 0.0487885 0.0406428
0 0.894206 0.60637 0.0407782 0.0330287
0 0.443283 0.853686 0.507288 0.291312
0 0.805415 0.548421 0.0364927 0.0311568
0 0.845917 0.399098 0.0453024 0.0377269
0 0.327878 0.521549 0.0398309 0.0323407
0 0.888121 0.472979 0.037033 0.0313008
0 0.636211 0.0630122 0.246774 0.125922
0 0.371921 0.405006 0.0298845 0.024975
0 0.86055 0.545098 0.033148 0.0267816
0 0.736445 0.835825 0.0356084 0.0286849
0 0.769764 0.600116 0.0347015 0.0291505
0 0.633232 0.545083 0.0359395 0.0294789
0 0.824831 0.146948 0.0477054 0.0413257
0 0.887496 0.156307 0.0487709 0.0424268
0 0.986311 0.659676 0.0273773 0.0291514
0 0.985504 0.189546 0.0286703 0.026092
0 0.924878 0.128369 0.0483311 0.0417147
0 0.165741 0.87113 0.0703829 0.0560593
0 0.71641 0.466739 0.0333219 0.0282578
0 0.239877 0.407686 0.030282 0.0241941
0 0.692272 0.988434 0.0585098 0.0231324
0 0.348425 0.389234 0.0274841 0.0232931
0 0.905466 0.642765 0.0356887 0.0293465
0 0.917258 0.895013 0.0306702 0.0247957
0 0.854714 0.0194474 0.0626678 0.0386789
0 0.992927 0.698509 0.0141467 0.0337001
0 0.858703 0.364273 0.0311174 0.0267105
0 0.777546 0.0764947 0.036328 0.0310038
0 0.277123 0.378144 0.0320676 0.0269083
0 0.975363 0.399527 0.0297723 0.0254513
0 0.745641 0.407576 0.0520285 0.0443865
0 0.891057 0.360443 0.0308332 0.0266576
0 0.533568 0.97564 0.0280354 0.0228257
0 0.247331 0.134556 0.0266855 0.0213521
0 0.246839 0.615411 0.0265093 0.0224439
0 0.316482 0.500883 0.026177 0.0231302
0 0.835155 0.766882 0.0280197 0.0222671
0 0.786537 0.399237 0.0294435 0.0252456
0 0.696835 0.712606 0.0279683 0.0230986
0 0.414998 0.449018 0.0265156 0.0225352
0 0.579264 0.617807 0.0268939 0.0228615
