0 0.792462 0.0622035 0.126978 0.0982584
0 0.241184 0.340608 0.142006 0.109263
0 0.420404 0.55357 0.0825082 0.0621443
0 0.895483 0.209431 0.0942828 0.0714918
0 0.859754 0.955023 0.0571251 0.041157
0 0.410385 0.0706694 0.331143 0.140654
0 0.248909 0.803089 0.164265 0.118182
0 0.960023 0.837463 0.0450368 0.0340936
0 0.573507 0.480926 0.0612757 0.0454826
0 0.891639 0.903126 0.046839 0.0357546
0 0.687323 0.793076 0.0511584 0.0383739
0 0.259299 0.616276 0.0814397 0.0602374
0 0.84166 0.176934 0.0967221 0.0738094
0 0.944626 0.597367 0.0691859 0.0517926
0 0.879815 0.0449402 0.0737692 0.0589546
0 0.707893 0.09721 0.0487618 0.0380705
0 0.268066 0.661339 0.0550003 0.0404484
0 0.467162 0.728329 0.11609 0.0830481
0 0.72952 0.0254358 0.139578 0.0506589
0 0.737671 0.956869 0.056007 0.0417752
0 0.278084 0.166657 0.11502 0.083841
0 0.727082 0.194662 0.0496562 0.0363149
0 0.30094 0.948667 0.0806526 0.0620883
0 0.941045 0.474943 0.0779539 0.0590736
0 0.443069 0.2224 0.0635621 0.0482456
0 0.601158 0.553081 0.0350108 0.0263071
0 0.76034 0.218642 0.0477497 0.035072
0 0.982251 0.341876 0.0354971 0.0429927
0 0.888513 0.504974 0.0619245 0.0464264
0 0.671959 0.204629 0.0501606 0.0376789
0 0.221277 0.674593 0.0401073 0.0305166
0 0.305964 0.28237 0.048981 0.0364962
0 0.766997 0.167408 0.0652881 0.0495721
0 0.969803 0.192744 0.0603368 0.0628109
0 0.964912 0.375361 0.0468171 0.0355709
0 0.698508 0.0602452 0.0366015 0.0275421
0 0.887762 0.134211 0.0466719 0.0353289
0 0.972251 0.501937 0.0384858 0.0280467
0 0.161016 0.044132 0.0373535 0.0282185
0 0.401632 0.929116 0.0591661 0.0431702
0 0.605311 0.845723 0.0299428 0.0228567
0 0.948727 0.0847285 0.0856707 0.0626248
0 0.946747 0.0065369 0.0476109 0.0130135
0 0.850503 0.130269 0.0381334 0.029407
0 0.981613 0.0133529 0.0366455 0.0266986
0 0.139793 0.175826 0.0375841 0.0283942
0 0.928081 0.0459334 0.0322013 0.0240377
0 0.373668 0.213151 0.0710916 0.0520818
0 0.379225 0.195441 0.106566 0.0805898
0 0.668837 0.109133 0.0340191 0.025393
0 0.949767 0.441086 0.0524678 0.0388003
0 0.83749 0.107649 0.0313923 0.0243011
0 0.926807 0.282038 0.0424087 0.0329707
0 0.175396 0.295504 0.0356258 0.0265031
0 0.772405 0.104474 0.0284343 0.0228242
0 0.634804 0.625571 0.0425262 0.0315146
0 0.744492 0.122306 0.0420469 0.031128
0 0.870609 0.0924301 0.0488846 0.0369225
0 0.864036 0.867281 0.0347012 0.025347
0 0.0143752 0.110876 0.0276192 0.0226821
0 0.699882 0.620898 0.0401435 0.0304329
0 0.321832 0.37031 0.0736114 0.0548725
0 0.521593 0.256465 0.0379393 0.0299356
0 0.862566 0.0154065 0.0500085 0.0306789
0 0.877385 0.168129 0.0460858 0.0364114
0 0.0161986 0.968028 0.0320151 0.0266414
0 0.33837 0.560432 0.0287361 0.0227208
0 0.383851 0.595234 0.0491426 0.0363548
0 0.381917 0.180367 0.0760556 0.055602
0 0.416986 0.147284 0.0380325 0.0298783
0 0.624994 0.716459 0.0893493 0.0603037
0 0.387071 0.668481 0.0871569 0.0656695
0 0.491623 0.153736 0.0451712 0.0347439
0 0.554112 0.236098 0.0389596 0.0294453
0 0.908327 0.56618 0.0369079 0.0262891
0 0.926827 0.340517 0.0468993 0.0352736
0 0.672618 0.925846 0.0302823 0.0231519
0 0.985267 0.612523 0.029423 0.0896
0 0.110935 0.155297 0.0375711 0.0294258
0 0.465431 0.163241 0.0741913 0.0550401
0 0.156163 0.276703 0.049287 0.0375633
0 0.720628 0.156685 0.0439751 0.032364
