0 0.300475 0.708744 0.0987275 0.0979082
0 0.636333 0.514319 0.061016 0.0594703
0 0.596867 0.23445 0.0361126 0.0344909
0 0.980593 0.219086 0.0388136 0.0511925
0 0.268785 0.644031 0.0677981 0.0678815
0 0.804747 0.62608 0.0285485 0.027568
0 0.085468 0.313037 0.0272639 0.0265279
0 0.0235158 0.666061 0.0350925 0.0337719
0 0.775781 0.423338 0.0245052 0.0241532
0 0.195986 0.275691 0.0245263 0.0239568
0 0.197512 0.713813 0.0279105 0.0273998
0 0.880304 0.0530715 0.0259431 0.0256207
0 0.646701 0.962786 0.0296365 0.0292223
0 0.229375 0.302042 0.0301049 0.0293329
0 0.12867 0.805637 0.0264357 0.0256798
0 0.717975 0.531115 0.0243447 0.0241771
0 0.251355 0.985747 0.024269 0.0242683
0 0.659683 0.824078 0.0267694 0.0265846
0 0.980067 0.9173 0.0237472 0.0231155
0 0.494212 0.459829 0.0303888 0.0298584
0 0.335003 0.387463 0.0274726 0.0268147
0 0.774169 0.2828 0.0319705 0.0312881
0 0.484226 0.33423 0.0337314 0.0327572
0 0.364072 0.965382 0.0295534 0.0287803
0 0.212127 0.680388 0.028615 0.0277104
0 0.38054 0.313234 0.025632 0.0254155
0 0.652029 0.880632 0.0255792 0.0255075
0 0.878639 0.837926 0.0224967 0.0219731
0 0.46026 0.240626 0.0284568 0.0281735
0 0.618126 0.157815 0.0231705 0.0228762
0 0.85816 0.960342 0.0843073 0.0789899
0 0.322649 0.21361 0.0243946 0.0247031
0 0.370908 0.363157 0.0240095 0.0235144
0 0.451954 0.196346 0.0243835 0.0240498
0 0.0179238 0.856697 0.0357717 0.0500913
0 0.809464 0.568261 0.0247178 0.0244269
0 0.0782316 0.275095 0.0314523 0.0303094
0 0.0623959 0.803929 0.0241795 0.0233058
0 0.446205 0.371481 0.0273963 0.0275911
0 0.0324111 0.391657 0.0297562 0.0288394
