0 0.613055 0.534027 0.487984 0.346356
0 0.759125 0.0991446 0.178497 0.132464
0 0.196243 0.574656 0.0743098 0.0548494
0 0.0527763 0.0421308 0.0515639 0.0392843
0 0.310759 0.360608 0.0418103 0.0322741
0 0.449201 0.0134799 0.0356048 0.0263352
0 0.414124 0.287938 0.0755996 0.0574007
0 0.395668 0.0642864 0.0363089 0.0277042
0 0.974037 0.49969 0.0316499 0.0249012
0 0.54428 0.0893591 0.0409223 0.0307564
0 0.016723 0.14592 0.0311816 0.0241259
0 0.987815 0.186578 0.0243145 0.0739492
0 0.126131 0.120602 0.0331455 0.0249869
0 0.711732 0.0446244 0.053173 0.0403682
0 0.0209572 0.484782 0.0413437 0.0338792
0 0.497474 0.93476 0.0308973 0.0234372
0 0.772201 0.774609 0.226581 0.16968
0 0.213689 0.44946 0.0337786 0.024727
0 0.790625 0.0383741 0.0411148 0.0318481
0 0.75385 0.916354 0.0325561 0.0243509
0 0.685093 0.848121 0.0706344 0.0548089
0 0.919343 0.942785 0.111513 0.0843983
0 0.207323 0.169519 0.0285918 0.0223001
0 0.623538 0.0305002 0.0471861 0.0367093
0 0.0670094 0.937912 0.134013 0.122374
0 0.882599 0.688636 0.175179 0.131442
0 0.0035655 0.620144 0.00713101 0.0228779
0 0.721909 0.0101515 0.0392897 0.0202496
0 0.0188462 0.669785 0.0293298 0.0229461
