0 0.26245 0.197172 0.328324 0.243626
0 0.83518 0.649708 0.269006 0.190311
0 0.78728 0.188131 0.0978727 0.0729859
0 0.517202 0.961378 0.0835665 0.0651693
0 0.71402 0.442611 0.0391077 0.0294467
0 0.662695 0.927284 0.0773852 0.0593219
0 0.332336 0.318957 0.144289 0.114313
0 0.710056 0.889765 0.0756431 0.0571244
0 0.387385 0.392482 0.0662395 0.0495664
0 0.0336368 0.206451 0.0672574 0.071383
0 0.15839 0.83906 0.0529191 0.0413439
0 0.494743 0.785407 0.068952 0.052295
0 0.265501 0.600608 0.148532 0.109878
0 0.804166 0.122871 0.0609773 0.0468812
0 0.317341 0.900887 0.230542 0.165636
0 0.0134695 0.551177 0.0269391 0.0406799
0 0.626826 0.755778 0.198995 0.150588
0 0.206738 0.368289 0.0395877 0.0300032
0 0.421522 0.562447 0.109192 0.0855637
0 0.703093 0.718286 0.164106 0.122641
0 0.526446 0.701988 0.0309015 0.0242879
0 0.635828 0.370023 0.0650832 0.0500241
0 0.45595 0.990491 0.046713 0.0190186
0 0.911359 0.444223 0.0357095 0.027945
0 0.945241 0.20767 0.0337694 0.0255336
0 0.123888 0.49844 0.0384735 0.028999
0 0.200473 0.940354 0.0530395 0.0393325
0 0.897461 0.778616 0.0291558 0.0230749
0 0.698979 0.986612 0.0621871 0.02648
0 0.733847 0.143979 0.0409218 0.0308082
0 0.877627 0.856419 0.0624722 0.0471783
0 0.184522 0.526199 0.0526226 0.039049
0 0.36139 0.584453 0.106706 0.0788119
0 0.961018 0.98299 0.0432846 0.0333515
0 0.742747 0.0507957 0.0491138 0.0386227
0 0.882343 0.0608658 0.0433027 0.0340332
0 0.960156 0.401569 0.0777457 0.05773
0 0.458465 0.0217953 0.0313572 0.0244526
0 0.847723 0.381836 0.0416808 0.0318505
0 0.474181 0.782998 0.201463 0.153397
0 0.574332 0.175084 0.0641832 0.0489869
0 0.845737 0.771251 0.0283666 0.0226401
0 0.814235 0.0155258 0.0556505 0.0310517
0 0.44163 0.0395697 0.0330602 0.0265335
0 0.894327 0.131696 0.0435209 0.0340885
0 0.0840678 0.917234 0.168136 0.165079
0 0.590069 0.521531 0.0288732 0.022383
0 0.934961 0.303644 0.070048 0.0536417
0 0.981457 0.525328 0.0282977 0.0218039
0 0.459035 0.122381 0.0396358 0.0311994
0 0.128457 0.333461 0.164891 0.121288
0 0.570382 0.701194 0.0422517 0.0323758
0 0.639645 0.376048 0.0746839 0.0572922
0 0.600329 0.0367225 0.194525 0.0732683
0 0.931598 0.59145 0.125184 0.0957405
0 0.608305 0.133196 0.0476844 0.0361754
0 0.178327 0.301058 0.0447424 0.0339548
0 0.472755 0.55063 0.0736159 0.0584073
0 0.0612421 0.383397 0.12248 0.135328
0 0.943116 0.829293 0.0358507 0.0276251
0 0.0185663 0.269385 0.0370478 0.0826643
0 0.642548 0.994729 0.0336936 0.0105419
0 0.877466 0.978809 0.0314516 0.0244329
0 0.983353 0.865959 0.0287833 0.023029
0 0.813152 0.0637493 0.0901613 0.0705808
0 0.697731 0.821004 0.0450961 0.0346252
0 0.224815 0.945171 0.212733 0.109079
0 0.766594 0.00558612 0.0453079 0.0111105
