0 0.649338 0.283657 0.0408651 0.0389125
0 0.573482 0.140464 0.0540819 0.0526438
0 0.545299 0.179154 0.0404503 0.03978
0 0.0390534 0.115502 0.0307667 0.0269008
0 0.623028 0.255144 0.0469999 0.0449953
0 0.55993 0.197987 0.0300131 0.0296719
0 0.222043 0.473812 0.104525 0.0939666
0 0.0233341 0.184117 0.0411249 0.0367465
0 0.447878 0.145722 0.0345222 0.0334761
0 0.741328 0.351423 0.0544624 0.0501021
0 0.877205 0.656631 0.0297606 0.0264456
0 0.388236 0.248017 0.0253755 0.0246445
0 0.536599 0.777987 0.0259337 0.0245855
0 0.603938 0.222922 0.026276 0.0251209
0 0.442725 0.868113 0.0504119 0.0456572
0 0.0138971 0.648645 0.0270102 0.0235298
0 0.0529173 0.175019 0.0278244 0.0247824
