0 0.184475 0.263185 0.0536675 0.0519901
0 0.204948 0.0353162 0.0444256 0.042945
0 0.184707 0.527063 0.106563 0.100969
0 0.478425 0.644377 0.0568841 0.0549338
0 0.186324 0.71813 0.0722595 0.0687656
0 0.739409 0.592263 0.0380955 0.037354
0 0.801576 0.153633 0.0331648 0.0316506
0 0.299739 0.800264 0.0330967 0.033021
0 0.921736 0.444903 0.156528 0.338327
0 0.558607 0.168286 0.0296485 0.0289771
0 0.0113213 0.588875 0.0226189 0.0296605
0 0.372849 0.985032 0.0390135 0.0296861
0 0.213131 0.0756367 0.0266933 0.026032
0 0.956833 0.739698 0.0314878 0.030561
0 0.123094 0.594532 0.0437534 0.0407968
0 0.795514 0.198304 0.0271792 0.0256528
0 0.762669 0.56151 0.026947 0.0256946
0 0.858595 0.550532 0.0577453 0.0557272
0 0.743105 0.424375 0.0271785 0.0261589
0 0.405637 0.00826052 0.0238638 0.0165027
0 0.316972 0.190634 0.0240606 0.0236001
0 0.779052 0.0986721 0.0236685 0.0233174
0 0.83534 0.139661 0.0254009 0.024232
0 0.97589 0.0111472 0.0255803 0.0222945
0 0.644268 0.558484 0.0238774 0.023422
0 0.70235 0.592235 0.0253154 0.0248049
0 0.655741 0.448265 0.023801 0.0230173
0 0.658083 0.312807 0.026309 0.0253637
0 0.469954 0.141296 0.0235009 0.023129
0 0.535899 0.960246 0.0578312 0.0551867
0 0.0430854 0.619438 0.0244379 0.0234024
0 0.838928 0.196561 0.0274937 0.0266119
0 0.723901 0.562258 0.027072 0.0259242
0 0.173722 0.134679 0.0230635 0.0229771
0 0.228403 0.43866 0.095309 0.0893337
0 0.265994 0.931564 0.115475 0.112881
0 0.857159 0.119103 0.0229541 0.0224541
0 0.672206 0.301439 0.023417 0.0224596
