0 0.736896 0.590654 0.162009 0.144512
0 0.64412 0.81796 0.0517529 0.0454908
0 0.713647 0.91658 0.0798008 0.0692161
0 0.66703 0.327796 0.033788 0.029735
0 0.240676 0.038537 0.269379 0.077074
0 0.160726 0.70048 0.0284952 0.0265288
0 0.806489 0.265581 0.0280245 0.0252177
0 0.0440973 0.703336 0.0258141 0.0237062
0 0.747966 0.083119 0.035929 0.0325175
0 0.812832 0.730785 0.0274215 0.0249813
0 0.893572 0.642521 0.0307567 0.0285232
0 0.514963 0.710928 0.0246174 0.0230196
0 0.954663 0.886882 0.0248053 0.0225661
0 0.768834 0.873248 0.460508 0.250498
0 0.68724 0.0438504 0.0246881 0.022658
0 0.820389 0.317239 0.0320692 0.0289842
0 0.220197 0.270644 0.0433001 0.0369088
0 0.407115 0.464714 0.0313564 0.0276616
0 0.241454 0.182936 0.0914454 0.0771744
