0 0.270807 0.332528 0.0744129 0.0736091
0 0.342167 0.968165 0.0388956 0.0381001
0 0.219252 0.731435 0.03729 0.036164
0 0.954239 0.241228 0.0340357 0.0325212
0 0.499541 0.598697 0.0326405 0.0317562
0 0.202561 0.0345977 0.0316374 0.0298848
0 0.674798 0.100589 0.0270208 0.0265678
0 0.219611 0.0494742 0.0256891 0.0242867
0 0.17221 0.636504 0.0247339 0.0233996
0 0.823611 0.619115 0.0423732 0.0402453
0 0.726172 0.203389 0.0230992 0.0223453
0 0.668212 0.849147 0.023164 0.0221729
0 0.889781 0.626929 0.0230498 0.0225943
