0 0.298339 0.105956 0.219232 0.167557
0 0.707677 0.888272 0.169552 0.128945
0 0.614962 0.232679 0.167627 0.133082
0 0.136068 0.501577 0.0937446 0.0735433
0 0.776146 0.0496348 0.171939 0.0989757
0 0.58703 0.0805102 0.238165 0.160727
0 0.771375 0.278212 0.203143 0.16289
0 0.0895783 0.952113 0.0504637 0.0388678
0 0.0674972 0.799449 0.0544263 0.0416167
0 0.590336 0.919132 0.0671885 0.051116
0 0.42659 0.237742 0.0433443 0.0347586
0 0.630584 0.63418 0.0593746 0.0451782
0 0.0548252 0.254719 0.10965 0.0913389
0 0.831476 0.509654 0.188977 0.15356
0 0.968654 0.173499 0.0623751 0.0763052
0 0.0544977 0.144978 0.0543086 0.0433434
0 0.0554184 0.315943 0.0640147 0.0508057
0 0.0555283 0.896474 0.0413129 0.0324371
0 0.236902 0.489928 0.0307925 0.0244203
0 0.850892 0.29091 0.0916935 0.0770373
0 0.692204 0.145098 0.0312435 0.0249356
0 0.899402 0.0561437 0.0646447 0.0512615
0 0.327566 0.331485 0.0384666 0.0317577
0 0.652141 0.674978 0.031169 0.0241044
0 0.761561 0.984333 0.155212 0.0311379
0 0.981759 0.351388 0.0301209 0.0237982
0 0.992395 0.149983 0.0152096 0.0417056
0 0.889833 0.874186 0.0947965 0.0711691
0 0.983251 0.330354 0.0332673 0.0367808
0 0.117946 0.311919 0.0550191 0.0443174
0 0.250475 0.317584 0.0447167 0.0360198
0 0.0510717 0.0378466 0.102143 0.0756932
0 0.967937 0.889238 0.064125 0.0916577
0 0.947657 0.51362 0.0622537 0.049946
0 0.159338 0.0242154 0.129099 0.0484307
0 0.857912 0.0850921 0.0568093 0.0447369
0 0.525626 0.573557 0.0394904 0.0304043
0 0.305146 0.968135 0.030228 0.0237121
0 0.367895 0.312719 0.0889904 0.0731522
0 0.785334 0.114632 0.041385 0.0333779
0 0.102284 0.456407 0.0494237 0.0408752
0 0.587407 0.732987 0.0287899 0.0220456
0 0.893483 0.426351 0.0562431 0.046875
0 0.956904 0.375067 0.0458429 0.037622
0 0.245313 0.242657 0.0271972 0.0224995
0 0.153445 0.356358 0.0749769 0.0618703
0 0.90885 0.0167713 0.106926 0.0333871
