0 0.314342 0.353425 0.0715857 0.0686675
0 0.898443 0.699357 0.0511921 0.0504584
0 0.64891 0.55292 0.0436659 0.0420852
0 0.247838 0.23198 0.0279173 0.0272913
0 0.0432327 0.794376 0.0537577 0.0523926
0 0.279304 0.769173 0.0309216 0.0301025
0 0.558827 0.861479 0.0321202 0.0313461
0 0.0777465 0.461348 0.0435224 0.0431725
0 0.90597 0.449093 0.0269153 0.0257771
0 0.648557 0.0735407 0.0261922 0.0254464
0 0.576697 0.352573 0.0250434 0.0240567
0 0.253347 0.399645 0.0232191 0.0227142
0 0.797094 0.740109 0.145351 0.142478
0 0.653015 0.283666 0.0506838 0.0488707
0 0.606897 0.382479 0.0341246 0.0334877
0 0.625646 0.3187 0.0982328 0.0930912
0 0.268299 0.809195 0.0244323 0.0238791
0 0.60897 0.459606 0.0262271 0.025447
0 0.193857 0.432718 0.107151 0.105431
0 0.937548 0.342279 0.124904 0.181278
0 0.483115 0.922622 0.108985 0.105655
0 0.101452 0.446623 0.0385348 0.038088
0 0.505973 0.278494 0.0267174 0.025475
0 0.0469422 0.341188 0.0247373 0.0243486
0 0.243379 0.80406 0.0249888 0.0245576
0 0.199742 0.839077 0.0582228 0.0578165
