0 0.530414 0.820501 0.0480332 0.0419657
0 0.0685135 0.282159 0.046923 0.0396243
0 0.0170057 0.141365 0.0340114 0.0333027
0 0.189923 0.285009 0.040859 0.0344483
0 0.23202 0.437225 0.0366383 0.0302556
0 0.158569 0.957547 0.0315514 0.0274756
0 0.237693 0.9345 0.0329808 0.0284948
0 0.331437 0.436894 0.0306791 0.0262679
0 0.516342 0.66851 0.0311451 0.0265391
0 0.348324 0.175611 0.0319087 0.027959
0 0.172487 0.451688 0.0284541 0.0246796
0 0.389915 0.101818 0.0271108 0.0244695
0 0.678384 0.848198 0.0272249 0.0242276
0 0.04415 0.708962 0.0275462 0.0234662
0 0.99122 0.148439 0.0175601 0.023028
0 0.397223 0.519337 0.0262924 0.0224135
0 0.555799 0.940475 0.027082 0.024464
0 0.238593 0.183017 0.0236703 0.0216258
0 0.172214 0.132484 0.025973 0.0227414
0 0.15293 0.343934 0.0245008 0.0218879
0 0.0232345 0.210909 0.0285652 0.0243791
0 0.762344 0.451048 0.0248287 0.0222111
0 0.0187004 0.197395 0.0270707 0.0229971
0 0.234 0.330305 0.0266412 0.0227867
0 0.248563 0.914536 0.0240412 0.0213049
0 0.0146813 0.0998644 0.0258048 0.0228163
0 0.374144 0.487752 0.0244112 0.022006
0 0.0325555 0.168229 0.0244308 0.0214076
0 0.18805 0.959599 0.0242621 0.0214619
0 0.944247 0.531721 0.0240381 0.0223805
0 0.534014 0.970451 0.024478 0.0225427
