0 0.421792 0.758708 0.299836 0.266672
0 0.228949 0.657237 0.151685 0.141682
0 0.444855 0.0453556 0.0536862 0.0517861
0 0.305974 0.220895 0.0308335 0.029584
0 0.464391 0.153571 0.0441567 0.0432558
0 0.0573623 0.557976 0.0329317 0.0308638
0 0.587116 0.0414022 0.0415259 0.0401801
0 0.197644 0.0707683 0.0309464 0.0301298
0 0.78628 0.633378 0.0466903 0.0435389
0 0.820651 0.341899 0.0417401 0.0385615
0 0.881155 0.722813 0.0306482 0.0290619
0 0.565549 0.846395 0.0416577 0.0403929
0 0.0508803 0.0171733 0.0424283 0.0342641
0 0.385447 0.278989 0.0260237 0.0253421
0 0.795431 0.127498 0.409138 0.252957
0 0.843208 0.106191 0.0260425 0.02507
0 0.0639146 0.656193 0.0264412 0.0250201
0 0.712902 0.233383 0.0629632 0.0602499
0 0.443202 0.00724519 0.030248 0.0144534
0 0.39853 0.388827 0.0327919 0.0315118
0 0.0684059 0.780829 0.136812 0.135694
0 0.518272 0.972993 0.0392532 0.0377522
0 0.406305 0.0413798 0.0262458 0.0257007
0 0.114693 0.519351 0.0277547 0.0260878
0 0.133521 0.814191 0.043733 0.0394632
0 0.918666 0.00810883 0.0245971 0.0161963
0 0.954272 0.392601 0.0309003 0.029449
0 0.791102 0.925918 0.0856002 0.0823771
0 0.288988 0.89103 0.167548 0.149204
0 0.179258 0.284987 0.108653 0.102549
0 0.147123 0.230536 0.0258983 0.0251472
0 0.385479 0.613895 0.0653455 0.0604382
0 0.716121 0.278529 0.0243225 0.0235178
0 0.166528 0.0106679 0.0235177 0.0213359
0 0.537688 0.886356 0.0599074 0.0572756
0 0.334333 0.31357 0.0238091 0.0229867
0 0.515806 0.0530694 0.0344881 0.0329201
0 0.882779 0.875549 0.108247 0.102344
0 0.252133 0.960243 0.221178 0.0795131
0 0.945728 0.972034 0.10605 0.0559313
0 0.88659 0.0556516 0.023357 0.0227639
0 0.319102 0.0184805 0.0237073 0.0232912
0 0.964596 0.428799 0.0671207 0.0647189
0 0.748973 0.736761 0.12021 0.114864
0 0.755949 0.754919 0.0254838 0.0247011
0 0.369643 0.203049 0.0317154 0.0305129
0 0.943348 0.767538 0.113111 0.247426
0 0.472463 0.886144 0.0434995 0.0412547
0 0.244871 0.772416 0.0248483 0.0233629
0 0.00689142 0.587892 0.0137828 0.0487204
0 0.982959 0.911329 0.0336861 0.0341284
0 0.910725 0.511803 0.069357 0.0636019
0 0.190421 0.272598 0.0795318 0.0762323
0 0.144151 0.317109 0.0247878 0.0231968
0 0.781979 0.785521 0.22505 0.212864
0 0.500158 0.986916 0.0560048 0.0261679
0 0.00425683 0.287841 0.00851367 0.0226821
0 0.568362 0.261505 0.02302 0.0220568
0 0.812648 0.294973 0.0241247 0.0230478
0 0.152214 0.0815163 0.0215017 0.0214054
0 0.737642 0.438405 0.0622622 0.0592978
0 0.704075 0.645342 0.0225943 0.0222391
0 0.13087 0.605313 0.261741 0.415506
