0 0.792501 0.973539 0.0714672 0.0528929
0 0.643315 0.820921 0.0294459 0.0269737
0 0.795603 0.839493 0.0339173 0.032191
0 0.339102 0.26099 0.0273313 0.025426
0 0.114012 0.667198 0.0322057 0.0312351
0 0.10399 0.455256 0.0286244 0.0280199
0 0.806345 0.859263 0.0327756 0.0299511
0 0.0116827 0.893108 0.0233436 0.02772
0 0.0951706 0.732439 0.0330544 0.0313467
0 0.362374 0.334447 0.0299742 0.0278694
0 0.182015 0.404336 0.0222186 0.0215212
0 0.622212 0.374587 0.0359924 0.0340747
0 0.966417 0.209987 0.0225286 0.0221893
