0 0.41666 0.820816 0.117275 0.0890109
0 0.773457 0.144816 0.109365 0.0854992
0 0.851209 0.807191 0.100436 0.0792644
0 0.65273 0.144056 0.0817771 0.0633438
0 0.62526 0.304464 0.08883 0.0689255
0 0.884965 0.60953 0.0687269 0.0532123
0 0.118542 0.95593 0.103013 0.085896
0 0.293893 0.889641 0.192317 0.15358
0 0.23562 0.360063 0.0569165 0.0445979
0 0.273913 0.310294 0.0950797 0.0740361
0 0.512711 0.360561 0.0727968 0.0565411
0 0.393413 0.641693 0.0739717 0.0605775
0 0.78996 0.225556 0.0870606 0.0641171
0 0.327197 0.562262 0.0663751 0.0502564
0 0.886994 0.0261929 0.0449839 0.0340489
0 0.836596 0.500636 0.326808 0.367317
0 0.240976 0.413467 0.0544744 0.0420718
0 0.772515 0.0211577 0.064549 0.0423155
0 0.757086 0.455824 0.0461373 0.0345738
0 0.430019 0.394477 0.16208 0.130867
0 0.866925 0.35451 0.0496675 0.0377643
0 0.669942 0.091079 0.0776795 0.0600622
0 0.696441 0.0556305 0.0482807 0.037181
0 0.395717 0.287443 0.0413309 0.0325601
0 0.447587 0.966616 0.0334849 0.025245
0 0.415038 0.0637401 0.0379993 0.0288572
0 0.817025 0.929231 0.073998 0.0588869
0 0.128626 0.498069 0.0577712 0.0435883
0 0.396543 0.200019 0.0284991 0.0226554
0 0.877797 0.923796 0.0478018 0.0368233
0 0.502212 0.791092 0.0677284 0.0512883
0 0.914718 0.214328 0.0402695 0.0307085
0 0.382111 0.415959 0.039343 0.0296629
0 0.862643 0.319129 0.0379278 0.0303054
0 0.348835 0.724601 0.0300792 0.0234482
0 0.0176244 0.579393 0.0352141 0.14764
0 0.873905 0.41774 0.0298201 0.0236054
0 0.827881 0.745608 0.0509241 0.0401771
0 0.499685 0.752154 0.120711 0.0939803
0 0.862919 0.288714 0.0333583 0.0260086
0 0.681989 0.944548 0.0308662 0.0247805
0 0.746018 0.293302 0.030475 0.0246386
0 0.527824 0.0317731 0.0297358 0.0228786
0 0.309026 0.307129 0.0427533 0.0336837
0 0.543714 0.494964 0.0806367 0.0628141
0 0.947233 0.8304 0.105301 0.159748
0 0.600895 0.709121 0.0315416 0.024746
0 0.214091 0.919309 0.101442 0.0831885
0 0.611863 0.545193 0.238799 0.176971
0 0.242582 0.173702 0.0317687 0.0246022
0 0.28164 0.712871 0.305011 0.233488
0 0.273901 0.431898 0.0302571 0.0243019
0 0.591234 0.901508 0.0331857 0.0253962
0 0.210229 0.078963 0.0487121 0.0375349
0 0.161629 0.0222163 0.0594295 0.043651
0 0.274304 0.250519 0.0295882 0.0228978
0 0.991401 0.599019 0.0171969 0.0239987
0 0.98195 0.265846 0.0359967 0.0462487
0 0.881275 0.22001 0.0283429 0.0219357
0 0.948573 0.734437 0.101587 0.093761
0 0.829785 0.959108 0.0396382 0.0319486
0 0.910631 0.294784 0.0333013 0.0264869
0 0.127204 0.0278554 0.0362589 0.029358
0 0.739039 0.809939 0.370599 0.280121
0 0.121596 0.559586 0.161025 0.123049
0 0.34729 0.703716 0.0263791 0.0213779
0 0.0367254 0.00729923 0.0283775 0.0145985
0 0.201833 0.0358445 0.0491136 0.0391475
0 0.196272 0.488468 0.0527081 0.0414589
0 0.968762 0.935736 0.0624763 0.1
0 0.353009 0.531819 0.0341476 0.0268604
0 0.413589 0.133995 0.0367372 0.0276345
0 0.314169 0.535822 0.031961 0.0265905
0 0.966807 0.12213 0.066386 0.241548
0 0.292268 0.174499 0.0301481 0.0242512
