0 0.316478 0.266731 0.286945 0.242246
0 0.600221 0.333927 0.308793 0.274566
0 0.0750239 0.387363 0.120424 0.0966791
0 0.760232 0.716655 0.133304 0.107417
0 0.249376 0.771597 0.0792989 0.0676105
0 0.301895 0.912358 0.207408 0.170075
0 0.235678 0.528208 0.0777971 0.0639762
0 0.0879377 0.492012 0.075299 0.0629165
0 0.988856 0.932239 0.0221014 0.0263577
0 0.0340087 0.676041 0.0514318 0.0422595
0 0.757422 0.44615 0.0595613 0.0486634
0 0.464952 0.379504 0.0365496 0.031034
0 0.38896 0.536142 0.0582246 0.04953
0 0.12115 0.88117 0.238276 0.193506
0 0.771399 0.288588 0.03335 0.0264875
0 0.420631 0.0121277 0.0298594 0.0240704
0 0.760174 0.178203 0.0832088 0.0658527
0 0.367458 0.497628 0.0471674 0.0401792
0 0.956014 0.883437 0.0494945 0.0411858
0 0.645666 0.871842 0.0590538 0.0467684
0 0.0748048 0.071588 0.0278875 0.0237205
0 0.321175 0.0132685 0.0303936 0.0254427
0 0.546136 0.937584 0.0511222 0.0410248
0 0.52766 0.497829 0.0361824 0.0310384
0 0.134454 0.291176 0.0855414 0.0717732
0 0.0583468 0.0501409 0.0294188 0.0251636
0 0.138185 0.106089 0.0289761 0.0252182
0 0.0061225 0.785339 0.012245 0.0450384
0 0.907384 0.862571 0.0466768 0.0386033
0 0.602468 0.8161 0.0477898 0.0383717
0 0.275681 0.459922 0.0531478 0.0436845
0 0.635788 0.782535 0.0686215 0.0562777
0 0.607063 0.508191 0.0323539 0.0283722
0 0.447087 0.829412 0.0356713 0.0311635
0 0.297629 0.538531 0.0508374 0.0452106
0 0.523204 0.466948 0.0412502 0.0347219
0 0.93223 0.273289 0.0507778 0.0411685
0 0.345162 0.566955 0.0646927 0.0539382
0 0.710819 0.878129 0.0261686 0.0219006
0 0.896129 0.737981 0.207742 0.266688
0 0.174356 0.97405 0.0505664 0.0445471
0 0.316434 0.567108 0.582175 0.556372
0 0.150087 0.70171 0.179878 0.147599
0 0.495122 0.80691 0.0480278 0.0377259
0 0.0368678 0.81158 0.040609 0.0328077
0 0.956342 0.836185 0.0473087 0.0398145
