0 0.567388 0.202656 0.512894 0.405311
0 0.533913 0.81817 0.120816 0.116716
0 0.292912 0.292768 0.0501523 0.0479764
0 0.528118 0.457523 0.0640042 0.0612075
0 0.801172 0.595481 0.0746109 0.0702855
0 0.693733 0.830567 0.0406275 0.0393386
0 0.0559933 0.643467 0.0527205 0.0514663
0 0.680785 0.656006 0.053922 0.0504187
0 0.841446 0.857386 0.240266 0.228276
0 0.702588 0.796392 0.055474 0.0531987
0 0.114008 0.922841 0.0360398 0.0349805
0 0.920006 0.51302 0.0321598 0.0305329
0 0.0503526 0.570615 0.0392541 0.038924
0 0.62715 0.987968 0.032176 0.0239706
0 0.368626 0.411946 0.0394024 0.0383625
0 0.717443 0.739265 0.0405806 0.0385148
0 0.734936 0.579242 0.0308661 0.0300701
0 0.166704 0.716687 0.0535231 0.0521482
0 0.986337 0.0423589 0.0272376 0.0389318
0 0.648601 0.897129 0.0246466 0.023822
0 0.200569 0.679498 0.0480234 0.0455661
0 0.351684 0.33313 0.0307463 0.0294994
0 0.814291 0.726457 0.033562 0.0324197
0 0.920823 0.725842 0.0348034 0.0333776
0 0.499348 0.712779 0.123353 0.114967
0 0.194205 0.745349 0.029761 0.0296925
0 0.00688261 0.804016 0.0137652 0.0361821
0 0.822641 0.516298 0.0261181 0.0251522
0 0.673532 0.222431 0.0329445 0.0313232
0 0.573053 0.437593 0.056777 0.0553239
0 0.46324 0.711781 0.0842579 0.0799881
0 0.832575 0.174121 0.0315136 0.030458
0 0.95376 0.986172 0.0261296 0.0252662
0 0.751931 0.964631 0.0363732 0.0345066
0 0.819673 0.631904 0.053607 0.0505114
0 0.0127544 0.520634 0.0255088 0.0344818
0 0.289807 0.411973 0.0276657 0.0274636
0 0.58075 0.617829 0.0262339 0.0254049
0 0.54672 0.964109 0.108048 0.0715905
0 0.376927 0.746291 0.0431276 0.0415447
0 0.334316 0.900795 0.215394 0.197122
0 0.525701 0.217157 0.0433223 0.0419741
0 0.11262 0.663408 0.0413016 0.0411315
0 0.624511 0.802168 0.0271676 0.0262635
0 0.228738 0.565277 0.0423241 0.0414106
0 0.0655935 0.491509 0.0272061 0.0261662
0 0.936741 0.0102035 0.0311126 0.0203499
0 0.864222 0.162974 0.0549631 0.05309
0 0.929273 0.381569 0.0534778 0.049205
0 0.867382 0.977201 0.101736 0.0455924
0 0.661253 0.827334 0.0292233 0.0277767
0 0.840828 0.551769 0.0247896 0.0238708
0 0.839257 0.333308 0.0324433 0.0305029
0 0.651577 0.585496 0.0283027 0.026947
0 0.00411471 0.860741 0.00822942 0.0257571
0 0.827993 0.277254 0.0236766 0.0223688
0 0.173983 0.75522 0.0245714 0.0245852
0 0.0271084 0.540052 0.0411637 0.0393306
0 0.225603 0.792221 0.027191 0.0269051
0 0.33521 0.414006 0.0248448 0.0245833
0 0.601 0.805153 0.0239401 0.0238981
0 0.106637 0.0465006 0.190807 0.0925649
0 0.254821 0.622033 0.0257819 0.0252506
0 0.21036 0.405981 0.0265242 0.0260557
0 0.208839 0.293523 0.110101 0.110975
0 0.954827 0.0254971 0.0240367 0.0229022
