0 0.534309 0.377641 0.194151 0.183906
0 0.102047 0.462232 0.204094 0.234945
0 0.700929 0.697861 0.0731314 0.0707345
0 0.301024 0.978512 0.141649 0.0429621
0 0.745642 0.643614 0.0386195 0.0375761
0 0.302998 0.505881 0.183776 0.181594
0 0.348957 0.214725 0.0418014 0.040342
0 0.94002 0.226384 0.0686497 0.0651723
0 0.534461 0.986516 0.05209 0.0269681
0 0.989341 0.468635 0.0212069 0.0375477
0 0.254592 0.577965 0.0397145 0.0390603
0 0.284765 0.879904 0.0390643 0.0374548
0 0.491884 0.577547 0.0358888 0.0336563
0 0.330973 0.866666 0.0262226 0.0251066
0 0.95045 0.725073 0.0991003 0.312617
0 0.268541 0.238094 0.0317771 0.0307938
0 0.893759 0.959491 0.0299106 0.0282483
0 0.714035 0.100185 0.050221 0.0490834
0 0.795821 0.0877702 0.0260718 0.0252115
0 0.339347 0.262814 0.0301411 0.0290458
0 0.16117 0.993253 0.0282776 0.0134947
0 0.490318 0.123382 0.156085 0.148433
0 0.600192 0.0511057 0.10472 0.0981147
0 0.490595 0.994361 0.0265912 0.0112776
0 0.42679 0.55998 0.0245194 0.0238209
0 0.552815 0.326695 0.0261037 0.0253357
0 0.773759 0.325918 0.0242788 0.0237838
0 0.0766662 0.304589 0.0254355 0.024559
0 0.824632 0.73378 0.0234756 0.0231571
0 0.944269 0.405018 0.0260218 0.0244669
0 0.71497 0.601075 0.0253811 0.0240862
0 0.992829 0.332052 0.0143422 0.0391099
0 0.0553632 0.663952 0.0234706 0.0232525
0 0.507348 0.603185 0.0281895 0.0262858
