0 0.67588 0.19868 0.339258 0.270624
0 0.705348 0.786909 0.0806862 0.0623561
0 0.502163 0.867291 0.0544021 0.0428036
0 0.700895 0.99038 0.0479662 0.0191761
0 0.431109 0.532587 0.0447384 0.0347438
0 0.600911 0.75667 0.580301 0.486659
0 0.092707 0.157883 0.0346183 0.0274844
0 0.516445 0.826416 0.033645 0.0262158
0 0.0304452 0.193808 0.0608903 0.0906684
0 0.107547 0.940973 0.0367068 0.0301326
0 0.551781 0.652089 0.0308322 0.0244199
0 0.897179 0.581339 0.205642 0.223984
0 0.711039 0.0189262 0.0370787 0.0320535
0 0.927799 0.822347 0.144402 0.355306
0 0.902194 0.55414 0.194539 0.15893
0 0.787857 0.993027 0.0418732 0.0139455
0 0.161673 0.485987 0.0337027 0.0264085
0 0.551406 0.0596194 0.196848 0.119151
0 0.362465 0.515572 0.161464 0.126801
0 0.318189 0.272121 0.0285043 0.023548
0 0.609603 0.812615 0.0279123 0.0228128
0 0.037804 0.885472 0.0263533 0.022697
0 0.18051 0.487022 0.358397 0.537017
0 0.789827 0.0155123 0.275519 0.0310245
0 0.523898 0.902292 0.0426311 0.0340775
0 0.0821673 0.210906 0.0557514 0.0443855
0 0.180532 0.570112 0.0490278 0.0387781
0 0.923809 0.240646 0.060174 0.0488485
0 0.0945329 0.51709 0.0275842 0.0218534
0 0.0924994 0.670307 0.056713 0.0487332
0 0.816732 0.829449 0.029198 0.0235629
0 0.621538 0.393767 0.124289 0.100763
0 0.877265 0.364268 0.245471 0.265764
0 0.71975 0.359217 0.116024 0.0917904
0 0.533962 0.0825387 0.0857622 0.0690373
0 0.253971 0.14661 0.057552 0.0483154
