0 0.365609 0.0931745 0.157529 0.155862
0 0.403957 0.927284 0.149363 0.143782
0 0.303015 0.397554 0.071563 0.069874
0 0.919005 0.432753 0.0607164 0.0592243
0 0.530482 0.292345 0.0568198 0.0547678
0 0.823669 0.554526 0.0510548 0.0506744
0 0.426454 0.564564 0.034675 0.0336957
0 0.119601 0.669284 0.0582878 0.0572112
0 0.843432 0.59027 0.0522904 0.0506246
0 0.97972 0.702934 0.0404379 0.0565226
0 0.736553 0.449859 0.105411 0.101387
0 0.175749 0.155499 0.0345652 0.0339398
0 0.808277 0.496313 0.0409096 0.04018
0 0.906168 0.0803133 0.0374922 0.0373101
0 0.87449 0.0909734 0.0418034 0.0411556
0 0.245466 0.844528 0.0396188 0.0388489
0 0.0631215 0.818558 0.0271359 0.0270259
0 0.795432 0.454952 0.0365627 0.0359441
0 0.212317 0.178186 0.025135 0.0249313
0 0.659944 0.416335 0.0254086 0.0241783
0 0.883307 0.24657 0.0291242 0.0290733
0 0.425217 0.493866 0.0504729 0.0486423
0 0.40034 0.628432 0.0454333 0.0432186
0 0.691461 0.935659 0.0331969 0.0321252
0 0.83691 0.637288 0.0345057 0.0333261
0 0.985516 0.430173 0.028919 0.0382835
0 0.101676 0.0397729 0.0618233 0.0608318
0 0.957654 0.983186 0.0330892 0.0315495
0 0.736589 0.143571 0.0552881 0.0554602
0 0.663835 0.764951 0.03592 0.0358634
0 0.3968 0.962018 0.0301646 0.0292252
0 0.866259 0.673601 0.0285519 0.0280292
0 0.449819 0.79817 0.0594861 0.0568795
0 0.343311 0.371218 0.0272001 0.0263256
0 0.169776 0.132399 0.0297574 0.0295038
0 0.984764 0.492748 0.0289435 0.0285608
0 0.971458 0.814667 0.0237966 0.0238517
0 0.590382 0.939149 0.0345936 0.032026
0 0.776415 0.0862429 0.0327694 0.0321007
0 0.0387522 0.474446 0.0775044 0.352917
0 0.170174 0.685125 0.0501003 0.0494282
0 0.191786 0.437368 0.024671 0.0246664
0 0.5047 0.986504 0.0256787 0.0243208
0 0.961465 0.48542 0.0265062 0.0263301
0 0.472385 0.637898 0.0236532 0.0234004
0 0.206648 0.638784 0.0246055 0.0245499
0 0.936799 0.0918796 0.0265506 0.0258608
0 0.155888 0.641839 0.0263292 0.0260717
0 0.366476 0.290011 0.0258181 0.0253366
0 0.0353312 0.333521 0.0266197 0.026123
0 0.256165 0.867453 0.0303396 0.0300801
0 0.739943 0.209482 0.0346987 0.0347465
0 0.326214 0.5325 0.0340849 0.0337462
0 0.971921 0.497964 0.0561571 0.0559565
0 0.679981 0.365563 0.0341849 0.033112
0 0.886481 0.0604042 0.0238003 0.0231864
0 0.977054 0.511975 0.0342772 0.033291
0 0.404995 0.474571 0.039662 0.0387452
0 0.772068 0.063808 0.0263503 0.0264717
0 0.882938 0.523503 0.0268456 0.0272282
0 0.280413 0.497156 0.0307145 0.0316874
0 0.679294 0.776294 0.0261421 0.0247867
0 0.562084 0.98021 0.084033 0.0395802
0 0.125673 0.628819 0.0323297 0.0326874
0 0.0551039 0.969555 0.0242477 0.0240622
0 0.134008 0.704095 0.0303461 0.030268
0 0.322616 0.874135 0.0263572 0.0259549
0 0.825721 0.077645 0.0576923 0.054821
0 0.352629 0.507596 0.0242107 0.024226
0 0.298625 0.50265 0.0564957 0.0567029
0 0.102132 0.0552612 0.0460804 0.0451032
0 0.352594 0.524775 0.0237873 0.022652
0 0.513503 0.737595 0.0914705 0.0876678
0 0.954126 0.869169 0.0226202 0.0224257
