0 0.25158 0.679849 0.107088 0.103741
0 0.650744 0.44612 0.0528946 0.051416
0 0.0464526 0.811354 0.0929052 0.189045
0 0.304092 0.378607 0.058541 0.0561175
0 0.707797 0.458948 0.0470054 0.0457599
0 0.643361 0.714104 0.0319952 0.0316195
0 0.120071 0.23978 0.0375807 0.0364588
0 0.28593 0.84931 0.496427 0.301289
0 0.801012 0.337208 0.0317925 0.0308095
0 0.321594 0.185543 0.0270169 0.0262672
0 0.367954 0.251527 0.0332338 0.0325777
0 0.35894 0.186899 0.0294418 0.0285758
0 0.318082 0.3252 0.0481104 0.0473181
0 0.929299 0.929698 0.141402 0.140039
0 0.112939 0.306522 0.0264179 0.0256583
0 0.580649 0.658645 0.0262842 0.0257104
0 0.225866 0.209142 0.0240139 0.0230993
0 0.796498 0.866226 0.0243422 0.0237215
0 0.713299 0.963225 0.0712675 0.0690306
0 0.906587 0.519375 0.027812 0.0268306
0 0.241811 0.115067 0.0239982 0.023457
0 0.0190784 0.948243 0.0376841 0.103217
0 0.760355 0.0327055 0.243773 0.0653642
0 0.572297 0.476453 0.0241814 0.023904
0 0.70704 0.697119 0.0229211 0.0223088
0 0.416243 0.528635 0.0935785 0.0920776
0 0.736765 0.35295 0.026698 0.0255905
0 0.131364 0.148113 0.0221259 0.021338
