0 0.381137 0.0209767 0.0560918 0.0419188
0 0.365936 0.806521 0.0468976 0.0446613
0 0.544341 0.358711 0.0391577 0.0346786
0 0.303563 0.117432 0.0419612 0.039392
0 0.253909 0.719937 0.0556518 0.053884
0 0.126187 0.401398 0.0455675 0.0429417
0 0.193759 0.783282 0.0391219 0.0369204
0 0.764485 0.924675 0.0412388 0.0396669
0 0.837271 0.884708 0.044995 0.0433075
0 0.844303 0.651729 0.0400869 0.0381708
0 0.802461 0.840368 0.0375357 0.036242
0 0.877072 0.462258 0.0383098 0.0352671
0 0.458501 0.0302125 0.0652766 0.0596757
0 0.6567 0.887865 0.0385198 0.0367579
0 0.632167 0.966924 0.0269618 0.0258163
0 0.938435 0.506256 0.0316369 0.0290656
0 0.138262 0.685448 0.0358757 0.034421
0 0.894936 0.35988 0.0314743 0.0290475
0 0.0262309 0.481017 0.0410615 0.0382726
0 0.936482 0.799057 0.0586054 0.056133
0 0.569449 0.316287 0.0493657 0.0460455
0 0.0660502 0.391518 0.0415218 0.0388519
0 0.150437 0.226409 0.0294679 0.0282287
0 0.101334 0.732765 0.0574356 0.0540607
0 0.0795598 0.100807 0.0266629 0.0256509
0 0.843998 0.41489 0.0681067 0.0628265
0 0.210834 0.355521 0.052334 0.0492576
0 0.0808522 0.135062 0.0342281 0.0321688
0 0.589377 0.345653 0.0607653 0.0580987
0 0.0430607 0.155561 0.0260664 0.0248836
0 0.102034 0.0863777 0.026257 0.0250192
0 0.696905 0.892048 0.0294158 0.028367
0 0.976489 0.340564 0.0285583 0.0261929
0 0.358713 0.933691 0.0386115 0.0369598
0 0.568304 0.859757 0.0298408 0.0284586
0 0.751046 0.992143 0.0285511 0.0157145
0 0.4302 0.201896 0.0253402 0.0238761
0 0.789733 0.595565 0.0250412 0.0237145
0 0.945824 0.207076 0.0282963 0.0268155
0 0.685009 0.96437 0.0246217 0.023633
0 0.208254 0.853581 0.0274373 0.0262713
0 0.616884 0.916899 0.0243632 0.0231794
0 0.0693919 0.853318 0.0241142 0.0227571
0 0.754392 0.646876 0.0240142 0.0229447
0 0.56444 0.206674 0.0427043 0.0404025
0 0.0345945 0.729468 0.0607844 0.0565416
0 0.951751 0.437049 0.0322611 0.0296758
0 0.083922 0.0625261 0.0386979 0.0366132
0 0.865398 0.365164 0.026734 0.0242485
0 0.357474 0.0586256 0.0231168 0.0217798
0 0.464255 0.852092 0.0260255 0.0254728
0 0.431769 0.00531899 0.0361163 0.0105942
0 0.727668 0.0792036 0.210323 0.158407
0 0.627483 0.404574 0.080801 0.075896
0 0.241511 0.0744273 0.0283586 0.0264654
0 0.0181981 0.53281 0.0313107 0.0299046
0 0.759384 0.953809 0.0254681 0.0246452
0 0.0997016 0.237904 0.0351205 0.0332904
0 0.256815 0.2499 0.0324333 0.0302839
0 0.150373 0.573087 0.0261421 0.0252376
0 0.803229 0.951071 0.024222 0.0231306
0 0.86578 0.278162 0.0248444 0.024171
0 0.081029 0.211118 0.0314322 0.0296639
0 0.415372 0.53862 0.0789677 0.0767757
