0 0.718461 0.097961 0.332249 0.194001
0 0.636216 0.869796 0.155323 0.137576
0 0.817767 0.501788 0.0821142 0.072382
0 0.240809 0.232552 0.45691 0.450845
0 0.955199 0.592823 0.089578 0.123032
0 0.976764 0.140679 0.0464717 0.0531392
0 0.667767 0.774065 0.0544693 0.0474596
0 0.700984 0.304901 0.0500369 0.0451363
0 0.54768 0.4306 0.0449653 0.0399519
0 0.651699 0.691415 0.0525996 0.0469923
0 0.0606553 0.865932 0.0367496 0.0341134
0 0.410934 0.0962718 0.09536 0.0870981
0 0.0669071 0.554137 0.0347582 0.0321042
0 0.771196 0.535631 0.0405121 0.0358059
0 0.021957 0.730288 0.043914 0.046845
0 0.392176 0.778369 0.0585086 0.0517948
0 0.0719359 0.754601 0.0643864 0.0603724
0 0.267182 0.454738 0.0329335 0.0297372
0 0.556595 0.592594 0.0344347 0.0298564
0 0.184826 0.570744 0.0361458 0.0329299
0 0.510865 0.521251 0.0415539 0.03741
0 0.140934 0.535507 0.0514909 0.0471055
0 0.942103 0.856866 0.042767 0.0372659
0 0.253376 0.396966 0.0271433 0.0248638
0 0.839945 0.300138 0.0463552 0.0408081
0 0.955195 0.0467809 0.0267374 0.0249043
0 0.605911 0.563568 0.0393292 0.0346367
0 0.652003 0.716059 0.0322097 0.0288408
0 0.701636 0.481238 0.0807209 0.0712421
0 0.83573 0.623562 0.0416168 0.0374506
0 0.624485 0.471118 0.0300705 0.0265709
0 0.00687346 0.47523 0.0137469 0.0391603
0 0.775378 0.636127 0.0327185 0.0297015
0 0.786375 0.653226 0.028401 0.0253493
0 0.31757 0.783775 0.0612766 0.0548564
0 0.490181 0.43657 0.0284028 0.025964
0 0.897388 0.610944 0.0408724 0.0354619
0 0.855011 0.911667 0.0265185 0.0237535
0 0.968705 0.665236 0.055519 0.047332
0 0.983093 0.918067 0.0267427 0.0235805
0 0.988433 0.50452 0.022928 0.0258305
0 0.47671 0.320837 0.0708162 0.0624282
0 0.558728 0.69927 0.152274 0.134698
0 0.937048 0.35917 0.125904 0.228684
0 0.0595868 0.716844 0.0378929 0.0355606
0 0.292405 0.415883 0.0293719 0.02705
0 0.326809 0.925026 0.0291367 0.0278271
0 0.341405 0.951725 0.0307448 0.0289101
0 0.2528 0.156149 0.0259264 0.023477
0 0.376048 0.837158 0.0596851 0.0526638
0 0.214637 0.218974 0.0243344 0.0220466
0 0.926802 0.794278 0.0272727 0.0238571
0 0.683428 0.628037 0.0259467 0.0240319
0 0.321359 0.886599 0.0248128 0.0233332
0 0.636102 0.27539 0.0260615 0.02377
0 0.432758 0.442612 0.16831 0.149152
0 0.316964 0.908287 0.0305094 0.0292645
0 0.0831319 0.717425 0.0368797 0.0344007
0 0.133324 0.306554 0.0290063 0.0254617
0 0.813666 0.391037 0.0274018 0.0247218
0 0.690691 0.932509 0.043036 0.0378252
0 0.928887 0.92973 0.0302089 0.0271826
0 0.981612 0.0917329 0.0251151 0.0231784
0 0.450749 0.735946 0.0476295 0.0427175
0 0.929697 0.0615989 0.0245445 0.0222593
0 0.981091 0.00387957 0.0268998 0.00775913
0 0.871613 0.574424 0.0262712 0.0230826
0 0.175308 0.659299 0.0242929 0.0227263
0 0.290373 0.750831 0.0299279 0.0273181
0 0.913415 0.189119 0.167257 0.163906
0 0.219857 0.400033 0.0228128 0.0212942
0 0.802041 0.872262 0.026072 0.0237911
0 0.28293 0.189674 0.0225497 0.0209571
0 0.704468 0.540377 0.0721063 0.0639299
0 0.530155 0.491124 0.0279777 0.0253695
0 0.665262 0.50097 0.0254082 0.022969
0 0.144015 0.659505 0.0407179 0.0374465
0 0.580299 0.294141 0.0510724 0.0448013
