0 0.693214 0.50166 0.142223 0.128764
0 0.178333 0.27372 0.181332 0.166215
0 0.713742 0.650455 0.0532095 0.0494196
0 0.647015 0.217253 0.042364 0.0405233
0 0.832949 0.317336 0.0873019 0.0811896
0 0.760349 0.240007 0.0456057 0.0428538
0 0.930466 0.33782 0.0544834 0.0517978
0 0.757315 0.266387 0.111054 0.106244
0 0.795011 0.0130038 0.0299365 0.0260012
0 0.362039 0.424523 0.0341676 0.0315307
0 0.0462219 0.750609 0.0924437 0.267302
0 0.860298 0.0295343 0.0555741 0.050655
0 0.427304 0.429821 0.0599574 0.0559816
0 0.0187975 0.489646 0.0374033 0.102144
0 0.790836 0.856771 0.0256071 0.0247378
0 0.732057 0.888369 0.0325211 0.0305171
0 0.272761 0.112325 0.545522 0.224262
0 0.985419 0.433855 0.0290683 0.0312119
0 0.565892 0.310526 0.108484 0.0991907
0 0.893382 0.457588 0.0276192 0.0248151
0 0.47757 0.420859 0.0319127 0.030407
0 0.938925 0.615405 0.0280649 0.0244157
0 0.679041 0.0216782 0.0919356 0.0432238
0 0.652218 0.846359 0.0377579 0.0353479
0 0.483708 0.364745 0.027309 0.0254449
0 0.436514 0.530069 0.0539972 0.0494595
0 0.55878 0.359731 0.023849 0.0230492
0 0.036689 0.221475 0.0673608 0.061843
0 0.166107 0.733511 0.0279454 0.026239
0 0.57338 0.257224 0.0261436 0.0253002
0 0.917157 0.670582 0.0282337 0.0252525
0 0.554249 0.353516 0.109679 0.102166
0 0.269758 0.118065 0.0291641 0.0273291
0 0.752363 0.72587 0.0278015 0.0263183
0 0.611253 0.397031 0.0244484 0.0233127
0 0.211344 0.222156 0.0697151 0.0635263
0 0.412707 0.462874 0.0299396 0.0269861
0 0.959774 0.408647 0.0311403 0.028137
0 0.0879119 0.230766 0.0241399 0.0229438
0 0.20686 0.945475 0.025765 0.0239892
0 0.347068 0.726776 0.562179 0.546447
0 0.639116 0.957736 0.101363 0.0842142
0 0.699253 0.158879 0.0579993 0.0531831
0 0.677555 0.0478092 0.0500839 0.0478493
0 0.517549 0.161355 0.0301683 0.0277954
0 0.679972 0.81955 0.0443645 0.0418025
0 0.805873 0.035699 0.023969 0.0223955
0 0.667187 0.360335 0.0678742 0.062372
0 0.272262 0.65777 0.544525 0.559211
0 0.358564 0.250303 0.0238575 0.0227508
0 0.629262 0.823348 0.0319814 0.0292918
