0 0.322851 0.724934 0.0627629 0.0602855
0 0.117065 0.352755 0.034548 0.0333321
0 0.984277 0.151733 0.030201 0.030134
0 0.584965 0.143519 0.0301063 0.0299738
0 0.0228665 0.341941 0.0258033 0.0247861
0 0.0517638 0.204885 0.0286668 0.0274025
0 0.256873 0.469386 0.0260844 0.0255165
0 0.270401 0.812267 0.0371648 0.0361937
0 0.818158 0.14276 0.0247355 0.0240436
0 0.184568 0.353445 0.0259277 0.0248003
0 0.348934 0.858604 0.0415063 0.0404307
0 0.934121 0.191719 0.024554 0.0240022
0 0.878762 0.601708 0.0236905 0.0226003
0 0.157164 0.218715 0.0249103 0.0240767
0 0.718603 0.682791 0.0237579 0.0225355
0 0.0510647 0.497463 0.0243575 0.0232104
0 0.647211 0.239404 0.0234176 0.0227039
0 0.0539494 0.273419 0.0228554 0.0220902
0 0.0893874 0.989043 0.0236925 0.0217307
0 0.341519 0.770417 0.0338782 0.0333056
0 0.0916944 0.656877 0.0221302 0.0217727
0 0.252382 0.391715 0.023265 0.0226104
0 0.0307913 0.210485 0.0235956 0.0223794
