0 0.604672 0.453425 0.0300472 0.0263493
0 0.610002 0.798247 0.033155 0.0282684
0 0.306499 0.388878 0.0264948 0.0235579
0 0.525824 0.680864 0.0322924 0.0272689
0 0.538226 0.94398 0.0378695 0.0330906
0 0.849811 0.70331 0.0273144 0.0229747
0 0.739057 0.977938 0.027009 0.0236578
0 0.827584 0.622313 0.0262241 0.0233343
0 0.257753 0.134412 0.0267332 0.0226672
0 0.515568 0.324501 0.0253922 0.0228064
0 0.582518 0.926113 0.0264007 0.0231789
0 0.600978 0.986993 0.0263501 0.0228148
0 0.322288 0.96409 0.0260501 0.0230869
0 0.386587 0.0884888 0.0279552 0.0243972
0 0.356063 0.0653928 0.0286881 0.0252803
0 0.574862 0.624839 0.0242723 0.0211573
0 0.765856 0.388563 0.0245957 0.0213327
0 0.272349 0.992295 0.0257429 0.0154091
0 0.187597 0.809176 0.0243424 0.0221069
0 0.561579 0.978188 0.0300794 0.0264004
0 0.722144 0.857535 0.0242159 0.0212559
