0 0.35494 0.288838 0.0333612 0.0327179
0 0.525105 0.408228 0.0294534 0.0290857
0 0.0705574 0.130618 0.0326375 0.0321943
0 0.2276 0.158793 0.0253053 0.0248247
0 0.212954 0.0753241 0.0243644 0.0238578
0 0.187032 0.0183702 0.0239207 0.0232769
0 0.211589 0.118215 0.0417249 0.0405109
0 0.199168 0.150444 0.0347408 0.0340775
0 0.0465906 0.112656 0.0255534 0.0253703
0 0.208874 0.388593 0.0253651 0.0245391
0 0.068342 0.386713 0.0274341 0.0267456
0 0.0355884 0.0469119 0.0277365 0.0271775
0 0.2218 0.476758 0.0246379 0.0238201
0 0.386851 0.0150913 0.0229187 0.0227116
0 0.214652 0.177497 0.0257976 0.0254039
0 0.155912 0.531343 0.024755 0.0238442
0 0.109381 0.337664 0.0254409 0.0251664
0 0.337706 0.15181 0.0232436 0.0226311
0 0.131111 0.304313 0.0323049 0.0321022
0 0.0552532 0.367302 0.0277005 0.027259
0 0.0851696 0.400069 0.0246198 0.0234474
0 0.124533 0.051692 0.0328032 0.0312394
