0 0.169463 0.116961 0.132913 0.12771
0 0.237959 0.318704 0.069932 0.0676584
0 0.82184 0.515574 0.0579499 0.0565059
0 0.944153 0.848272 0.0774803 0.0749384
0 0.379841 0.939008 0.0571704 0.0563189
0 0.957424 0.184441 0.0849857 0.107232
0 0.784764 0.285783 0.0510478 0.0492176
0 0.111104 0.804012 0.0470512 0.0461185
0 0.830347 0.611814 0.043714 0.0423255
0 0.232414 0.895482 0.0513445 0.0508283
0 0.042811 0.726354 0.0446915 0.043163
0 0.867651 0.470967 0.0417185 0.0394347
0 0.380919 0.557287 0.040427 0.0386643
0 0.643377 0.607636 0.0698094 0.0689805
0 0.19141 0.78222 0.0321227 0.031337
0 0.761471 0.258344 0.0394088 0.0379258
0 0.268689 0.703096 0.0317026 0.0309448
0 0.698857 0.269642 0.0355597 0.0343111
0 0.123435 0.8966 0.0369579 0.0358708
0 0.747897 0.092608 0.0261245 0.025153
0 0.414507 0.14185 0.0270711 0.0259166
0 0.631375 0.507877 0.027463 0.026471
0 0.0828644 0.565169 0.0465523 0.0447638
0 0.970029 0.923942 0.0598335 0.0627353
0 0.624492 0.181958 0.0265504 0.0256448
0 0.863248 0.513119 0.0297437 0.0290167
0 0.421293 0.343415 0.0246987 0.0238746
0 0.92658 0.925067 0.0329309 0.0321865
0 0.0143323 0.556137 0.0261337 0.0250649
0 0.646488 0.242334 0.0282581 0.0270755
0 0.301965 0.427098 0.0272826 0.0267
0 0.51869 0.79433 0.027229 0.0270121
0 0.959782 0.49603 0.0266951 0.0260861
0 0.216279 0.977024 0.0360643 0.034961
0 0.0571635 0.297047 0.0269361 0.0259047
0 0.511633 0.913063 0.0267274 0.0261086
0 0.889381 0.108609 0.0238685 0.0231164
0 0.574265 0.714347 0.10867 0.105455
0 0.234866 0.597952 0.0242856 0.0234496
0 0.155192 0.860713 0.0237732 0.0228961
0 0.730768 0.526169 0.0248777 0.0244997
0 0.802954 0.482194 0.0326918 0.031233
0 0.638349 0.202417 0.0242699 0.0236231
0 0.747567 0.234474 0.0240307 0.0233309
0 0.721472 0.619659 0.0252469 0.0242425
0 0.740507 0.461959 0.0295808 0.0281523
0 0.615998 0.772911 0.0621164 0.0610463
0 0.752859 0.438698 0.0420094 0.0411514
0 0.780029 0.845 0.0252686 0.0241965
0 0.827016 0.171046 0.0255725 0.0244966
0 0.182439 0.531173 0.0250233 0.0244855
0 0.190837 0.809985 0.0310849 0.0301599
0 0.587007 0.677054 0.0861257 0.0855466
0 0.194814 0.547774 0.0266137 0.0255101
0 0.013959 0.296563 0.0241281 0.0229116
0 0.657528 0.877052 0.0245235 0.0238931
0 0.0130533 0.0258362 0.0225946 0.0219784
0 0.635101 0.277 0.0299361 0.0291886
0 0.28725 0.570462 0.0239089 0.0230491
0 0.785806 0.822831 0.0231569 0.0221744
0 0.130003 0.00435031 0.0340976 0.0086942
0 0.310685 0.740576 0.025883 0.0254604
0 0.288844 0.822795 0.0303196 0.030093
0 0.971435 0.531886 0.0216892 0.0210486
0 0.42972 0.508919 0.0230231 0.0221903
0 0.681302 0.312547 0.0253549 0.0244213
0 0.717606 0.685349 0.0248485 0.0244406
0 0.0270787 0.346919 0.0236849 0.0231661
0 0.620498 0.757993 0.0853441 0.0843669
0 0.587982 0.645731 0.0416168 0.0410323
0 0.568006 0.867118 0.0223937 0.0219474
