0 0.135954 0.886332 0.0568634 0.0548169
0 0.246238 0.623239 0.221761 0.221724
0 0.924384 0.42219 0.0431611 0.0426292
0 0.0995806 0.134777 0.0357949 0.0353967
0 0.95629 0.395996 0.0499232 0.0477438
0 0.806986 0.886829 0.0400698 0.0386093
0 0.60013 0.726321 0.0917453 0.0893619
0 0.403232 0.577128 0.0296626 0.0290421
0 0.866904 0.835827 0.0254647 0.0257366
0 0.966093 0.425067 0.0407666 0.0405073
0 0.14644 0.500223 0.0256862 0.0247983
0 0.814689 0.28074 0.0375097 0.0367613
0 0.841808 0.40697 0.0304511 0.0300275
0 0.391512 0.730426 0.0260082 0.0253956
0 0.429728 0.550859 0.0258454 0.0249659
0 0.494588 0.559166 0.027229 0.0267615
0 0.148025 0.473785 0.296051 0.373984
0 0.46933 0.492612 0.0266072 0.0257272
0 0.0270464 0.220884 0.0539693 0.0628738
0 0.545475 0.100504 0.0238547 0.0231999
0 0.863136 0.282187 0.0266872 0.0264508
0 0.0089337 0.265998 0.0178615 0.0848645
0 0.798646 0.252464 0.0281247 0.0272509
0 0.445705 0.665963 0.0233436 0.022594
0 0.411832 0.00520032 0.0256215 0.0103974
0 0.717068 0.982312 0.0243841 0.0238908
0 0.462185 0.829617 0.0885412 0.0841487
0 0.12095 0.624718 0.0680196 0.0663283
0 0.127297 0.386887 0.0232045 0.0226026
0 0.982948 0.460561 0.0341033 0.0372942
0 0.0944637 0.486258 0.0225481 0.0222172
0 0.0114634 0.857591 0.022867 0.0244743
0 0.849014 0.261889 0.0261811 0.0256367
0 0.549683 0.201865 0.0883443 0.0852339
0 0.987865 0.931149 0.023148 0.0227991
0 0.383528 0.602822 0.0223306 0.0216651
0 0.927886 0.0815758 0.029435 0.0283957
0 0.883694 0.0529837 0.0313332 0.0297788
0 0.132305 0.683141 0.0236757 0.0226633
0 0.839403 0.242295 0.0254906 0.0257559
0 0.424599 0.255703 0.0232987 0.0229936
