0 0.512045 0.128743 0.0749905 0.0711491
0 0.647225 0.0534229 0.0743675 0.0710817
0 0.0904312 0.316939 0.0945 0.0896561
0 0.451355 0.239119 0.0802535 0.0766359
0 0.385196 0.0225261 0.0754121 0.0449208
0 0.151899 0.181721 0.0459745 0.0430934
0 0.854951 0.588128 0.0704312 0.0657987
0 0.28714 0.0296398 0.0564425 0.0536138
0 0.310151 0.964973 0.0404222 0.039916
0 0.225074 0.357451 0.084232 0.0811412
0 0.240269 0.380545 0.0469951 0.0450502
0 0.732703 0.747944 0.0768874 0.0733251
0 0.573354 0.957607 0.0491903 0.0449762
0 0.583606 0.589903 0.0700686 0.0647743
0 0.706587 0.199335 0.0329887 0.0316972
0 0.619894 0.223506 0.037818 0.0362896
0 0.312224 0.866962 0.0337514 0.033049
0 0.953262 0.776757 0.092829 0.102222
0 0.319807 0.341837 0.0512588 0.049184
0 0.261744 0.912954 0.0398896 0.0390134
0 0.780555 0.728136 0.0777976 0.0738355
0 0.734368 0.908065 0.0571854 0.0532105
0 0.394682 0.371093 0.0460303 0.0434496
0 0.794159 0.649802 0.0586545 0.0542679
0 0.61967 0.109355 0.0267146 0.0258916
0 0.183984 0.931965 0.0278016 0.0274693
0 0.422336 0.0547627 0.0394583 0.0381853
0 0.969672 0.52495 0.0603776 0.0621047
0 0.495882 0.316081 0.0476593 0.0451263
0 0.85796 0.529611 0.0350397 0.033346
0 0.721625 0.939066 0.0327542 0.0314941
0 0.527704 0.826126 0.0598695 0.0561759
0 0.900231 0.541039 0.0365523 0.0340597
0 0.810287 0.382849 0.285641 0.272177
0 0.887739 0.225338 0.0298272 0.0283274
0 0.331249 0.224369 0.0669762 0.0619381
0 0.266381 0.0716977 0.0357111 0.0338199
0 0.143942 0.0452959 0.0360052 0.0345363
0 0.389052 0.934231 0.0281589 0.0274051
0 0.216891 0.274357 0.0354454 0.033354
0 0.180793 0.738204 0.0364516 0.0361071
0 0.0568485 0.749182 0.0270044 0.0265808
0 0.458057 0.785181 0.029485 0.0275888
0 0.891133 0.972501 0.0525612 0.0488299
0 0.232752 0.688379 0.0324241 0.0317277
0 0.783443 0.882208 0.0306508 0.0290337
0 0.502265 0.391507 0.0846431 0.0801999
0 0.792571 0.825795 0.0548128 0.0506193
0 0.74177 0.499224 0.0400614 0.0367174
0 0.847944 0.364225 0.0423474 0.0404154
0 0.519603 0.219028 0.0353744 0.0342873
0 0.137148 0.44145 0.0269381 0.0258335
0 0.482954 0.175717 0.0346703 0.0327339
0 0.824298 0.961871 0.0312777 0.0299036
0 0.154131 0.717678 0.0311679 0.0310895
0 0.259544 0.681491 0.0371709 0.0366137
0 0.740647 0.679954 0.059227 0.0554748
0 0.449709 0.0222548 0.0596039 0.0443936
0 0.371949 0.299228 0.0428626 0.0409462
0 0.98619 0.203218 0.0275768 0.031807
0 0.886767 0.832122 0.0364771 0.0344825
0 0.771627 0.950946 0.0555569 0.05172
0 0.0194466 0.460529 0.0368455 0.0350773
0 0.0768164 0.0116196 0.0439776 0.0232045
0 0.528673 0.603299 0.047518 0.0440051
0 0.504044 0.44809 0.0402627 0.0361316
0 0.0904746 0.790055 0.0242762 0.0240966
0 0.960602 0.279126 0.0439135 0.0411098
0 0.490093 0.0658793 0.0904923 0.0848663
0 0.0600561 0.360461 0.0355415 0.0338684
0 0.0531532 0.719005 0.0314775 0.0307484
0 0.464976 0.342088 0.0453753 0.0433786
0 0.661439 0.435517 0.0358505 0.0333545
0 0.181614 0.340002 0.0331413 0.0320803
0 0.647955 0.977643 0.027328 0.025069
0 0.833674 0.720768 0.0364938 0.0349884
0 0.455695 0.362903 0.031435 0.029108
0 0.755123 0.55111 0.0277951 0.025913
0 0.748233 0.986866 0.0717669 0.0261899
0 0.00475091 0.807528 0.00950182 0.0304001
0 0.425524 0.908491 0.0248626 0.0242335
0 0.878401 0.879317 0.0278006 0.0268142
0 0.187456 0.766261 0.0254427 0.0250556
0 0.846279 0.842975 0.0517214 0.0493849
0 0.0312707 0.613008 0.0407354 0.0388444
0 0.0919436 0.901325 0.183012 0.19735
0 0.682831 0.361444 0.0367724 0.0352895
0 0.693871 0.0713001 0.0246567 0.0235532
0 0.500798 0.567596 0.0557207 0.0514795
0 0.366064 0.918017 0.0904444 0.0866545
0 0.392013 0.160163 0.0269897 0.0253132
0 0.979218 0.371422 0.041239 0.0702611
0 0.248081 0.134382 0.0236314 0.02255
0 0.390415 0.457658 0.0446553 0.0416331
0 0.402221 0.961884 0.0315948 0.0304915
0 0.791398 0.136065 0.026888 0.0249657
0 0.941896 0.0235766 0.031724 0.0289672
0 0.138817 0.360486 0.0291111 0.0271396
0 0.00586722 0.746778 0.0117344 0.0273361
0 0.880667 0.796161 0.0564106 0.0540125
0 0.68249 0.450996 0.0366921 0.0348011
0 0.208038 0.91889 0.0237066 0.0237555
0 0.388816 0.334901 0.0257807 0.0247799
0 0.552011 0.283243 0.0285678 0.0277596
0 0.9215 0.841585 0.0468328 0.0448504
0 0.728147 0.800186 0.0232713 0.0223506
0 0.495838 0.0443666 0.0256842 0.0247688
0 0.140334 0.744818 0.0430399 0.0417421
0 0.60924 0.947126 0.0319327 0.0301788
0 0.214199 0.717135 0.024417 0.0241921
0 0.0966624 0.368171 0.0414168 0.0398715
0 0.0344182 0.181101 0.0341352 0.0318294
0 0.955312 0.492225 0.032706 0.0297905
0 0.420757 0.939415 0.0248043 0.0238674
0 0.112604 0.841074 0.0354367 0.0351283
0 0.39602 0.866339 0.0252132 0.0247369
0 0.49535 0.00643744 0.0494612 0.0128661
0 0.153394 0.27611 0.0592522 0.0566859
0 0.114439 0.79177 0.0247828 0.0241249
0 0.756278 0.258285 0.0266497 0.0258759
0 0.573061 0.921676 0.0259786 0.0252151
0 0.0251355 0.734504 0.0270218 0.0262022
0 0.138924 0.864864 0.0328652 0.0320845
0 0.283972 0.384385 0.0556184 0.0531496
0 0.961185 0.325605 0.057553 0.0520868
