0 0.607641 0.865549 0.341053 0.268794
0 0.109217 0.125457 0.217615 0.239436
0 0.913847 0.945397 0.120225 0.109206
0 0.335687 0.179627 0.0599991 0.0548399
0 0.833227 0.16548 0.333547 0.330959
0 0.0565516 0.398881 0.112713 0.176642
0 0.644391 0.726238 0.0462505 0.0438668
0 0.225273 0.501395 0.175865 0.158954
0 0.555589 0.433075 0.0934811 0.0853127
0 0.674407 0.645529 0.0457958 0.0422754
0 0.0899677 0.270033 0.0524582 0.0462158
0 0.272207 0.252259 0.0383641 0.0360803
0 0.415916 0.249031 0.0270921 0.0258584
0 0.905818 0.0378947 0.188363 0.0754098
0 0.75796 0.653146 0.032332 0.0310821
0 0.537516 0.270606 0.0385684 0.0354846
0 0.984941 0.834565 0.025139 0.0238201
0 0.774743 0.983093 0.0342428 0.0317698
0 0.602908 0.948948 0.0298047 0.0276408
0 0.273008 0.597616 0.0354917 0.0325394
0 0.295957 0.866344 0.036779 0.0340387
0 0.227229 0.272288 0.0676034 0.0616935
0 0.75258 0.318778 0.0390703 0.0365453
0 0.807021 0.24239 0.0262852 0.0250818
0 0.893222 0.41688 0.0262628 0.0249419
0 0.824411 0.882664 0.0933851 0.0877106
0 0.206404 0.318193 0.0662441 0.0593141
0 0.872176 0.72088 0.0360624 0.0332806
0 0.415248 0.268372 0.579522 0.536745
0 0.375443 0.889317 0.0256571 0.0240285
0 0.750998 0.608438 0.0383303 0.0350285
0 0.480106 0.275882 0.0317624 0.0299058
0 0.749549 0.713262 0.0265775 0.0246344
0 0.663555 0.615921 0.03072 0.028259
0 0.981479 0.798809 0.0300412 0.0285441
0 0.45658 0.28721 0.0382012 0.0358567
0 0.835706 0.274782 0.0253472 0.0246007
0 0.776368 0.121251 0.0233426 0.0227313
0 0.901765 0.480479 0.0575521 0.0565817
0 0.831594 0.790307 0.132747 0.115511
0 0.919133 0.610192 0.161584 0.215454
0 0.246017 0.812223 0.0544019 0.0502014
0 0.0581681 0.516039 0.116336 0.161676
0 0.217249 0.785531 0.0289152 0.0254073
0 0.958515 0.378505 0.08297 0.248449
0 0.595816 0.273929 0.0386182 0.0349129
0 0.298898 0.986021 0.0466896 0.0279562
0 0.198177 0.4689 0.0233132 0.0221521
0 0.441479 0.337364 0.0252565 0.0231157
0 0.165645 0.344601 0.0235096 0.021693
