0 0.93044 0.14517 0.133681 0.123976
0 0.705629 0.186342 0.130625 0.118893
0 0.411138 0.394326 0.297981 0.270011
0 0.162478 0.040098 0.0595792 0.0585421
0 0.982139 0.0609321 0.0357228 0.0424022
0 0.644556 0.613355 0.0442574 0.0419858
0 0.289683 0.0790786 0.0428725 0.0416925
0 0.255258 0.855476 0.0371794 0.0362673
0 0.66225 0.432713 0.102884 0.097538
0 0.187898 0.0126165 0.0315665 0.0251892
0 0.986817 0.543721 0.0263662 0.042624
0 0.57368 0.933809 0.0304118 0.0294381
0 0.439405 0.689788 0.35695 0.349504
0 0.931521 0.987792 0.0310547 0.0244155
0 0.466331 0.342213 0.0255686 0.0243956
0 0.629145 0.683563 0.085748 0.0804622
0 0.656074 0.095553 0.0536382 0.0472989
0 0.90598 0.282927 0.0244428 0.0239114
0 0.358249 0.615245 0.0248644 0.0237355
0 0.773967 0.0812925 0.329976 0.162585
0 0.661849 0.918546 0.0260167 0.0250468
0 0.913602 0.0474525 0.0309364 0.0286152
0 0.832972 0.831632 0.0559502 0.0540488
0 0.901037 0.942331 0.0251649 0.0243241
0 0.788648 0.0612747 0.0250667 0.0229265
0 0.662245 0.98563 0.0254566 0.0250726
0 0.651765 0.835346 0.0354801 0.0350988
0 0.0463656 0.941583 0.0361417 0.0347581
0 0.649813 0.86126 0.0276839 0.0272281
0 0.897906 0.714102 0.028456 0.0277312
0 0.930069 0.354397 0.0263074 0.0256097
0 0.779478 0.980773 0.0510973 0.0379122
0 0.297852 0.354693 0.0227467 0.0222017
0 0.199898 0.816977 0.175001 0.175048
0 0.936051 0.698586 0.027083 0.026849
0 0.979239 0.886802 0.0408772 0.0424112
0 0.696451 0.279057 0.0758388 0.0695696
0 0.607097 0.94848 0.0229087 0.0225916
0 0.649795 0.793614 0.0576247 0.0537652
0 0.634771 0.344899 0.0478512 0.0441464
0 0.666045 0.483766 0.0441718 0.0422516
0 0.439508 0.187861 0.497642 0.373304
0 0.763417 0.731799 0.0236548 0.0230365
0 0.257463 0.698143 0.0475834 0.0458813
0 0.45247 0.161908 0.0428017 0.0422194
0 0.836432 0.769088 0.0321808 0.0298885
