0 0.335078 0.89448 0.0561789 0.0548227
0 0.839034 0.0656922 0.21605 0.131136
0 0.615017 0.6061 0.0375696 0.0357831
0 0.189419 0.221068 0.0414497 0.0389481
0 0.0548244 0.901301 0.0326765 0.0317881
0 0.122074 0.0862431 0.0348889 0.0328552
0 0.157749 0.172295 0.0342517 0.0327953
0 0.527075 0.881332 0.0256679 0.0252751
0 0.616428 0.404009 0.0275984 0.026352
0 0.893368 0.992627 0.0286895 0.0147451
0 0.33931 0.124874 0.0299726 0.028679
0 0.505738 0.255452 0.0260277 0.0244386
0 0.249981 0.462152 0.0247724 0.0240144
0 0.450902 0.127681 0.0241426 0.0231272
0 0.255499 0.240406 0.0242219 0.023518
0 0.833058 0.276403 0.0236088 0.0227196
0 0.237242 0.257269 0.0228533 0.0224474
0 0.341 0.0337488 0.0234817 0.0225681
0 0.107706 0.379346 0.0232577 0.0225112
0 0.942418 0.693769 0.022773 0.0220618
