0 0.842005 0.962996 0.0944151 0.0738885
0 0.164988 0.905218 0.329976 0.188208
0 0.489771 0.129905 0.0372434 0.0364817
0 0.941588 0.322335 0.0414867 0.0384181
0 0.802865 0.659988 0.0482566 0.0457418
0 0.105809 0.658471 0.0372138 0.0351244
0 0.301564 0.289798 0.0306373 0.0294964
0 0.251109 0.621558 0.038022 0.0373338
0 0.948284 0.0485484 0.0355321 0.0342274
0 0.060661 0.0598951 0.0766327 0.0711266
0 0.535712 0.266467 0.0279379 0.027389
0 0.156405 0.269387 0.0420856 0.0388306
0 0.0192164 0.02582 0.0332032 0.0312611
0 0.521259 0.0174045 0.0248501 0.0243428
0 0.308287 0.162362 0.0682064 0.0659031
0 0.190635 0.0194365 0.0761164 0.0387809
0 0.339401 0.327427 0.0250806 0.0242639
0 0.057935 0.190605 0.115564 0.198251
0 0.795174 0.409876 0.0307498 0.0287201
0 0.334471 0.438738 0.039961 0.0381503
0 0.573502 0.00690917 0.0278382 0.0137841
0 0.821606 0.453888 0.0356073 0.0345925
0 0.570262 0.523693 0.0239704 0.0234375
0 0.257494 0.425038 0.0371222 0.0353443
0 0.6152 0.641738 0.0295892 0.0289143
0 0.162471 0.409795 0.143212 0.13652
0 0.657543 0.827409 0.0515607 0.0493135
0 0.273641 0.30362 0.0243283 0.0235929
0 0.910334 0.194201 0.0957262 0.0895811
0 0.624453 0.674167 0.0360703 0.0344141
0 0.582939 0.489563 0.0252934 0.0242564
0 0.0285422 0.337351 0.0524988 0.0490252
0 0.222402 0.231598 0.0248412 0.0237204
0 0.61753 0.440221 0.0251783 0.0242978
0 0.559689 0.265332 0.243671 0.249139
0 0.448572 0.0116754 0.0524983 0.0232816
