0 0.589236 0.0796536 0.0801814 0.0593158
0 0.360702 0.0920901 0.343734 0.183871
0 0.252531 0.53628 0.0597581 0.0434281
0 0.0307647 0.080075 0.0451105 0.0345616
0 0.356268 0.325417 0.0721295 0.0546947
0 0.181088 0.962214 0.059678 0.0453608
0 0.0172393 0.190655 0.0344019 0.0563096
0 0.486997 0.733339 0.0719375 0.0518839
0 0.0304698 0.660412 0.0603596 0.050893
0 0.332146 0.354927 0.0330604 0.0246173
0 0.120356 0.980672 0.0444468 0.0336826
0 0.0556427 0.0548705 0.0314661 0.0236775
0 0.155571 0.817617 0.0326704 0.0246731
0 0.00897155 0.550824 0.0179431 0.0395076
0 0.0103615 0.253788 0.020723 0.0290547
0 0.147299 0.330259 0.0590025 0.0421687
0 0.554456 0.0219078 0.0410237 0.0305545
0 0.235985 0.343177 0.0338901 0.025516
0 0.0269521 0.340821 0.0301451 0.0234154
0 0.488778 0.670823 0.0737037 0.0529766
0 0.199507 0.787664 0.0457208 0.0348474
0 0.00623653 0.446846 0.0124731 0.0572279
0 0.229999 0.610427 0.039638 0.0295222
0 0.485897 0.902332 0.395661 0.194588
0 0.88283 0.0344858 0.167513 0.0684501
0 0.231555 0.580928 0.0297472 0.0234671
0 0.289678 0.0237214 0.0444781 0.033379
0 0.644637 0.0561456 0.0481648 0.036743
0 0.106155 0.705818 0.0304607 0.0230961
0 0.0291723 0.842651 0.0418903 0.0332518
0 0.271341 0.47305 0.0630972 0.0493979
0 0.321336 0.452017 0.0410251 0.0295247
0 0.279399 0.10596 0.0388126 0.0286562
0 0.387175 0.883976 0.0626585 0.0454308
0 0.238405 0.0492987 0.0357596 0.0266633
