0 0.783923 0.178168 0.065496 0.062605
0 0.0164679 0.0859521 0.0329005 0.0430881
0 0.981608 0.78076 0.0367834 0.0438936
0 0.486267 0.60714 0.0465695 0.0433714
0 0.368353 0.923103 0.0334234 0.0324461
0 0.149868 0.936572 0.0337938 0.0327447
0 0.650658 0.95615 0.236326 0.0877007
0 0.520585 0.175613 0.0329694 0.0313408
0 0.948074 0.588064 0.0383274 0.035848
0 0.107448 0.0777131 0.0402278 0.0385616
0 0.186672 0.716304 0.0501275 0.0486593
0 0.480721 0.563599 0.03092 0.0290375
0 0.104482 0.74701 0.0322952 0.0307232
0 0.0114164 0.604049 0.0227911 0.0253057
0 0.124978 0.789847 0.0547551 0.0512755
0 0.945401 0.985879 0.0368443 0.0282416
0 0.176868 0.993099 0.0302098 0.0138014
0 0.659466 0.602563 0.0278049 0.0262547
0 0.90261 0.178192 0.0333483 0.0332413
0 0.356769 0.656681 0.0278541 0.0261974
0 0.946247 0.107403 0.033581 0.0327555
0 0.208788 0.951081 0.0246465 0.0243315
0 0.267361 0.868266 0.0254432 0.0248851
0 0.752876 0.760557 0.0274052 0.0262526
0 0.52353 0.502883 0.0252774 0.023806
0 0.427145 0.348095 0.361678 0.310793
0 0.90076 0.148104 0.0289692 0.0287606
0 0.485364 0.961745 0.0250685 0.02455
0 0.462854 0.43974 0.0278048 0.0260548
0 0.0847736 0.198405 0.169475 0.217996
0 0.474713 0.324203 0.262177 0.264769
0 0.368305 0.679236 0.384593 0.321862
0 0.215635 0.659571 0.241247 0.2277
0 0.90839 0.929511 0.0315771 0.0302267
0 0.608567 0.438734 0.0247488 0.0237597
0 0.524381 0.341555 0.0273316 0.0266668
0 0.626532 0.239302 0.0235427 0.0229818
0 0.525847 0.855359 0.0260941 0.0250909
0 0.884574 0.125375 0.0311875 0.0311105
0 0.533057 0.050678 0.0251422 0.0241652
0 0.950522 0.550654 0.0236254 0.0230558
0 0.398783 0.372497 0.282282 0.256071
0 0.65305 0.805045 0.0568984 0.0525036
0 0.586032 0.270158 0.026322 0.0257523
0 0.86588 0.850132 0.0280619 0.0258981
0 0.706907 0.820764 0.0457034 0.0433931
0 0.0627846 0.147463 0.0229796 0.021981
