0 0.678101 0.437075 0.562934 0.581219
0 0.187037 0.314568 0.340656 0.292054
0 0.1172 0.643518 0.0693686 0.067008
0 0.221013 0.328517 0.0369413 0.0333179
0 0.333997 0.815172 0.0476059 0.0462377
0 0.612003 0.759669 0.0378579 0.0359044
0 0.920725 0.853457 0.0428192 0.0400607
0 0.351534 0.854852 0.0409003 0.0392941
0 0.662258 0.54756 0.0355333 0.0343537
0 0.439548 0.178352 0.0323102 0.0307075
0 0.680478 0.899307 0.0445781 0.0436762
0 0.133546 0.912948 0.155025 0.154108
0 0.78747 0.730609 0.0346984 0.0332298
0 0.742158 0.319812 0.0283177 0.0271281
0 0.889492 0.799972 0.0779479 0.0750835
0 0.921227 0.750029 0.0428295 0.0404727
0 0.0890325 0.482565 0.178065 0.177846
0 0.395849 0.416446 0.0349257 0.0337703
0 0.141693 0.759772 0.02611 0.0254807
0 0.80431 0.885365 0.0414957 0.0395428
0 0.238678 0.024671 0.0293538 0.0279994
0 0.811791 0.843791 0.0252773 0.0242138
0 0.418366 0.706497 0.0286354 0.0276542
0 0.420396 0.771298 0.0312251 0.0297005
0 0.3232 0.65573 0.0350899 0.0338885
0 0.0149748 0.417336 0.0299417 0.16326
0 0.00848556 0.0477308 0.0169711 0.0315042
0 0.010077 0.753545 0.0201539 0.0320001
0 0.370805 0.198036 0.0266514 0.0256702
0 0.846634 0.203287 0.0267622 0.0256187
0 0.0515507 0.854444 0.103101 0.110952
0 0.524768 0.429713 0.0323521 0.0312964
0 0.476097 0.73534 0.0830285 0.0755005
0 0.79057 0.771904 0.120524 0.112105
0 0.542333 0.985247 0.0326393 0.0291434
0 0.623681 0.732478 0.0241804 0.023102
0 0.14276 0.769326 0.141678 0.135348
0 0.280634 0.593067 0.23752 0.206258
0 0.225095 0.906153 0.0245126 0.0238146
0 0.190736 0.809537 0.0236809 0.0233579
0 0.35679 0.382035 0.0566306 0.0519072
0 0.242924 0.133271 0.0236087 0.0227012
0 0.908887 0.0543226 0.181575 0.108284
0 0.0136517 0.015349 0.0273034 0.030698
0 0.177444 0.637087 0.0526331 0.0500569
0 0.359665 0.437811 0.0651873 0.0600598
0 0.0737992 0.167032 0.14714 0.203534
0 0.181036 0.693059 0.0284245 0.0272703
0 0.514718 0.769821 0.0240779 0.0230484
0 0.172012 0.0143512 0.0299147 0.0275183
0 0.567645 0.0314482 0.0255384 0.0255029
0 0.368822 0.316857 0.0849645 0.0770868
