0 0.092716 0.271299 0.182112 0.136522
0 0.844652 0.869658 0.203063 0.14667
0 0.163868 0.0737086 0.0645898 0.0484727
0 0.478062 0.50012 0.043188 0.0321944
0 0.499601 0.77496 0.0513227 0.0371881
0 0.217943 0.435553 0.060373 0.0472015
0 0.11009 0.585679 0.0539004 0.0397922
0 0.665643 0.6439 0.155905 0.111837
0 0.5706 0.0253022 0.0413811 0.0311096
0 0.543963 0.101362 0.0523013 0.0387
0 0.329983 0.505321 0.0342834 0.0252819
0 0.253189 0.596335 0.0339148 0.0254824
0 0.488151 0.27744 0.0349515 0.0264853
0 0.550903 0.949594 0.0566064 0.0426284
0 0.50312 0.154879 0.0438567 0.0315123
0 0.0448595 0.0833574 0.0307455 0.0235688
0 0.685846 0.840437 0.0376244 0.0285557
0 0.410446 0.115091 0.0418499 0.0330117
0 0.111394 0.784606 0.222788 0.269058
0 0.46505 0.32098 0.0348865 0.0266802
0 0.530149 0.182782 0.0335663 0.0250894
0 0.252325 0.273572 0.0304405 0.0231004
0 0.74022 0.939985 0.0862574 0.0656624
0 0.514233 0.82985 0.0389038 0.0292883
0 0.271807 0.398958 0.0298818 0.0231844
0 0.320675 0.225113 0.0555055 0.0425346
0 0.345453 0.151668 0.0293616 0.0226907
0 0.336059 0.869597 0.0369838 0.0268765
0 0.176408 0.895489 0.0364418 0.0289523
0 0.743602 0.147978 0.0434747 0.0337573
0 0.572449 0.590607 0.121357 0.0907416
0 0.892453 0.695519 0.0320027 0.0241735
0 0.621951 0.608356 0.0373869 0.0279883
0 0.682031 0.607811 0.0406746 0.0304272
0 0.5928 0.195491 0.232747 0.177926
0 0.941044 0.512385 0.117912 0.231231
0 0.541799 0.0073237 0.0336802 0.0145706
0 0.674623 0.936183 0.0436723 0.0327056
0 0.942675 0.232047 0.114649 0.222966
0 0.894314 0.732899 0.0376139 0.0300663
0 0.36077 0.355344 0.0318078 0.0247738
0 0.681507 0.140827 0.035289 0.0277
0 0.834884 0.794385 0.0302842 0.0229641
0 0.518614 0.899567 0.0310216 0.0230157
0 0.653404 0.00879469 0.0279554 0.0175894
0 0.0941043 0.730487 0.188209 0.16318
0 0.722949 0.796072 0.108622 0.0800789
0 0.322279 0.242365 0.032644 0.0269908
0 0.753542 0.164273 0.0294889 0.0226481
0 0.162085 0.195661 0.0307825 0.0230121
0 0.942484 0.723457 0.0643358 0.0494201
0 0.262139 0.0279838 0.0342419 0.0270895
