0 0.341051 0.450814 0.398006 0.392759
0 0.830419 0.576418 0.204424 0.193245
0 0.824049 0.309916 0.0918323 0.0833058
0 0.273192 0.786218 0.121625 0.113773
0 0.688025 0.636511 0.0946844 0.0882493
0 0.65754 0.733078 0.159059 0.150553
0 0.731304 0.348265 0.0737176 0.0668984
0 0.0796485 0.153656 0.0806339 0.0770519
0 0.349371 0.783348 0.0274139 0.0264044
0 0.753525 0.0814741 0.0365486 0.0345988
0 0.770574 0.171714 0.034461 0.0327676
0 0.172324 0.681403 0.0277762 0.0266859
0 0.604885 0.106429 0.0422256 0.0407969
0 0.500191 0.598085 0.148281 0.142343
0 0.52906 0.0689538 0.0301495 0.028851
0 0.828007 0.165977 0.0442516 0.0403744
0 0.962844 0.256895 0.0309424 0.0281224
0 0.659018 0.514075 0.177634 0.16338
0 0.740881 0.28674 0.0266206 0.0246879
0 0.758012 0.834857 0.174559 0.164334
0 0.954115 0.676564 0.0410492 0.0390642
0 0.284421 0.00949623 0.0254305 0.0189925
0 0.158973 0.650784 0.0242107 0.0231458
0 0.981947 0.645409 0.0358395 0.0744923
0 0.566451 0.0846335 0.0531521 0.0515634
0 0.616436 0.429684 0.0442493 0.0406666
0 0.58308 0.664812 0.0865362 0.078887
0 0.432094 0.774784 0.0234233 0.0223633
0 0.573244 0.669749 0.068517 0.0619659
0 0.832315 0.441643 0.207214 0.181049
0 0.49822 0.0323531 0.025325 0.0241388
0 0.0110052 0.478453 0.0219219 0.0246282
0 0.384469 0.984575 0.0637337 0.0306321
0 0.803901 0.178894 0.0329055 0.03035
0 0.767368 0.00400168 0.0258715 0.00799765
0 0.155308 0.0484761 0.0254465 0.0248254
0 0.355402 0.662384 0.029207 0.0278218
0 0.662673 0.0475687 0.0241239 0.0234341
0 0.941627 0.239046 0.0262954 0.0242747
0 0.184536 0.019326 0.127673 0.0385938
0 0.0870509 0.979608 0.022548 0.022231
0 0.540474 0.981402 0.0823135 0.0371872
0 0.587846 0.153105 0.0239837 0.0222645
0 0.538349 0.162691 0.0240805 0.0236506
0 0.637744 0.309371 0.0479531 0.0429061
0 0.612937 0.653184 0.0308412 0.0288124
