0 0.213024 0.0584509 0.075117 0.0711166
0 0.0805339 0.0730153 0.05925 0.0556768
0 0.339849 0.451474 0.0687199 0.0663678
0 0.304967 0.229003 0.0684499 0.0657316
0 0.437421 0.742099 0.0443632 0.043581
0 0.3881 0.948597 0.0526122 0.0531986
0 0.770334 0.525767 0.0331122 0.0321868
0 0.246013 0.75761 0.0879434 0.0856099
0 0.517166 0.812484 0.035555 0.0348086
0 0.282181 0.0927548 0.0271502 0.026508
0 0.50652 0.891102 0.0353143 0.0345872
0 0.463311 0.92254 0.0287068 0.0285681
0 0.545615 0.922086 0.05732 0.0556366
0 0.221725 0.663222 0.0334926 0.0328312
0 0.839001 0.3577 0.04928 0.0468989
0 0.678706 0.992002 0.0286364 0.0159966
0 0.663867 0.698213 0.077085 0.0746599
0 0.367922 0.867676 0.0252237 0.0250388
0 0.426971 0.654222 0.0255841 0.0253675
0 0.555087 0.739784 0.0335839 0.0333617
0 0.535381 0.772892 0.0242942 0.0242441
0 0.28214 0.41936 0.026536 0.025705
0 0.463379 0.16605 0.0308107 0.0298318
0 0.210971 0.551435 0.0281187 0.0273784
0 0.381606 0.238757 0.0276431 0.0268282
0 0.438499 0.97901 0.110013 0.0418549
0 0.423348 0.579329 0.0250952 0.0248234
0 0.618534 0.928867 0.0250808 0.024634
0 0.440995 0.208411 0.0485341 0.0474085
0 0.0208075 0.792389 0.0414885 0.0618536
0 0.914111 0.953451 0.0264877 0.0257759
0 0.215168 0.183034 0.0395827 0.0384319
0 0.349355 0.159152 0.086659 0.0837372
0 0.0848503 0.658192 0.161323 0.151667
0 0.241783 0.547005 0.0340275 0.0331736
0 0.124173 0.313722 0.0276052 0.0264389
0 0.0129429 0.421973 0.0257948 0.0291492
0 0.404995 0.288616 0.0261835 0.0256216
0 0.554699 0.174288 0.0370921 0.036139
0 0.3603 0.1181 0.0276921 0.0268553
0 0.63916 0.0716331 0.0395671 0.0373124
0 0.217472 0.212203 0.116445 0.11037
0 0.290594 0.166598 0.0408469 0.0403815
0 0.844628 0.992572 0.0374517 0.014856
0 0.470125 0.46552 0.0244643 0.023763
0 0.576965 0.559553 0.0442736 0.0434954
0 0.38013 0.431999 0.0264356 0.0257835
0 0.689441 0.118326 0.0287883 0.0274239
0 0.338981 0.786529 0.122825 0.119684
0 0.733265 0.499965 0.0237711 0.0231533
0 0.110884 0.742126 0.118343 0.11446
0 0.804164 0.916202 0.0237424 0.0227532
0 0.828613 0.0213639 0.138372 0.0426202
0 0.574207 0.702095 0.0240007 0.023827
0 0.799271 0.413813 0.401458 0.565355
0 0.793837 0.709205 0.0261514 0.0265234
0 0.88428 0.0972662 0.0243299 0.0238032
0 0.108886 0.834675 0.0734359 0.0712867
0 0.404966 0.0169601 0.163325 0.0338861
0 0.565488 0.578786 0.0791136 0.0779986
0 0.215986 0.0120054 0.105155 0.0239657
0 0.600103 0.868555 0.022743 0.0229905
0 0.802034 0.575984 0.0252344 0.0243244
0 0.490559 0.423641 0.0236016 0.0231707
0 0.561143 0.241049 0.0264816 0.025607
0 0.154172 0.0145739 0.0489629 0.0291477
0 0.239828 0.0850798 0.0234107 0.0225316
0 0.442289 0.238922 0.0430322 0.0416404
0 0.423694 0.525784 0.0443127 0.0427403
0 0.699815 0.0701948 0.169501 0.14039
0 0.487098 0.538926 0.0427263 0.0408332
0 0.0129795 0.890367 0.0234342 0.0240273
0 0.526644 0.26416 0.0253706 0.0249715
0 0.10988 0.897419 0.0596862 0.057457
