0 0.441132 0.534491 0.0466455 0.0424488
0 0.112512 0.288363 0.0301601 0.0274782
0 0.64926 0.913933 0.0313309 0.0287772
0 0.479665 0.252848 0.0383559 0.0334773
0 0.562441 0.127103 0.0316591 0.0287067
0 0.807567 0.177225 0.0264204 0.0249776
0 0.563076 0.264948 0.0356483 0.0317664
0 0.265174 0.215236 0.0294604 0.0259058
0 0.507094 0.150396 0.0311384 0.0265703
0 0.628625 0.39303 0.0268728 0.0244875
0 0.56544 0.326651 0.025668 0.0233345
0 0.62233 0.308253 0.0287378 0.0256295
0 0.317738 0.0136626 0.0390127 0.0273198
0 0.328556 0.0347783 0.0288233 0.0261165
0 0.327928 0.0841432 0.0255152 0.0231559
0 0.556168 0.0593788 0.0246522 0.0229651
0 0.59778 0.181351 0.0278935 0.0250696
0 0.707284 0.899286 0.024029 0.0221473
0 0.221428 0.213073 0.0234323 0.0215089
0 0.601223 0.242405 0.0245655 0.0222071
0 0.607295 0.868682 0.0240569 0.0220663
0 0.5083 0.641724 0.0225036 0.0214911
0 0.627177 0.323002 0.02474 0.0224844
0 0.659593 0.117882 0.0270925 0.0248732
