0 0.551942 0.202002 0.174568 0.134351
0 0.865131 0.435833 0.0839809 0.0643317
0 0.860336 0.076701 0.0518772 0.0406324
0 0.806175 0.844892 0.0481003 0.0380167
0 0.849502 0.721311 0.0556479 0.0441395
0 0.947456 0.310511 0.0340734 0.0265165
0 0.767719 0.83762 0.0419861 0.0324692
0 0.505458 0.103508 0.0365641 0.0278962
0 0.350748 0.700265 0.0358375 0.0277359
0 0.360734 0.117296 0.0308806 0.0239931
0 0.984185 0.200048 0.0315372 0.0331393
0 0.582483 0.375584 0.0300958 0.0232947
0 0.229466 0.683819 0.332632 0.254652
0 0.550443 0.660899 0.0339997 0.0262845
0 0.171174 0.968077 0.0335271 0.0254004
0 0.642353 0.684167 0.0305223 0.0241425
0 0.17502 0.328545 0.0315703 0.0236586
0 0.0130164 0.367635 0.0260125 0.0295762
0 0.442891 0.00644614 0.0319912 0.0128923
0 0.45647 0.298369 0.030706 0.0239357
0 0.254463 0.212051 0.0286332 0.0221157
0 0.803876 0.795697 0.0279231 0.0219069
0 0.205314 0.663744 0.0293583 0.0223691
0 0.7601 0.550207 0.262694 0.177528
0 0.138523 0.996027 0.0400886 0.00794678
0 0.408803 0.377327 0.0353041 0.0266037
0 0.317316 0.247767 0.02968 0.0229945
0 0.033778 0.351254 0.028251 0.0216737
0 0.109794 0.829887 0.0473575 0.0359561
0 0.137616 0.678949 0.026883 0.021592
0 0.719688 0.554017 0.195739 0.163299
