0 0.228401 0.110878 0.187592 0.182843
0 0.600277 0.81504 0.0868193 0.0863125
0 0.538406 0.409498 0.100954 0.0990057
0 0.414761 0.480714 0.0546002 0.0532284
0 0.877291 0.862267 0.0887694 0.0874591
0 0.472998 0.757595 0.0769076 0.0759821
0 0.175692 0.716065 0.0561777 0.0547428
0 0.319303 0.54846 0.0590091 0.0581113
0 0.805829 0.715988 0.0404148 0.0395352
0 0.217847 0.378665 0.0364156 0.0363881
0 0.38572 0.977101 0.040081 0.0396064
0 0.241953 0.978351 0.0381839 0.0380869
0 0.538801 0.743808 0.0310256 0.0308131
0 0.604348 0.624026 0.0451374 0.0439196
0 0.766389 0.920844 0.0574702 0.0565658
0 0.90674 0.939311 0.057768 0.0562287
0 0.903869 0.375584 0.0306768 0.0303206
0 0.896126 0.556795 0.0312673 0.029826
0 0.882572 0.661602 0.0364105 0.0350227
0 0.476559 0.899475 0.0330769 0.0322042
0 0.832918 0.0768239 0.062476 0.0600415
0 0.81066 0.782699 0.0292685 0.028642
0 0.583565 0.144412 0.0353074 0.0341785
0 0.93335 0.632229 0.0548944 0.0529755
0 0.420175 0.263326 0.102624 0.100477
0 0.66525 0.539582 0.0538578 0.0524918
0 0.254813 0.883809 0.0336283 0.0331747
0 0.121 0.868834 0.0250397 0.0249376
0 0.220067 0.522377 0.0277863 0.0271006
0 0.706819 0.704399 0.0300775 0.0292821
0 0.986712 0.634052 0.0265751 0.0416636
0 0.471179 0.972732 0.0260101 0.0252941
0 0.847962 0.323713 0.0273234 0.0268464
0 0.798668 0.331042 0.0357099 0.0350697
0 0.282961 0.563369 0.0245108 0.0243058
0 0.520881 0.363422 0.0440321 0.0437533
0 0.907847 0.230709 0.0308771 0.0302727
0 0.830114 0.699738 0.0255151 0.0245762
0 0.933022 0.793295 0.0280395 0.0272274
0 0.988014 0.543287 0.0239488 0.0302176
0 0.0232905 0.553363 0.04641 0.0584989
0 0.0859731 0.587365 0.0257085 0.0254352
0 0.536709 0.781981 0.0554299 0.054214
0 0.778698 0.459113 0.260049 0.247407
0 0.264989 0.329289 0.0886419 0.0900851
0 0.0933663 0.316024 0.0474695 0.0477376
0 0.617606 0.729424 0.0294306 0.028521
0 0.0793833 0.345996 0.0381482 0.0389107
0 0.89511 0.273288 0.0250931 0.0245026
0 0.26563 0.51215 0.0374188 0.0366302
0 0.592472 0.249339 0.0232057 0.0229398
0 0.654627 0.341118 0.0446818 0.0440572
0 0.948958 0.901935 0.0259954 0.0255886
0 0.0142967 0.524777 0.0285935 0.0444858
0 0.639029 0.296018 0.0446739 0.0442545
0 0.686093 0.95401 0.0471365 0.0465361
0 0.251425 0.554917 0.036815 0.0362105
0 0.953403 0.845177 0.0771319 0.0753069
0 0.637112 0.646199 0.0273432 0.0265566
0 0.302125 0.994125 0.0233364 0.0117497
0 0.0596971 0.397423 0.038597 0.0384373
0 0.622678 0.927401 0.0235009 0.0234159
0 0.830066 0.922941 0.0243914 0.0243781
0 0.702139 0.847855 0.105136 0.102643
0 0.217181 0.558688 0.0248728 0.0243218
0 0.233907 0.819225 0.463008 0.361325
0 0.319107 0.405619 0.0227954 0.0231096
0 0.754957 0.272495 0.0279179 0.0272483
0 0.505702 0.949281 0.0400732 0.0402342
0 0.184027 0.778841 0.0384908 0.0371228
0 0.22254 0.922059 0.0239865 0.0237045
0 0.0397607 0.690823 0.0746777 0.0740979
0 0.656744 0.115252 0.0229475 0.0225085
0 0.990354 0.0569855 0.0191206 0.0320151
0 0.602642 0.696224 0.0238903 0.0236269
0 0.667993 0.11214 0.278307 0.223547
0 0.94777 0.699844 0.0250115 0.0243778
0 0.616488 0.483349 0.0772567 0.0751149
0 0.72782 0.204145 0.0274038 0.0265311
0 0.0498425 0.304928 0.0479197 0.0470215
0 0.319914 0.609213 0.0722111 0.0700579
0 0.164065 0.418249 0.0248148 0.0242609
