0 0.278337 0.0623466 0.168765 0.124693
0 0.639244 0.970239 0.144433 0.0592031
0 0.597177 0.859536 0.0945301 0.0795951
0 0.461802 0.086792 0.0344839 0.0284394
0 0.827619 0.0448099 0.0478471 0.0380489
0 0.685666 0.457322 0.0783782 0.0618485
0 0.110723 0.694426 0.0352828 0.0287388
0 0.13559 0.324874 0.0459845 0.0359192
0 0.972925 0.803229 0.0477159 0.0379655
0 0.410321 0.364551 0.036128 0.029036
0 0.932923 0.446188 0.0823085 0.0660871
0 0.0798227 0.623561 0.033111 0.0263712
0 0.727741 0.792838 0.0331995 0.0267933
0 0.867639 0.0346104 0.032349 0.0257147
0 0.78298 0.0604934 0.0397561 0.0316495
0 0.361291 0.264766 0.0313914 0.025971
0 0.760388 0.0735173 0.0317375 0.0250289
0 0.932509 0.348084 0.0536981 0.0430452
0 0.609252 0.279828 0.0347102 0.0285435
0 0.776521 0.740833 0.0362859 0.0286523
0 0.132585 0.730084 0.0297395 0.0241952
0 0.934443 0.910843 0.130358 0.122405
0 0.675091 0.888472 0.358373 0.222913
0 0.845346 0.0937003 0.0355189 0.0292294
0 0.669598 0.578722 0.0808115 0.0641148
0 0.142095 0.764368 0.028689 0.0244856
0 0.506896 0.679872 0.0353983 0.0287402
0 0.330563 0.773854 0.424058 0.345692
0 0.370099 0.795568 0.0464513 0.0380583
0 0.795295 0.00407083 0.041913 0.00812378
0 0.335344 0.937855 0.0287625 0.0235083
0 0.139733 0.00759104 0.0427652 0.0151821
0 0.135426 0.87812 0.0479397 0.0397055
0 0.736896 0.191787 0.0341122 0.026944
0 0.50146 0.808449 0.0268543 0.0226759
0 0.284507 0.527444 0.0281124 0.0223162
0 0.363418 0.770254 0.0276069 0.0230215
0 0.766177 0.828187 0.0312303 0.0253016
0 0.46405 0.148001 0.026036 0.0219936
0 0.51582 0.505352 0.0284719 0.0233369
0 0.29601 0.0107302 0.0575985 0.0213775
0 0.936835 0.720297 0.0594506 0.046303
0 0.230811 0.876757 0.0571725 0.0467606
0 0.746465 0.210018 0.0316563 0.0247426
0 0.836383 0.246479 0.0601203 0.0478666
0 0.538911 0.00514328 0.0255666 0.0102866
0 0.127425 0.98971 0.025396 0.0205793
0 0.366623 0.610205 0.0918062 0.0681883
0 0.304052 0.349096 0.0283319 0.0229587
0 0.759995 0.0987368 0.028338 0.0233735
0 0.601274 0.526785 0.0872278 0.0714276
