0 0.964462 0.666307 0.0710754 0.0685484
0 0.686279 0.638736 0.103192 0.0861297
0 0.0257529 0.797407 0.0495818 0.042777
0 0.757062 0.351594 0.0463017 0.0383487
0 0.929356 0.755572 0.0494905 0.0409803
0 0.431756 0.132125 0.0328341 0.0299052
0 0.3544 0.384377 0.0442251 0.0377262
0 0.291876 0.274593 0.0312803 0.0275652
0 0.857875 0.716726 0.0392936 0.0322385
0 0.613244 0.719205 0.0712408 0.0606843
0 0.266099 0.907587 0.0260721 0.0242138
0 0.640166 0.50981 0.0938439 0.0808944
0 0.727472 0.825898 0.0411358 0.0342321
0 0.683469 0.570376 0.0767868 0.0649099
0 0.578331 0.495795 0.0478799 0.0414842
0 0.263815 0.642948 0.0404142 0.035356
0 0.165895 0.821553 0.0311435 0.0275465
0 0.265002 0.0998764 0.0754026 0.0641991
0 0.533684 0.478331 0.029264 0.0246294
0 0.624788 0.985145 0.0542955 0.0295954
0 0.616249 0.01916 0.0546766 0.0383201
0 0.701038 0.954228 0.0265319 0.0223517
0 0.530075 0.238684 0.126663 0.114922
0 0.938069 0.71455 0.0534334 0.042655
