0 0.709146 0.754065 0.294992 0.291559
0 0.621014 0.481086 0.250995 0.243737
0 0.18996 0.0534932 0.0614992 0.0587153
0 0.684052 0.514136 0.0590619 0.0568121
0 0.574118 0.352745 0.0703321 0.0658724
0 0.394354 0.603337 0.049631 0.0453502
0 0.0908975 0.429779 0.0351157 0.0326148
0 0.608376 0.318562 0.0378308 0.0356636
0 0.862823 0.750387 0.0602638 0.0558488
0 0.184564 0.888038 0.0428568 0.0405367
0 0.66081 0.0982379 0.0337083 0.032093
0 0.265491 0.10803 0.0518758 0.0496591
0 0.836508 0.585221 0.0510575 0.0482623
0 0.273137 0.280309 0.034175 0.0330667
0 0.417124 0.914836 0.0713022 0.0670505
0 0.898961 0.530032 0.0377195 0.0362875
0 0.628068 0.981286 0.0603704 0.0373203
0 0.597524 0.268191 0.0764837 0.0733729
0 0.77502 0.47138 0.143738 0.133994
0 0.211205 0.498917 0.0364481 0.0335259
0 0.0192619 0.708515 0.0366882 0.0343137
0 0.108468 0.0816906 0.0301455 0.0288123
0 0.724811 0.202181 0.0418591 0.0400612
0 0.183418 0.733154 0.0311093 0.028616
0 0.183588 0.633634 0.030802 0.0278196
0 0.286971 0.0757163 0.0541161 0.052377
0 0.282626 0.027213 0.0791325 0.0540536
0 0.159973 0.291087 0.0277131 0.0258661
0 0.842125 0.492647 0.028743 0.0273101
0 0.0631084 0.345032 0.0257153 0.024627
0 0.411965 0.708881 0.0302081 0.0276575
0 0.364495 0.861065 0.0372838 0.0352365
0 0.473962 0.320183 0.0298471 0.0284567
0 0.91053 0.564421 0.0452024 0.0429177
0 0.423446 0.836792 0.034981 0.0332426
0 0.248903 0.754926 0.0451467 0.0420673
0 0.0444702 0.894222 0.0534272 0.0508358
0 0.223808 0.256699 0.0291458 0.0280282
0 0.129338 0.374529 0.0301685 0.0286561
0 0.953457 0.542962 0.02715 0.0257375
0 0.118701 0.424268 0.0247826 0.0232344
0 0.714715 0.876371 0.0641283 0.0580369
0 0.113133 0.991236 0.0332169 0.0175287
0 0.0964988 0.393039 0.0289224 0.0273912
0 0.425011 0.731217 0.0316474 0.0289821
0 0.886291 0.0411264 0.0321064 0.0296953
0 0.32982 0.0951742 0.0363825 0.0351412
0 0.296082 0.546555 0.0284952 0.0264363
0 0.0930832 0.499409 0.0271488 0.0245529
0 0.0925704 0.628591 0.185141 0.185378
0 0.688816 0.14551 0.0246439 0.0235193
0 0.0990358 0.481853 0.0275675 0.0250558
0 0.32058 0.181351 0.0281668 0.027338
0 0.97525 0.959037 0.0490522 0.0660527
0 0.16972 0.852137 0.0255013 0.0243692
0 0.652957 0.689426 0.0258973 0.0250103
0 0.287163 0.52828 0.0272938 0.025152
0 0.471725 0.608004 0.0277378 0.02518
0 0.908893 0.718929 0.182213 0.325451
0 0.587454 0.835484 0.0543876 0.0490961
0 0.0454718 0.964343 0.0353634 0.0333992
0 0.1491 0.362912 0.0250831 0.0237632
0 0.074832 0.142799 0.0798629 0.0766022
0 0.0390287 0.306017 0.0243582 0.0230523
0 0.210295 0.662998 0.0248494 0.0232062
0 0.989234 0.597781 0.0215311 0.0316328
0 0.210856 0.121844 0.0281161 0.0267189
0 0.735256 0.114782 0.0236964 0.0227249
0 0.0311021 0.132672 0.0621558 0.116232
0 0.74947 0.894444 0.0260501 0.023545
0 0.40565 0.786686 0.0389217 0.0363538
0 0.10698 0.867671 0.0244719 0.0233233
0 0.418005 0.760713 0.026158 0.0236323
0 0.845161 0.471704 0.0233143 0.022388
0 0.372899 0.829113 0.0329273 0.0310014
0 0.990138 0.391513 0.0197234 0.0239562
0 0.0959565 0.96002 0.0378838 0.0357853
0 0.752026 0.952077 0.0260517 0.0232515
0 0.940547 0.939136 0.0397915 0.034903
0 0.765769 0.404637 0.0634363 0.0606031
0 0.632127 0.914062 0.0329228 0.0297129
0 0.260495 0.1895 0.0290726 0.0278521
0 0.0325425 0.343976 0.0239404 0.0224174
0 0.438875 0.394491 0.0236884 0.0227284
0 0.65743 0.924873 0.0255752 0.0230295
0 0.985656 0.76204 0.0274312 0.0260275
0 0.0236392 0.0192391 0.046987 0.0384782
0 0.00375847 0.623316 0.00751693 0.0296164
0 0.494652 0.623865 0.0248455 0.0234323
0 0.384766 0.884358 0.023792 0.0225985
0 0.210048 0.153168 0.0231617 0.0222927
0 0.052944 0.533384 0.0233386 0.0217929
0 0.160369 0.228692 0.0253243 0.0236674
0 0.874835 0.417231 0.0390105 0.0371825
0 0.346261 0.0733533 0.0236167 0.0226006
0 0.9415 0.885398 0.0479646 0.0427392
0 0.348945 0.959106 0.208202 0.0811057
0 0.84423 0.550007 0.0802229 0.0792255
0 0.222603 0.590815 0.0234179 0.0220133
0 0.162956 0.426141 0.0240336 0.0229907
0 0.0110481 0.288746 0.0219844 0.0242925
0 0.346151 0.101443 0.025975 0.0248785
0 0.494485 0.316122 0.0236007 0.0232275
0 0.237303 0.13287 0.0238264 0.0228776
0 0.904215 0.774981 0.0509196 0.045551
0 0.272795 0.604608 0.0241961 0.0222793
