0 0.602223 0.304468 0.0837791 0.0824317
0 0.444219 0.695485 0.0766258 0.0740557
0 0.474071 0.650543 0.0729018 0.0714381
0 0.654571 0.975965 0.0519741 0.048069
0 0.976662 0.795533 0.0455396 0.0462856
0 0.66703 0.447754 0.0655661 0.0643257
0 0.380281 0.579113 0.070393 0.0690878
0 0.407213 0.527264 0.0458914 0.0447636
0 0.291071 0.802051 0.0403433 0.0394756
0 0.279745 0.448512 0.039148 0.0391414
0 0.739581 0.304034 0.0405509 0.04014
0 0.499377 0.808921 0.0363587 0.0362191
0 0.611356 0.696229 0.0342885 0.0337827
0 0.330726 0.928699 0.0312101 0.0302579
0 0.520413 0.588989 0.0463676 0.0452841
0 0.52231 0.66512 0.0490561 0.0471597
0 0.548806 0.957566 0.0280075 0.027184
0 0.602191 0.405734 0.0414927 0.0405895
0 0.267286 0.509979 0.0422289 0.0414686
0 0.599674 0.0839672 0.027523 0.0266541
0 0.0399441 0.524925 0.0286943 0.028579
0 0.209699 0.939028 0.0355213 0.0346259
0 0.726888 0.941284 0.042473 0.0416283
0 0.807956 0.990321 0.0300304 0.0193575
0 0.928675 0.184255 0.031098 0.0305532
0 0.623776 0.7731 0.0351224 0.0348935
0 0.260637 0.856589 0.0355059 0.035483
0 0.560243 0.732885 0.0441688 0.0442407
0 0.81798 0.880923 0.040749 0.0397479
0 0.266708 0.411587 0.0326145 0.031943
0 0.254819 0.545067 0.0294936 0.0289834
0 0.713028 0.0174534 0.034292 0.0329533
0 0.514652 0.531061 0.0478591 0.0462417
0 0.231959 0.374312 0.0254024 0.0248941
0 0.675002 0.565682 0.0322351 0.0317609
0 0.194742 0.452125 0.0243088 0.0240334
0 0.747981 0.969162 0.0361159 0.0360655
0 0.635563 0.720229 0.0340975 0.0335479
0 0.699536 0.966414 0.0377935 0.0368521
0 0.263174 0.921695 0.030453 0.0302006
0 0.87636 0.164529 0.0332965 0.032759
0 0.346314 0.68808 0.025815 0.0252633
0 0.592398 0.753318 0.0307059 0.0302969
0 0.750573 0.987164 0.0243638 0.0233399
0 0.199044 0.986488 0.0303186 0.0264647
0 0.498638 0.0766381 0.196912 0.153276
0 0.981304 0.627737 0.0371113 0.0474401
0 0.620573 0.491621 0.035095 0.0351624
0 0.198031 0.669433 0.139554 0.137532
0 0.756294 0.368973 0.0301673 0.0294927
0 0.128222 0.769962 0.0402507 0.0389317
0 0.641549 0.693723 0.0268498 0.0264328
0 0.985297 0.198461 0.0293162 0.0373873
0 0.889956 0.92383 0.0736074 0.0708363
0 0.510987 0.432789 0.0276055 0.0263192
0 0.590576 0.668932 0.02596 0.0257291
