0 0.0483536 0.785368 0.096608 0.174517
0 0.558796 0.782993 0.0450461 0.0341619
0 0.662832 0.878038 0.144444 0.10659
0 0.120913 0.536028 0.241826 0.194883
0 0.529914 0.605832 0.0530727 0.0399892
0 0.735322 0.705983 0.0419405 0.0323741
0 0.624325 0.686846 0.0331674 0.0256646
0 0.310449 0.840469 0.120618 0.0909916
0 0.0521607 0.627032 0.0319656 0.0246096
0 0.216869 0.709993 0.0471762 0.0364397
0 0.803945 0.849804 0.261379 0.199826
0 0.727942 0.400697 0.544116 0.35484
0 0.976145 0.190791 0.0310206 0.0245686
0 0.145203 0.641532 0.03242 0.0256087
0 0.032786 0.112162 0.029802 0.02284
0 0.71628 0.292955 0.0306652 0.0238433
0 0.22526 0.859939 0.0667219 0.0518773
0 0.259016 0.903383 0.0670841 0.0504513
0 0.588579 0.780233 0.206273 0.151734
0 0.668336 0.951719 0.0473957 0.0365275
0 0.26139 0.968739 0.0687003 0.0530634
0 0.684865 0.697017 0.0552802 0.0430027
0 0.184583 0.534517 0.0289614 0.0229907
0 0.481295 0.503219 0.0307426 0.0238334
0 0.949736 0.89647 0.0611218 0.0469661
0 0.693971 0.243403 0.0502217 0.0362028
0 0.168157 0.990163 0.0327945 0.0195512
0 0.475665 0.600373 0.0302155 0.0231829
0 0.443126 0.54927 0.0508632 0.0396803
0 0.224652 0.660522 0.0381791 0.0299091
0 0.728341 0.992615 0.0307615 0.0147696
0 0.0270064 0.0886262 0.0274368 0.0212078
0 0.452682 0.192515 0.233844 0.169003
0 0.858774 0.269052 0.281643 0.279239
0 0.317358 0.270675 0.574035 0.541349
0 0.50071 0.963875 0.0860018 0.067224
0 0.724441 0.928721 0.0328074 0.0260244
0 0.997382 0.892193 0.00523701 0.0327378
0 0.950852 0.213295 0.0315308 0.0242934
0 0.941697 0.754887 0.0365999 0.0286824
0 0.879279 0.53819 0.0273535 0.0211959
0 0.782729 0.766003 0.0321347 0.0247928
0 0.239609 0.958946 0.113776 0.0812029
