0 0.687586 0.289299 0.0718246 0.0653138
0 0.972551 0.528735 0.0548979 0.117204
0 0.26893 0.801997 0.0957637 0.0884156
0 0.309128 0.946074 0.0941459 0.0855557
0 0.0976925 0.535302 0.161768 0.150348
0 0.0174393 0.206158 0.0348487 0.0325268
0 0.214397 0.924328 0.0420013 0.037904
0 0.751677 0.33212 0.0437586 0.0403911
0 0.795905 0.0756687 0.0592867 0.0553056
0 0.0705038 0.389478 0.0333629 0.030959
0 0.159334 0.499363 0.0627139 0.0588182
0 0.861609 0.397459 0.0441961 0.0414482
0 0.907087 0.670091 0.0273384 0.0269568
0 0.3034 0.644716 0.0925882 0.0854559
0 0.0258568 0.969359 0.0517053 0.0612827
0 0.403739 0.901808 0.0381153 0.0348837
0 0.0341823 0.0556038 0.0682924 0.0818241
0 0.883339 0.147909 0.0291109 0.0277885
0 0.0922878 0.84102 0.0492154 0.0440548
0 0.771552 0.179475 0.0440033 0.0426707
0 0.65905 0.411189 0.0289111 0.0273108
0 0.175141 0.834471 0.0998786 0.0906353
0 0.948279 0.253685 0.103441 0.323397
0 0.415528 0.0499839 0.079504 0.0702449
0 0.23848 0.612469 0.0598846 0.0554545
0 0.041109 0.905801 0.0630434 0.0559456
0 0.297832 0.317309 0.0257579 0.0243355
0 0.614155 0.902199 0.0858133 0.078799
0 0.497734 0.848865 0.0259663 0.0240928
0 0.356989 0.543438 0.0291175 0.0271199
0 0.843271 0.91569 0.0276627 0.0263534
0 0.900324 0.796537 0.0276704 0.0271072
0 0.317584 0.0615164 0.0409279 0.0366936
0 0.896242 0.0217592 0.0653719 0.0433481
0 0.780893 0.234718 0.0283937 0.0268319
0 0.421489 0.196093 0.0424147 0.0394282
0 0.656975 0.669972 0.0565317 0.0498235
0 0.216671 0.0490901 0.0482156 0.0436844
0 0.61195 0.139297 0.345121 0.278594
0 0.167135 0.751981 0.0834483 0.0758443
0 0.180956 0.26258 0.03993 0.0370844
0 0.597461 0.654371 0.027945 0.0259694
0 0.57098 0.592887 0.0298545 0.027571
0 0.213364 0.520069 0.028203 0.0271299
0 0.0794509 0.985319 0.0715765 0.0293616
0 0.126174 0.299806 0.0585446 0.0535785
0 0.979071 0.87427 0.0355972 0.0343302
0 0.40083 0.268877 0.0325528 0.0310874
0 0.268501 0.451945 0.0332354 0.0319376
0 0.40238 0.986121 0.0813706 0.0277575
0 0.25579 0.022555 0.0365789 0.0319367
0 0.287587 0.544645 0.0429444 0.0396261
0 0.0569604 0.276433 0.0356739 0.0323013
0 0.311232 0.509726 0.0304449 0.0282774
0 0.751121 0.461163 0.0388923 0.0362898
0 0.870979 0.800171 0.0248577 0.0245354
0 0.930252 0.764039 0.0254255 0.0253252
0 0.452304 0.512822 0.0404264 0.0387124
0 0.210095 0.207298 0.0279709 0.0256624
0 0.183557 0.979838 0.0781668 0.0403232
0 0.0801666 0.451543 0.0458915 0.0428666
0 0.756733 0.658547 0.0242565 0.023574
0 0.782391 0.416744 0.030544 0.0280398
0 0.788303 0.456482 0.0254895 0.023802
0 0.922417 0.479567 0.0339163 0.0323298
