0 0.60059 0.903793 0.176366 0.1703
0 0.183929 0.502362 0.367858 0.418818
0 0.557902 0.150806 0.0955812 0.0926193
0 0.377421 0.616151 0.0751524 0.0723472
0 0.757895 0.711896 0.0467267 0.0451334
0 0.380088 0.271635 0.0470407 0.0459569
0 0.938299 0.779056 0.0366019 0.0356155
0 0.796751 0.431247 0.0500505 0.0494134
0 0.568674 0.0845605 0.175408 0.167627
0 0.771509 0.272454 0.0389588 0.0383452
0 0.845478 0.547021 0.0402433 0.0392122
0 0.984196 0.907471 0.0316071 0.0426369
0 0.646328 0.480197 0.0272369 0.0270289
0 0.471473 0.552324 0.029858 0.0291741
0 0.51908 0.352458 0.0303632 0.0301054
0 0.121618 0.881831 0.0454556 0.0440366
0 0.0674423 0.946358 0.134885 0.10695
0 0.344593 0.017045 0.0401535 0.0339734
0 0.141714 0.0717678 0.0378029 0.0370418
0 0.321227 0.732689 0.0318657 0.0314771
0 0.282081 0.95448 0.0577023 0.056072
0 0.876139 0.86053 0.0293717 0.0286369
0 0.187551 0.753791 0.0307116 0.0298851
0 0.730853 0.803614 0.0250981 0.0246627
0 0.670663 0.258763 0.0242074 0.0241835
0 0.0329163 0.157888 0.0267243 0.0262496
0 0.157457 0.102223 0.0263526 0.0260516
0 0.650726 0.41627 0.0238898 0.02393
0 0.64946 0.239499 0.0412956 0.0405815
0 0.111673 0.251067 0.0389356 0.0387344
0 0.480774 0.683678 0.0271216 0.0268078
0 0.895087 0.478027 0.0293505 0.0283236
0 0.229017 0.823875 0.0413479 0.0402822
0 0.982705 0.648717 0.0344781 0.0400516
0 0.31874 0.765798 0.0253391 0.0247483
0 0.851624 0.920026 0.102394 0.0988859
0 0.827206 0.854242 0.0594894 0.0572179
0 0.855112 0.37032 0.0434635 0.042232
0 0.801244 0.322268 0.0275239 0.026545
0 0.517634 0.617685 0.026937 0.0265176
0 0.0931965 0.515172 0.0260559 0.0250614
0 0.722353 0.231061 0.0242207 0.0240545
0 0.357728 0.0953062 0.0248585 0.0251789
0 0.984919 0.687956 0.0300185 0.0748978
0 0.350597 0.320268 0.030115 0.0296278
0 0.342365 0.963527 0.0308672 0.0299195
0 0.697021 0.27563 0.0264594 0.0260115
0 0.854634 0.227804 0.0266913 0.0255827
0 0.382394 0.56239 0.0808171 0.0793176
0 0.65612 0.311296 0.0255711 0.0256969
0 0.887299 0.808735 0.0235909 0.02285
0 0.837698 0.581805 0.0245342 0.0240231
0 0.601259 0.198876 0.0260782 0.0258001
0 0.397793 0.0892971 0.0435032 0.0427022
0 0.686898 0.734635 0.0374715 0.035498
0 0.482578 0.510415 0.0229842 0.0222852
0 0.838404 0.599373 0.0236712 0.0233924
0 0.360974 0.0699698 0.0359024 0.0357893
0 0.606722 0.261982 0.0247499 0.024421
0 0.00649108 0.0122637 0.0129822 0.0232161
0 0.865403 0.729783 0.024265 0.0235269
0 0.354862 0.0610078 0.0528428 0.0501603
0 0.504571 0.236571 0.0290931 0.0286997
0 0.397265 0.148526 0.023534 0.0230592
0 0.288548 0.907016 0.0316017 0.0309215
0 0.977829 0.495002 0.0290386 0.0283587
0 0.77397 0.976451 0.125463 0.0470974
0 0.905409 0.142225 0.0349185 0.0341417
0 0.0405271 0.0786876 0.0294733 0.0294684
0 0.820267 0.939363 0.0230586 0.0224061
0 0.723996 0.136542 0.0242658 0.0237482
0 0.739826 0.294433 0.0301375 0.0299612
0 0.0411362 0.257578 0.0822723 0.244491
