0 0.80621 0.209472 0.163439 0.157369
0 0.51773 0.243347 0.301576 0.281819
0 0.107198 0.482408 0.0598635 0.057506
0 0.59575 0.71974 0.0853355 0.084555
0 0.509098 0.0267271 0.0717718 0.0534254
0 0.689379 0.937651 0.0328291 0.0321023
0 0.897688 0.0120864 0.0319641 0.0240912
0 0.0841733 0.356185 0.027674 0.0275921
0 0.167236 0.754231 0.037437 0.0362919
0 0.481785 0.851796 0.0390147 0.0387198
0 0.444348 0.618739 0.0288002 0.0281787
0 0.811343 0.886392 0.029732 0.0290747
0 0.781479 0.692406 0.0572672 0.056599
0 0.138903 0.221311 0.0257441 0.0256306
0 0.276877 0.273728 0.0265343 0.0259624
0 0.0453732 0.44894 0.0297904 0.0292202
0 0.136563 0.564716 0.0338356 0.0332189
0 0.0354407 0.728904 0.0362675 0.0355716
0 0.418072 0.488177 0.0323854 0.0316535
0 0.0494941 0.192427 0.025294 0.0248706
0 0.609866 0.380005 0.0301779 0.0297162
0 0.0245654 0.436913 0.025121 0.0253385
0 0.957751 0.429575 0.0431828 0.0420407
0 0.677542 0.781111 0.0569048 0.054869
0 0.884361 0.322417 0.106985 0.103501
0 0.16177 0.576545 0.0276212 0.0269099
0 0.280118 0.337101 0.0270215 0.0267768
0 0.123105 0.296159 0.0249096 0.0243603
0 0.538222 0.206687 0.0242945 0.0242452
0 0.911153 0.968836 0.0397842 0.0389051
0 0.00883944 0.293086 0.0176789 0.0251842
0 0.984491 0.914947 0.0308571 0.0769324
0 0.929202 0.867921 0.0250111 0.0245679
0 0.441851 0.843452 0.0435798 0.0422985
0 0.267113 0.649579 0.0234987 0.0233204
0 0.404604 0.543007 0.0329527 0.0327524
0 0.634245 0.979069 0.0306261 0.029743
0 0.742364 0.608675 0.0532767 0.0518723
0 0.25434 0.125425 0.12676 0.118582
0 0.941268 0.0822819 0.0285335 0.0272206
0 0.614954 0.106445 0.0518079 0.0491705
0 0.944193 0.898297 0.0262318 0.0249083
0 0.242613 0.320484 0.0237457 0.0236984
0 0.358298 0.845986 0.037342 0.0368705
0 0.808276 0.550241 0.0241571 0.0249424
0 0.490598 0.0852418 0.0353659 0.0346296
0 0.769788 0.347879 0.0243094 0.0238452
0 0.607645 0.42454 0.0239629 0.0235246
0 0.989998 0.82083 0.0198153 0.0415916
0 0.536768 0.559214 0.116636 0.112727
0 0.847135 0.736771 0.0240852 0.0241267
0 0.0964782 0.643181 0.0731656 0.0716004
0 0.435042 0.205929 0.0244971 0.0240574
0 0.318544 0.841116 0.026454 0.025846
0 0.220958 0.612727 0.026695 0.0261199
0 0.157451 0.674041 0.0511644 0.0500707
0 0.680822 0.567739 0.0924286 0.0906891
0 0.331771 0.047247 0.256506 0.0944762
0 0.492494 0.0637108 0.032894 0.0330447
0 0.937343 0.0465078 0.0876163 0.0853882
0 0.923429 0.589694 0.0231302 0.0225511
0 0.734352 0.399685 0.0636783 0.0595531
0 0.569312 0.457876 0.0240053 0.0233659
0 0.691452 0.489462 0.214339 0.221651
0 0.0392636 0.322094 0.0241666 0.0239961
0 0.69225 0.136955 0.02425 0.0235755
0 0.996072 0.0960931 0.00785685 0.0272136
0 0.912192 0.673462 0.0230427 0.023154
0 0.903683 0.950033 0.0251337 0.0250744
