0 0.732139 0.776314 0.047276 0.0461479
0 0.692137 0.155569 0.0386338 0.0375891
0 0.667912 0.7542 0.0453448 0.0442245
0 0.796519 0.185774 0.0340088 0.0333869
0 0.610561 0.471013 0.0348379 0.0344134
0 0.101441 0.959999 0.0299384 0.0290911
0 0.644839 0.525635 0.0369935 0.0365082
0 0.507279 0.220684 0.0313318 0.0303891
0 0.125443 0.578917 0.0357088 0.0350392
0 0.715384 0.849581 0.0296124 0.0293719
0 0.106451 0.537405 0.0359406 0.0348395
0 0.85335 0.187835 0.0302712 0.0297498
0 0.474055 0.741408 0.040355 0.0388748
0 0.453664 0.987798 0.0427287 0.0244034
0 0.969429 0.298586 0.0316022 0.030798
0 0.741914 0.501989 0.0276888 0.0267467
0 0.520201 0.295573 0.0270629 0.0263347
0 0.533412 0.035917 0.0283375 0.027382
0 0.0122242 0.765709 0.0244483 0.0355864
0 0.544963 0.216293 0.0238519 0.0234704
0 0.989775 0.531295 0.020309 0.0278945
0 0.995202 0.144664 0.00959625 0.0403585
0 0.602998 0.134931 0.0311222 0.0300774
0 0.484302 0.852872 0.0263223 0.0258961
0 0.677272 0.285084 0.0242808 0.0245247
0 0.218577 0.907864 0.0265829 0.0255612
0 0.306142 0.545134 0.0318556 0.0305433
0 0.935665 0.682758 0.0241488 0.0239897
0 0.736876 0.525659 0.0243919 0.0236391
0 0.915882 0.0331118 0.0245657 0.0245275
0 0.637349 0.611222 0.0449484 0.0448681
0 0.941892 0.266581 0.0281807 0.0273839
0 0.82772 0.113442 0.0277228 0.0274056
0 0.693512 0.382628 0.0236332 0.0233771
0 0.358214 0.610626 0.0271603 0.0266188
0 0.95253 0.170694 0.0364728 0.0354056
0 0.862852 0.160344 0.0230222 0.0228121
0 0.717101 0.888198 0.024276 0.023562
0 0.807738 0.0718759 0.0229784 0.0228627
0 0.668135 0.62827 0.0234733 0.0234848
0 0.023433 0.565909 0.0288598 0.0281792
0 0.260199 0.566978 0.0304369 0.029542
0 0.216492 0.961832 0.0237768 0.0231205
0 0.842856 0.685522 0.0225239 0.0225258
0 0.536578 0.316009 0.0246352 0.0240967
0 0.0728633 0.67781 0.030208 0.0294107
0 0.556497 0.0211149 0.0234497 0.0226296
0 0.919576 0.283634 0.0229657 0.0226763
0 0.129565 0.631684 0.0419323 0.0417969
0 0.862 0.222455 0.0222614 0.021967
0 0.237371 0.770206 0.0326364 0.0319228
0 0.307004 0.0917488 0.0234091 0.0224886
0 0.969018 0.190908 0.0277337 0.0269053
0 0.447031 0.646584 0.0242649 0.0239299
0 0.43433 0.606821 0.0309567 0.0301576
0 0.0167446 0.358662 0.0332647 0.0397071
