0 0.612079 0.325405 0.339423 0.271374
0 0.230923 0.600396 0.0952289 0.0800538
0 0.879638 0.609192 0.0421813 0.036485
0 0.54504 0.0685051 0.0406184 0.034795
0 0.23518 0.242262 0.0421955 0.0360591
0 0.343726 0.287999 0.0401144 0.033936
0 0.172715 0.947278 0.0420746 0.0352297
0 0.586286 0.655983 0.0331696 0.0290969
0 0.875481 0.369604 0.249038 0.351014
0 0.491143 0.231534 0.0314656 0.0273798
0 0.0153688 0.517457 0.0307376 0.0319066
0 0.949729 0.185929 0.0391124 0.0333603
0 0.663027 0.721482 0.0317185 0.0270586
0 0.0972228 0.992806 0.0352906 0.0143888
0 0.0281477 0.114636 0.029803 0.0260643
0 0.889701 0.572221 0.0418358 0.0365393
0 0.395411 0.883732 0.0284752 0.0256433
0 0.413195 0.744761 0.17267 0.154775
0 0.20041 0.321449 0.0310014 0.0259008
0 0.377502 0.0654794 0.133838 0.114287
0 0.969896 0.168888 0.0305278 0.026104
0 0.235242 0.191336 0.0281009 0.024623
0 0.140236 0.759617 0.0358191 0.030931
0 0.684878 0.247474 0.0391034 0.0328927
0 0.420733 0.337242 0.0289543 0.0251357
0 0.539387 0.00733694 0.0328896 0.0146354
0 0.61092 0.594877 0.0373783 0.0328844
0 0.659181 0.887797 0.0264337 0.0235969
0 0.941045 0.725501 0.117911 0.223034
0 0.62434 0.294828 0.045716 0.0375005
0 0.352208 0.60697 0.026633 0.0238442
0 0.821861 0.544601 0.10484 0.0895723
0 0.729006 0.966878 0.0319309 0.0291476
0 0.760022 0.12623 0.26496 0.229329
0 0.305669 0.0194058 0.0261289 0.0231268
0 0.55427 0.610874 0.026254 0.0231454
0 0.87223 0.656214 0.0615503 0.0541637
0 0.512354 0.0468578 0.0271747 0.0238751
0 0.966485 0.133846 0.0524106 0.0464635
0 0.888263 0.859478 0.0564111 0.0481845
0 0.914312 0.0960334 0.0581544 0.0506767
0 0.407277 0.466492 0.025854 0.0235344
0 0.424725 0.484087 0.145849 0.121401
0 0.296581 0.200281 0.0846505 0.0730461
0 0.992836 0.0822121 0.0143288 0.0241318
0 0.265739 0.713775 0.0723676 0.0611131
0 0.334597 0.820292 0.0783556 0.0710459
0 0.102288 0.899647 0.0862938 0.0744116
