0 0.15916 0.281988 0.0645035 0.06049
0 0.433555 0.453355 0.0704047 0.0688029
0 0.358341 0.202571 0.0554172 0.0525381
0 0.503546 0.637702 0.0395233 0.0387492
0 0.625093 0.863028 0.0467494 0.0441701
0 0.693408 0.905989 0.0621581 0.0588207
0 0.0429655 0.330454 0.0425562 0.0393769
0 0.239365 0.531563 0.0309327 0.0296125
0 0.0427352 0.384361 0.0328645 0.0301531
0 0.553574 0.590874 0.0358521 0.0351866
0 0.279021 0.228157 0.043595 0.0423155
0 0.504781 0.726925 0.0387318 0.0371706
0 0.598282 0.88827 0.033679 0.0321746
0 0.185272 0.112178 0.160307 0.151122
0 0.17764 0.192566 0.0370127 0.0347738
0 0.587593 0.769672 0.0765421 0.0735862
0 0.601779 0.229665 0.0267776 0.0257658
0 0.475901 0.222152 0.0276628 0.0267228
0 0.147059 0.89403 0.0248286 0.0241793
0 0.132054 0.245651 0.0272 0.0251678
0 0.407343 0.629796 0.0252515 0.0243568
0 0.303574 0.130298 0.033854 0.0324066
0 0.682673 0.875226 0.0258532 0.0247437
0 0.628587 0.298854 0.026526 0.0257413
0 0.430024 0.205131 0.058666 0.0572724
0 0.566209 0.0509724 0.031147 0.0294555
0 0.136903 0.0787207 0.0309888 0.0296212
0 0.0805871 0.0534095 0.0306105 0.0291125
0 0.509043 0.704907 0.0262156 0.026181
0 0.654198 0.743019 0.0281401 0.0267529
0 0.113033 0.464421 0.0258199 0.0241964
0 0.829133 0.389373 0.0261777 0.0254121
0 0.484787 0.577601 0.0236407 0.0232378
0 0.297475 0.378093 0.0275149 0.0265507
0 0.577664 0.698891 0.0242963 0.0236388
0 0.533496 0.821246 0.0235975 0.0229446
0 0.962573 0.924874 0.0382283 0.0352268
0 0.502018 0.167147 0.0296171 0.0286036
0 0.110134 0.378098 0.0280632 0.0265739
0 0.470009 0.494827 0.0232035 0.0225745
0 0.626675 0.705555 0.0236944 0.0231588
0 0.0702448 0.825304 0.0232204 0.0227284
0 0.99124 0.390976 0.01752 0.0234996
0 0.46532 0.306264 0.111399 0.103707
0 0.900562 0.7792 0.0518962 0.0493135
0 0.480108 0.517981 0.0230446 0.0229745
0 0.491912 0.532107 0.0251443 0.0251646
0 0.474863 0.732368 0.0427748 0.0420227
0 0.616657 0.488034 0.0426851 0.0410229
0 0.314236 0.22408 0.0294591 0.0289177
0 0.825477 0.829928 0.0880949 0.0830688
