0 0.621794 0.92353 0.142153 0.115815
0 0.339396 0.799591 0.181693 0.162324
0 0.18162 0.441289 0.0957137 0.0854629
0 0.461753 0.728337 0.129109 0.112251
0 0.337555 0.93881 0.139607 0.117887
0 0.882198 0.682869 0.0613748 0.0522564
0 0.221869 0.727294 0.0718135 0.0622129
0 0.500303 0.919597 0.0922859 0.0798854
0 0.0241233 0.22703 0.0482362 0.0614404
0 0.0638185 0.236797 0.0407621 0.0368129
0 0.551704 0.583401 0.0408555 0.0357168
0 0.577411 0.221194 0.046622 0.0375507
0 0.697967 0.763309 0.0467135 0.0393065
0 0.645652 0.141804 0.0419266 0.034199
0 0.887018 0.238755 0.225965 0.32085
0 0.0982355 0.373323 0.0331521 0.0288301
0 0.169037 0.0913829 0.0337692 0.0300982
0 0.259627 0.502792 0.0343216 0.0298601
0 0.947629 0.607039 0.0363607 0.0303733
0 0.278549 0.646197 0.0470573 0.0406611
0 0.455453 0.798423 0.0437206 0.0389166
0 0.188846 0.285431 0.0352274 0.0314888
0 0.193937 0.253977 0.0388548 0.0342356
0 0.196898 0.117018 0.0352205 0.0305446
0 0.68202 0.803752 0.0821133 0.0706895
0 0.196844 0.983377 0.0423656 0.0330984
0 0.532448 0.828182 0.150632 0.131297
0 0.305643 0.284192 0.0834789 0.0720454
0 0.539824 0.832371 0.0370245 0.030984
0 0.11277 0.0851991 0.0320892 0.029325
0 0.636487 0.807943 0.0377186 0.0318363
0 0.122725 0.313154 0.0300582 0.0269064
0 0.81153 0.468313 0.0322106 0.027308
0 0.289237 0.525451 0.091645 0.0795714
0 0.161924 0.784434 0.0433482 0.0378483
0 0.852407 0.802667 0.0297162 0.0250147
0 0.405706 0.887808 0.0568182 0.0497725
0 0.87451 0.76847 0.0281161 0.0241579
0 0.0176247 0.274283 0.0351443 0.0498941
0 0.0483618 0.0379182 0.026256 0.0242346
0 0.00658389 0.573108 0.0131678 0.0518505
0 0.77835 0.566218 0.0318953 0.0265534
0 0.542669 0.740137 0.0324645 0.0264843
0 0.476324 0.594837 0.052868 0.047157
0 0.281709 0.717556 0.0576349 0.0494491
0 0.782064 0.555191 0.434072 0.427328
0 0.192215 0.603921 0.0677441 0.057574
0 0.334033 0.6954 0.0555391 0.0493053
0 0.252112 0.665817 0.0403305 0.0353196
0 0.893078 0.482621 0.0297962 0.0252287
0 0.193365 0.161081 0.0321805 0.0290296
0 0.506134 0.672441 0.0581309 0.0493891
0 0.898867 0.578117 0.0262853 0.022733
0 0.339218 0.0831173 0.0298241 0.0264414
0 0.162746 0.176781 0.0263972 0.0233669
0 0.329196 0.651446 0.0443509 0.0377886
0 0.510723 0.956437 0.237247 0.0871264
0 0.412333 0.657849 0.10577 0.0928609
0 0.617633 0.0550983 0.0252804 0.0226552
0 0.827948 0.0038809 0.0291758 0.00775803
0 0.520098 0.236103 0.0431611 0.0376652
0 0.533817 0.790257 0.0872571 0.0766878
0 0.0685827 0.617179 0.0395266 0.0334558
0 0.245606 0.880717 0.0974888 0.0837489
0 0.721765 0.352217 0.0638731 0.0539749
0 0.598507 0.196827 0.0264012 0.022144
0 0.341269 0.362324 0.0453231 0.0375738
0 0.344214 0.984054 0.0996664 0.031892
0 0.316202 0.456506 0.0555906 0.049046
0 0.392412 0.326201 0.0654291 0.0545928
0 0.00318097 0.669867 0.00636194 0.0286376
0 0.652328 0.00339223 0.0331688 0.00676513
0 0.770309 0.624243 0.0529349 0.0470918
0 0.733355 0.0131639 0.0793667 0.0262962
0 0.544164 0.421724 0.0302665 0.0248778
0 0.140705 0.00540483 0.0238515 0.0108026
