0 0.344302 0.782819 0.0326623 0.0267371
0 0.284261 0.982652 0.0334586 0.0286188
0 0.0798909 0.232792 0.0323079 0.0288131
0 0.673895 0.602708 0.0301801 0.0248084
0 0.12367 0.145902 0.0375715 0.0346151
0 0.610354 0.351154 0.0320168 0.026197
0 0.190874 0.953817 0.0372873 0.0322943
0 0.360221 0.495351 0.0321341 0.0269289
0 0.640249 0.836564 0.0278673 0.0231288
0 0.00435642 0.561748 0.00871283 0.0285017
0 0.0100211 0.00592697 0.0198318 0.0118539
0 0.554347 0.751563 0.028681 0.0232995
0 0.44465 0.656305 0.0271505 0.0224201
0 0.0482109 0.275126 0.0248398 0.0225173
0 0.471297 0.484478 0.0267072 0.0224493
0 0.209144 0.906023 0.0346114 0.0290707
