0 0.850063 0.584017 0.0873699 0.0850714
0 0.349041 0.124359 0.066517 0.0639593
0 0.141137 0.779274 0.0534686 0.0518771
0 0.942909 0.324544 0.043711 0.0431015
0 0.803329 0.932634 0.0445209 0.0430322
0 0.0299489 0.198993 0.0551557 0.05399
0 0.298196 0.513784 0.0353146 0.0342973
0 0.417335 0.42175 0.0382481 0.0371347
0 0.072962 0.797591 0.0435696 0.0424019
0 0.481341 0.817919 0.0330882 0.031473
0 0.0530992 0.584397 0.0313896 0.0307021
0 0.42628 0.804656 0.0346579 0.0328793
0 0.464752 0.177052 0.0482275 0.0470117
0 0.412435 0.0896337 0.0378627 0.0371305
0 0.375914 0.842686 0.0318078 0.0311562
0 0.216252 0.25738 0.0374618 0.0367037
0 0.30444 0.0808747 0.0303291 0.0291556
0 0.206615 0.883441 0.0308043 0.0302037
0 0.201386 0.570461 0.0265073 0.0264834
0 0.555802 0.544722 0.0297784 0.028962
0 0.75016 0.131961 0.0259296 0.0254222
0 0.228927 0.657716 0.0271965 0.0265304
0 0.64364 0.00981645 0.0301163 0.0196287
0 0.191805 0.646519 0.0254414 0.0248983
0 0.282158 0.676193 0.0304502 0.0299254
0 0.763937 0.252026 0.0310836 0.0304927
0 0.225721 0.78403 0.0303712 0.0298813
0 0.12796 0.552419 0.024534 0.0242358
0 0.870292 0.0187579 0.0301509 0.0297838
0 0.150612 0.860732 0.031352 0.0308044
0 0.492457 0.938595 0.024769 0.0242224
0 0.391242 0.402782 0.0281439 0.0275366
0 0.487028 0.606096 0.0257672 0.0252619
0 0.0196055 0.706174 0.0263387 0.0259683
0 0.0210696 0.249171 0.0367317 0.0351712
0 0.543926 0.960383 0.0250189 0.0240617
0 0.0299979 0.419644 0.0241143 0.0235074
0 0.328188 0.101034 0.210348 0.202068
0 0.150393 0.686915 0.0256206 0.0252318
0 0.660176 0.21127 0.0327417 0.0319873
0 0.547168 0.268289 0.063694 0.0618383
0 0.167082 0.516541 0.0251745 0.0249483
0 0.134778 0.709165 0.0267745 0.0255227
0 0.157119 0.928657 0.043383 0.0410195
0 0.935467 0.696694 0.0265324 0.0258503
0 0.55511 0.221195 0.056688 0.0555789
0 0.395025 0.274133 0.0296141 0.0291086
0 0.797454 0.0563959 0.0243118 0.0238409
0 0.244132 0.593464 0.0233249 0.0229073
0 0.955414 0.151332 0.0240674 0.0236617
0 0.60346 0.0435946 0.0264003 0.0256429
0 0.18378 0.220532 0.0275337 0.0267503
0 0.0511753 0.761697 0.0243276 0.0240857
0 0.560244 0.0337284 0.0263703 0.025712
0 0.590174 0.397108 0.0269133 0.0272502
0 0.39305 0.673691 0.0229552 0.0224955
0 0.150961 0.908175 0.0260458 0.025835
0 0.0764105 0.773056 0.0252284 0.0247364
0 0.368014 0.778802 0.0237082 0.022841
0 0.977339 0.212081 0.0240791 0.023518
0 0.130454 0.61024 0.0225199 0.0220464
0 0.108632 0.807127 0.0286607 0.0280838
0 0.0135331 0.103076 0.0270662 0.0330664
0 0.0928782 0.00804184 0.0442069 0.0160837
0 0.322045 0.271506 0.0364642 0.0355276
0 0.240768 0.695157 0.0229293 0.0225511
0 0.573565 0.18942 0.0241277 0.0241889
0 0.0668232 0.306349 0.0244556 0.0240538
0 0.287294 0.872392 0.0266936 0.0255055
0 0.104695 0.607745 0.0217856 0.0215032
0 0.843321 0.0418877 0.0225654 0.0221816
0 0.221213 0.404834 0.0219002 0.0215032
0 0.0488147 0.956306 0.0249565 0.0241564
0 0.212855 0.74541 0.0218974 0.0215447
0 0.193862 0.971802 0.024752 0.0242204
0 0.211021 0.457085 0.0222922 0.0219184
0 0.234524 0.366919 0.0223117 0.0219194
0 0.0108461 0.43155 0.0213107 0.0214106
0 0.0706813 0.830015 0.0261541 0.0251163
0 0.114628 0.684566 0.0223935 0.02175
0 0.283524 0.259102 0.0443919 0.0428374
0 0.294747 0.563114 0.0207275 0.0205638
0 0.649966 0.963487 0.0234447 0.0223257
0 0.141363 0.665246 0.0221419 0.0216174
0 0.261439 0.448875 0.0215549 0.0211816
0 0.237233 0.503301 0.0228248 0.0224796
0 0.20718 0.20269 0.0267151 0.0263701
0 0.203531 0.0201099 0.044665 0.03966
0 0.667057 0.180195 0.0258102 0.0256063
0 0.429376 0.286356 0.0409887 0.0405301
0 0.525333 0.647602 0.0230449 0.0226582
0 0.301149 0.0160207 0.0423581 0.0320095
0 0.370356 0.207042 0.0371677 0.0369953
0 0.472141 0.0761979 0.0661052 0.0660455
0 0.209577 0.0652539 0.0335296 0.0328979
