0 0.073582 0.28714 0.147164 0.158722
0 0.424345 0.854942 0.211012 0.185151
0 0.620369 0.643662 0.113588 0.0985116
0 0.377684 0.597137 0.152495 0.136281
0 0.481663 0.42715 0.104135 0.0934231
0 0.903816 0.16196 0.04941 0.0455258
0 0.340492 0.931917 0.210657 0.136135
0 0.873761 0.855697 0.0838019 0.0761012
0 0.867732 0.524134 0.110368 0.099755
0 0.769706 0.456082 0.0349431 0.0315594
0 0.148218 0.781903 0.117563 0.103625
0 0.268141 0.51633 0.0676745 0.06166
0 0.7573 0.218151 0.123503 0.113829
0 0.730427 0.0169776 0.0723063 0.0339061
0 0.916876 0.592408 0.0634369 0.0564828
0 0.933578 0.527441 0.125154 0.107987
0 0.278913 0.444936 0.0987567 0.0884906
0 0.435386 0.69731 0.0519801 0.0458341
0 0.931966 0.0730841 0.0500414 0.0476273
0 0.190247 0.0565853 0.0521566 0.0492074
0 0.147947 0.548242 0.0397423 0.0356483
0 0.573471 0.365604 0.117317 0.110592
0 0.726246 0.17556 0.0332479 0.0310948
0 0.973736 0.0890821 0.0336461 0.0302102
0 0.367295 0.927212 0.0299873 0.0265967
0 0.0665039 0.574189 0.0385752 0.034562
0 0.954638 0.456363 0.0627499 0.0567762
0 0.853138 0.76511 0.0436988 0.0391414
0 0.221767 0.412875 0.0404856 0.0372591
0 0.364083 0.500707 0.0713782 0.0647211
0 0.885421 0.065533 0.0478712 0.04553
0 0.407866 0.454464 0.0543173 0.049753
0 0.578444 0.502081 0.176231 0.160188
0 0.17862 0.586452 0.036789 0.0334806
0 0.960774 0.134985 0.0564875 0.0510287
0 0.550053 0.564413 0.0535805 0.0475068
0 0.988076 0.0392208 0.0238477 0.0314438
0 0.848755 0.929728 0.182957 0.140545
0 0.571249 0.0459085 0.225607 0.0916433
0 0.946561 0.277512 0.0777478 0.0667645
0 0.197822 0.302891 0.0383835 0.0352777
0 0.687545 0.0600324 0.103163 0.0940625
0 0.990074 0.717757 0.0197853 0.027818
0 0.223586 0.246726 0.111397 0.101365
0 0.402508 0.159708 0.0382248 0.0341673
0 0.019965 0.519649 0.0319749 0.0287139
0 0.490942 0.12897 0.0942312 0.0847907
0 0.593301 0.171349 0.0536355 0.0493262
0 0.761182 0.536559 0.0617898 0.0567039
0 0.738631 0.908712 0.0265594 0.0248364
0 0.541791 0.291604 0.115991 0.105839
0 0.207272 0.371567 0.0853125 0.0784925
0 0.587563 0.135753 0.0254946 0.0237781
0 0.914261 0.370537 0.0295512 0.0269815
0 0.456839 0.496288 0.0627796 0.0578282
0 0.400138 0.420253 0.032534 0.0300795
0 0.591985 0.705626 0.0616732 0.0532799
0 0.312181 0.490215 0.033643 0.0308193
0 0.794526 0.0343055 0.0659921 0.0599387
0 0.308373 0.134079 0.0405991 0.036739
0 0.331217 0.338858 0.0307114 0.0280336
0 0.955275 0.778304 0.028414 0.0260878
0 0.424005 0.336769 0.121769 0.110382
0 0.980142 0.0614746 0.0270319 0.0248055
0 0.114861 0.871245 0.101345 0.0917047
0 0.681544 0.386618 0.0514565 0.0480574
0 0.746687 0.106907 0.11311 0.102653
0 0.826384 0.106533 0.0255533 0.023861
0 0.0849444 0.167438 0.0848239 0.0815319
0 0.824673 0.468398 0.0470037 0.0417259
0 0.505346 0.674042 0.0938462 0.085376
0 0.78358 0.833281 0.11873 0.101813
0 0.219648 0.544066 0.0248245 0.0229247
0 0.573313 0.175075 0.0930924 0.0863659
0 0.0235046 0.755144 0.026573 0.0242245
0 0.118431 0.937107 0.108117 0.0946868
0 0.440553 0.10131 0.0781235 0.0718476
0 0.287257 0.163989 0.0399278 0.0366549
0 0.324222 0.250889 0.0947291 0.0839725
0 0.91691 0.122514 0.0326645 0.030227
0 0.208109 0.881756 0.100312 0.0899435
0 0.134017 0.404184 0.0634646 0.0587871
0 0.222113 0.636443 0.0253834 0.0238659
0 0.499413 0.619308 0.0712738 0.0612133
0 0.414546 0.735324 0.0607293 0.0554619
0 0.440201 0.529304 0.0899447 0.0809609
0 0.950522 0.844341 0.0989559 0.123391
0 0.297535 0.364833 0.0311619 0.0285351
0 0.0377897 0.904107 0.0755795 0.112843
0 0.724891 0.303929 0.170655 0.154191
0 0.635953 0.387439 0.0297337 0.028403
0 0.946455 0.825396 0.0784323 0.0719765
0 0.238658 0.179262 0.0541338 0.0496691
0 0.165751 0.471321 0.123197 0.110921
0 0.560204 0.0090015 0.039242 0.0179776
0 0.885232 0.0121953 0.0325718 0.0243153
0 0.943005 0.323248 0.0326233 0.029835
