0 0.730774 0.7265 0.143601 0.112254
0 0.0896166 0.0920098 0.176967 0.14591
0 0.374922 0.299659 0.0778539 0.0614315
0 0.0609005 0.862676 0.0463959 0.0361254
0 0.42323 0.271467 0.0468054 0.035893
0 0.770744 0.551086 0.0897992 0.0699712
0 0.358701 0.424284 0.0411038 0.0319912
0 0.409216 0.555183 0.0512786 0.0401101
0 0.825643 0.148887 0.0633168 0.0492129
0 0.897806 0.519399 0.0484915 0.0384095
0 0.428601 0.36724 0.03192 0.0252886
0 0.693262 0.0406576 0.153259 0.0812462
0 0.503769 0.88101 0.0385419 0.0295911
0 0.541105 0.189867 0.0368203 0.0284514
0 0.825933 0.820818 0.032984 0.0258684
0 0.659093 0.639591 0.0324778 0.0251346
0 0.444536 0.438723 0.0348697 0.0273213
0 0.818844 0.499314 0.0357418 0.0284581
0 0.385733 0.386329 0.0326208 0.0255284
0 0.380354 0.0107297 0.0521905 0.0214594
0 0.244741 0.139176 0.0301808 0.0247813
0 0.090738 0.409026 0.0310663 0.0241723
0 0.391603 0.1322 0.071543 0.0540743
0 0.462072 0.542171 0.0417507 0.0332928
0 0.527611 0.246593 0.0288718 0.0228689
0 0.0765916 0.468472 0.0297727 0.0234237
0 0.830386 0.573726 0.0327888 0.0249925
0 0.0571883 0.928535 0.0313405 0.0242917
0 0.804785 0.295055 0.035603 0.0274599
0 0.0156143 0.307342 0.0312285 0.0333544
0 0.698128 0.459807 0.0470567 0.0362668
0 0.0766131 0.335414 0.0371987 0.0285485
0 0.196615 0.47323 0.0323689 0.0246298
0 0.463669 0.519219 0.034865 0.0280963
0 0.0471906 0.418152 0.0486191 0.0385766
0 0.4546 0.23197 0.0311091 0.024439
0 0.582163 0.493262 0.0286347 0.0228555
0 0.37431 0.447085 0.0280479 0.0221664
0 0.831871 0.0672268 0.044414 0.0347915
0 0.0182914 0.454439 0.0282066 0.0221529
0 0.894598 0.410096 0.0352303 0.0281241
0 0.70965 0.113888 0.0435557 0.0345449
0 0.226009 0.013828 0.0621313 0.0275689
0 0.0598642 0.290932 0.0570172 0.0443517
0 0.706184 0.496554 0.033806 0.0271361
0 0.99279 0.30726 0.0144196 0.0405443
0 0.931345 0.0969388 0.0544874 0.0433358
0 0.0307501 0.908438 0.0311359 0.0252557
0 0.0148322 0.598753 0.027548 0.0217611
0 0.534928 0.743814 0.0278614 0.0225608
0 0.485883 0.431198 0.0445438 0.0345494
0 0.862179 0.0784528 0.117546 0.0966871
0 0.488234 0.437235 0.0349131 0.026272
0 0.983027 0.712121 0.0269557 0.0223846
0 0.110599 0.18766 0.146017 0.125892
0 0.121535 0.600096 0.0556583 0.0450126
0 0.0803341 0.369983 0.0390949 0.0310941
0 0.201599 0.0496843 0.0698444 0.0561377
