0 0.740729 0.781807 0.10039 0.0972759
0 0.888883 0.498043 0.0852118 0.0841063
0 0.126785 0.770826 0.102053 0.101298
0 0.374499 0.055983 0.0505477 0.0500767
0 0.888075 0.646467 0.0883374 0.0859024
0 0.818428 0.148034 0.0699035 0.0690143
0 0.895054 0.895953 0.0900011 0.0889002
0 0.0582023 0.427309 0.0413996 0.0408335
0 0.968744 0.468368 0.0518627 0.0512483
0 0.161092 0.598431 0.0433009 0.0434561
0 0.32415 0.91208 0.0396277 0.0386968
0 0.869111 0.775428 0.0618546 0.0595029
0 0.93504 0.138019 0.0496993 0.0494544
0 0.615616 0.815699 0.0383509 0.0377596
0 0.711391 0.245573 0.0741239 0.0725758
0 0.619098 0.0235418 0.0513487 0.0470836
0 0.217098 0.681069 0.0478386 0.0476532
0 0.215975 0.627881 0.0465912 0.0460479
0 0.977337 0.306713 0.0451499 0.0607802
0 0.675784 0.84341 0.0789454 0.0768744
0 0.813524 0.987655 0.0271902 0.0246904
0 0.843768 0.715566 0.104381 0.100753
0 0.472212 0.0426684 0.0410443 0.0403491
0 0.487514 0.201846 0.0924619 0.0941058
0 0.511419 0.870444 0.0344284 0.0340267
0 0.283031 0.65127 0.0448398 0.0442276
0 0.149708 0.482039 0.0276082 0.0270929
0 0.416836 0.816769 0.026916 0.0269082
0 0.402118 0.292729 0.0318471 0.0316531
0 0.876532 0.440785 0.03631 0.0360198
0 0.982047 0.16595 0.035706 0.0429036
0 0.435982 0.349032 0.0529059 0.0524649
0 0.230517 0.365573 0.0497886 0.0486488
0 0.986297 0.744626 0.0271427 0.0909891
0 0.773445 0.476918 0.0396787 0.039149
0 0.149589 0.108751 0.299178 0.217501
0 0.90514 0.843691 0.031056 0.0301604
0 0.0625502 0.218818 0.0261111 0.0257177
0 0.259417 0.478349 0.0299572 0.0293729
0 0.308817 0.279639 0.0261973 0.0259162
0 0.743828 0.215937 0.0495584 0.0500812
0 0.788404 0.0825119 0.0406859 0.0396165
0 0.666573 0.753607 0.0277812 0.0272152
0 0.733062 0.325569 0.0461209 0.0449486
0 0.226514 0.315708 0.0257262 0.0251739
0 0.468843 0.866124 0.02333 0.0233088
0 0.262416 0.893472 0.0303252 0.0299574
0 0.26672 0.790706 0.024941 0.02493
0 0.241428 0.627451 0.0343047 0.0338907
0 0.270808 0.81494 0.0251929 0.0251389
0 0.108665 0.242923 0.0248515 0.0242152
0 0.316813 0.128018 0.0459348 0.045433
0 0.73635 0.944863 0.0256114 0.0253739
0 0.123967 0.596886 0.0392184 0.0391078
0 0.827611 0.464457 0.0740662 0.0735919
0 0.854794 0.829199 0.0387373 0.0384579
0 0.923667 0.237956 0.0301479 0.0295361
0 0.0693468 0.691662 0.0223909 0.0219712
0 0.991003 0.406711 0.0179111 0.0259359
0 0.568496 0.301953 0.0284373 0.0283
0 0.754479 0.0494341 0.0388927 0.0381784
0 0.023765 0.892256 0.0475301 0.0751825
0 0.835794 0.603099 0.0478394 0.0473321
0 0.0419587 0.691007 0.0307071 0.0293151
0 0.492397 0.622025 0.0295537 0.0288787
0 0.0249061 0.368357 0.0498123 0.0812653
0 0.798617 0.114772 0.0245261 0.0244927
0 0.462996 0.367111 0.0319097 0.0310621
0 0.178355 0.827586 0.0247093 0.0245588
0 0.756595 0.661063 0.0656373 0.0638957
0 0.745464 0.288936 0.0325704 0.0339977
0 0.796237 0.046889 0.0387657 0.0378339
0 0.646869 0.423338 0.0368625 0.0361053
0 0.879323 0.14593 0.0349078 0.0340389
0 0.484522 0.136784 0.0228689 0.0225792
0 0.534596 0.989675 0.0263994 0.02053
