0 0.712101 0.689307 0.0372569 0.0352019
0 0.402747 0.620848 0.0402828 0.0367599
0 0.246387 0.901073 0.030008 0.0281434
0 0.487792 0.229874 0.0274622 0.0250702
0 0.309451 0.554931 0.0266788 0.0246129
0 0.549726 0.492478 0.0278694 0.0254485
0 0.88458 0.253087 0.0250978 0.0237586
0 0.442421 0.216615 0.0282942 0.0260299
0 0.285132 0.535023 0.0265729 0.0246601
0 0.521278 0.0486212 0.0248888 0.0229129
0 0.409989 0.578906 0.0244794 0.0228772
0 0.499847 0.111387 0.026292 0.0242814
0 0.500823 0.194094 0.0244688 0.0229921
0 0.257155 0.751034 0.0358967 0.0340799
0 0.473656 0.412885 0.0254361 0.0240263
0 0.180526 0.423497 0.0277897 0.0254936
0 0.221801 0.00890683 0.0244816 0.0177879
0 0.294396 0.173233 0.0239778 0.0226828
0 0.593941 0.0619349 0.0265317 0.0244099
0 0.552942 0.409496 0.0309951 0.0287194
0 0.294577 0.761121 0.029835 0.0278683
0 0.242033 0.777084 0.0233761 0.0222658
0 0.527656 0.0295277 0.0246827 0.0233376
0 0.414282 0.18228 0.0230603 0.0215501
0 0.00802313 0.333365 0.0160463 0.0234243
0 0.373279 0.430508 0.025185 0.0234122
