0 0.347743 0.813182 0.274806 0.230074
0 0.884227 0.228469 0.0546513 0.0466748
0 0.53398 0.331491 0.0437514 0.0380616
0 0.425582 0.1123 0.0570178 0.046783
0 0.754834 0.814071 0.0426257 0.0364225
0 0.848623 0.706045 0.0481914 0.0392413
0 0.815863 0.755302 0.0451273 0.0380633
0 0.780573 0.614382 0.0345647 0.0296931
0 0.916515 0.783822 0.03841 0.0326593
0 0.0361319 0.772379 0.0295554 0.0261542
0 0.174777 0.964194 0.0454841 0.0401352
0 0.291021 0.277016 0.0321264 0.0268776
0 0.815839 0.848156 0.0326903 0.027507
0 0.00620198 0.919704 0.012404 0.0311707
0 0.776987 0.917713 0.0297165 0.0244618
0 0.778897 0.965343 0.0729577 0.0603589
0 0.859403 0.636104 0.028354 0.0235989
0 0.599088 0.712672 0.0305953 0.0259409
0 0.379885 0.0848638 0.034463 0.0289911
0 0.896175 0.742538 0.0271841 0.0231267
0 0.164881 0.213847 0.0292091 0.0244958
0 0.148292 0.0638896 0.0438977 0.0367525
0 0.0753214 0.546667 0.132242 0.120496
0 0.489658 0.650588 0.130061 0.107824
0 0.866843 0.757448 0.0388181 0.0337634
0 0.40078 0.0718411 0.0340788 0.0272395
0 0.419535 0.227153 0.0540037 0.044467
0 0.0733807 0.73006 0.0289986 0.0262942
0 0.905917 0.994804 0.0319001 0.0103926
0 0.0634425 0.45285 0.0621367 0.0534171
0 0.869279 0.918957 0.0418413 0.0352065
0 0.895274 0.0107425 0.0584173 0.0214663
