0 0.511533 0.112004 0.0730939 0.0568906
0 0.262481 0.0282987 0.144511 0.0565973
0 0.902058 0.740935 0.0598647 0.0477571
0 0.8493 0.288887 0.0412601 0.033388
0 0.921118 0.788797 0.0482974 0.038003
0 0.464985 0.314286 0.0451025 0.0339991
0 0.715849 0.521855 0.0706863 0.0574887
0 0.673863 0.263555 0.0342212 0.0257623
0 0.297418 0.827582 0.0351917 0.0267787
0 0.643283 0.918627 0.0316661 0.0244916
0 0.809242 0.455686 0.150312 0.119502
0 0.0576245 0.749885 0.0387985 0.029211
0 0.352317 0.208264 0.0303125 0.0232848
0 0.973032 0.109639 0.0301555 0.0234063
0 0.0802771 0.887738 0.0325671 0.0245667
0 0.842765 0.672477 0.0295844 0.0235749
0 0.803663 0.681396 0.0279481 0.0227919
0 0.374318 0.255074 0.0298069 0.0234294
0 0.338872 0.82438 0.0286717 0.0232322
0 0.923696 0.133205 0.0287955 0.0223053
0 0.482725 0.150657 0.0286106 0.0224059
0 0.822892 0.894321 0.0264381 0.0215483
0 0.73337 0.308775 0.0731814 0.0569847
0 0.474071 0.19473 0.0317636 0.0255972
0 0.370549 0.350078 0.0276856 0.0223051
0 0.688205 0.217005 0.0339971 0.0258937
0 0.706161 0.397869 0.0270107 0.0217785
0 0.476355 0.191079 0.037025 0.0306026
0 0.330143 0.88107 0.0286124 0.0222198
