0 0.749836 0.390668 0.0839641 0.0779011
0 0.12603 0.503384 0.135868 0.129214
0 0.241605 0.639048 0.120135 0.114957
0 0.29445 0.470014 0.129861 0.123198
0 0.452578 0.178357 0.0567907 0.0526999
0 0.17357 0.2403 0.0335913 0.0328085
0 0.258278 0.752135 0.038087 0.0372663
0 0.636046 0.376081 0.0325745 0.0306136
0 0.761108 0.0638488 0.042318 0.0401388
0 0.965895 0.456559 0.0682098 0.0746859
0 0.46109 0.550051 0.0297694 0.0282605
0 0.490701 0.0813212 0.0823287 0.075581
0 0.199947 0.407976 0.0672704 0.0654851
0 0.819954 0.226224 0.0376496 0.0353451
0 0.245038 0.700805 0.0398585 0.0385018
0 0.961289 0.0167915 0.0772519 0.033583
0 0.429741 0.90346 0.0291563 0.0280633
0 0.0247975 0.760504 0.0280925 0.0282717
0 0.34407 0.141359 0.0376861 0.0364878
0 0.847867 0.617425 0.0388319 0.0364545
0 0.306218 0.865131 0.0524987 0.0504563
0 0.93846 0.555821 0.0338378 0.0314162
0 0.291285 0.992367 0.0365093 0.0152663
0 0.250176 0.378973 0.0674655 0.0651126
0 0.952181 0.0868991 0.0956371 0.17151
0 0.282144 0.3427 0.0693666 0.0672145
0 0.232609 0.23954 0.0321523 0.031229
0 0.442154 0.00681148 0.0295885 0.013623
0 0.945194 0.172989 0.0308104 0.0293413
0 0.0680833 0.130724 0.0401787 0.039334
0 0.964919 0.501279 0.0521153 0.0494113
0 0.33669 0.519822 0.130516 0.12063
0 0.613945 0.0319748 0.0247814 0.0235363
0 0.756862 0.541772 0.0240679 0.0233693
0 0.379856 0.703577 0.0240154 0.0235646
0 0.092475 0.409097 0.0475789 0.0456545
0 0.205717 0.696199 0.0320423 0.0312101
0 0.853956 0.993967 0.0727965 0.0119926
0 0.95532 0.289284 0.0513434 0.04863
0 0.193409 0.180751 0.386819 0.361185
0 0.140923 0.730925 0.0241085 0.0235066
0 0.821023 0.522759 0.0670378 0.0605509
0 0.330869 0.305733 0.0259588 0.0261291
0 0.897452 0.925226 0.0296868 0.0274958
0 0.989796 0.657449 0.0204081 0.0930541
0 0.366527 0.0156797 0.0385053 0.0313583
0 0.0594304 0.441114 0.0474518 0.0465356
0 0.653635 0.293985 0.0417177 0.0397748
0 0.820402 0.68499 0.0370633 0.0354029
0 0.901563 0.13664 0.0311095 0.0296801
0 0.203986 0.166161 0.0234025 0.0232517
0 0.0666987 0.376934 0.0441617 0.0414741
0 0.996276 0.396704 0.00744905 0.0523392
0 0.150428 0.134323 0.0940107 0.0900448
0 0.0490987 0.802632 0.0665977 0.0655095
0 0.938144 0.609579 0.066843 0.0615959
0 0.151898 0.845409 0.0342625 0.0331024
0 0.958479 0.786125 0.0830212 0.120465
