0 0.11119 0.840535 0.0651837 0.0610362
0 0.546995 0.516832 0.115573 0.108261
0 0.659011 0.0260667 0.0588584 0.0505011
0 0.932807 0.518475 0.0304568 0.0294139
0 0.278389 0.205614 0.0300322 0.0286643
0 0.060999 0.968306 0.0258346 0.0250086
0 0.623798 0.0814532 0.0871537 0.0766656
0 0.521588 0.101298 0.0265863 0.0242337
0 0.861785 0.943373 0.0269563 0.0233726
0 0.79051 0.0970835 0.0370792 0.0321923
0 0.581623 0.135785 0.0723893 0.0642797
0 0.968355 0.658495 0.0300164 0.027339
0 0.80185 0.47828 0.0241344 0.0227763
0 0.328355 0.309541 0.030878 0.0302956
0 0.869449 0.776755 0.0276937 0.0241217
