0 0.329882 0.903168 0.24325 0.187985
0 0.204618 0.334774 0.402273 0.49415
0 0.645007 0.0849948 0.0382631 0.0324041
0 0.238234 0.964918 0.030755 0.0254391
0 0.130476 0.117142 0.121748 0.0957685
0 0.100579 0.983729 0.0476686 0.0323973
0 0.819336 0.688705 0.033246 0.0255713
0 0.925384 0.486553 0.149232 0.360517
0 0.728837 0.414226 0.0539491 0.0427539
0 0.561418 0.551809 0.0293615 0.0236297
0 0.565223 0.614945 0.0286942 0.0229998
0 0.0700622 0.967851 0.0374034 0.0303481
0 0.741989 0.379774 0.0460356 0.0371288
0 0.0751976 0.926873 0.0404252 0.0329837
0 0.368217 0.716468 0.0569685 0.0456166
0 0.26147 0.590413 0.0275722 0.0229577
0 0.477052 0.417324 0.0303969 0.023512
0 0.731812 0.223882 0.532733 0.290488
0 0.0220089 0.537761 0.0440179 0.164824
0 0.750327 0.537252 0.0436386 0.0347705
0 0.581881 0.0387335 0.345535 0.0767198
0 0.10968 0.460197 0.0840875 0.0605867
0 0.117412 0.0589705 0.234823 0.117941
